42
2.000000
2.500000e-01
0
-40.00
-10.00
0.49970517
0.00000000
121
-40.00,-39.75,-39.50,-39.25,-39.00,-38.75,-38.50,-38.25,-38.00,-37.75,-37.50,-37.25,-37.00,-36.75,-36.50,-36.25,-36.00,-35.75,-35.50,-35.25,-35.00,-34.75,-34.50,-34.25,-34.00,-33.75,-33.50,-33.25,-33.00,-32.75,-32.50,-32.25,-32.00,-31.75,-31.50,-31.25,-31.00,-30.75,-30.50,-30.25,-30.00,-29.75,-29.50,-29.25,-29.00,-28.75,-28.50,-28.25,-28.00,-27.75,-27.50,-27.25,-27.00,-26.75,-26.50,-26.25,-26.00,-25.75,-25.50,-25.25,-25.00,-24.75,-24.50,-24.25,-24.00,-23.75,-23.50,-23.25,-23.00,-22.75,-22.50,-22.25,-22.00,-21.75,-21.50,-21.25,-21.00,-20.75,-20.50,-20.25,-20.00,-19.75,-19.50,-19.25,-19.00,-18.75,-18.50,-18.25,-18.00,-17.75,-17.50,-17.25,-17.00,-16.75,-16.50,-16.25,-16.00,-15.75,-15.50,-15.25,-15.00,-14.75,-14.50,-14.25,-14.00,-13.75,-13.50,-13.25,-13.00,-12.75,-12.50,-12.25,-12.00,-11.75,-11.50,-11.25,-11.00,-10.75,-10.50,-10.25,-10.00
0.49937525,0.49950949,0.49937213,0.49970517,0.49954033,0.49910502,0.49898689,0.49898477,0.49864835,0.49842183,0.49868282,0.49828209,0.49808954,0.49790559,0.49738999,0.49751111,0.49742982,0.49682005,0.49698239,0.49634316,0.49591596,0.49547290,0.49539373,0.49492033,0.49428322,0.49401648,0.49319943,0.49303234,0.49230782,0.49215297,0.49112300,0.49048789,0.48992732,0.48934478,0.48895629,0.48812975,0.48767920,0.48660277,0.48569218,0.48546154,0.48417320,0.48370242,0.48268669,0.48119743,0.48052535,0.47887987,0.47763000,0.47688786,0.47541921,0.47409303,0.47249226,0.47068956,0.46914336,0.46718169,0.46542695,0.46367408,0.46189735,0.45964848,0.45718931,0.45454733,0.45209765,0.44932767,0.44653422,0.44357155,0.44059740,0.43734028,0.43372640,0.43024925,0.42628671,0.42224638,0.41823077,0.41366459,0.40896454,0.40426623,0.39908904,0.39358716,0.38809191,0.38241109,0.37643119,0.37037375,0.36373177,0.35635140,0.34996379,0.34216796,0.33487113,0.32652385,0.31830132,0.30940360,0.30065634,0.29116621,0.28141958,0.27104358,0.26092108,0.24987363,0.23810215,0.22608841,0.21400699,0.20065435,0.18635127,0.17161264,0.15619193,0.13896079,0.11943157,0.09821666,0.07390210,0.05081718,0.03014710,0.01519805,0.00652540,0.00240616,0.00081024,0.00019264,0.00005474,0.00001041,0.00000195,0.00000015,0.00000000,0.00000000,0.00000000,0.00000000,0.00000000
1
-14.00
-1.75
0.34194785
0.00000000
50
-14.00,-13.75,-13.50,-13.25,-13.00,-12.75,-12.50,-12.25,-12.00,-11.75,-11.50,-11.25,-11.00,-10.75,-10.50,-10.25,-10.00,-9.75,-9.50,-9.25,-9.00,-8.75,-8.50,-8.25,-8.00,-7.75,-7.50,-7.25,-7.00,-6.75,-6.50,-6.25,-6.00,-5.75,-5.50,-5.25,-5.00,-4.75,-4.50,-4.25,-4.00,-3.75,-3.50,-3.25,-3.00,-2.75,-2.50,-2.25,-2.00,-1.75
0.34194785,0.33729116,0.33266794,0.32783190,0.32288018,0.31776466,0.31250451,0.30724903,0.30153044,0.29585911,0.29001983,0.28414597,0.27788432,0.27131103,0.26458380,0.25792567,0.25085839,0.24355408,0.23608676,0.22817999,0.22030838,0.21187620,0.20313445,0.19426115,0.18473458,0.17458256,0.16411588,0.15296035,0.14106825,0.12830047,0.11420123,0.09897643,0.08296260,0.06659122,0.05032279,0.03570304,0.02360463,0.01419464,0.00783348,0.00402180,0.00179782,0.00077022,0.00028221,0.00010494,0.00003657,0.00001215,0.00000482,0.00000193,0.00000079,0.00000000
2
-10.00
1.25
0.32713643
0.00000000
46
-10.00,-9.75,-9.50,-9.25,-9.00,-8.75,-8.50,-8.25,-8.00,-7.75,-7.50,-7.25,-7.00,-6.75,-6.50,-6.25,-6.00,-5.75,-5.50,-5.25,-5.00,-4.75,-4.50,-4.25,-4.00,-3.75,-3.50,-3.25,-3.00,-2.75,-2.50,-2.25,-2.00,-1.75,-1.50,-1.25,-1.00,-0.75,-0.50,-0.25,0.00,0.25,0.50,0.75,1.00,1.25
0.32713643,0.32233075,0.31742796,0.31257448,0.30730500,0.30206457,0.29675116,0.29122047,0.28564542,0.27975458,0.27400785,0.26779443,0.26162064,0.25513180,0.24854363,0.24169178,0.23479941,0.22764494,0.22044084,0.21246326,0.20473429,0.19651686,0.18775820,0.17887862,0.16925835,0.15946395,0.14889767,0.13727014,0.12453529,0.10973164,0.09265006,0.07252208,0.05133636,0.03126518,0.01656787,0.00724593,0.00256500,0.00078390,0.00019627,0.00004331,0.00000739,0.00000112,0.00000032,0.00000008,0.00000017,0.00000000
3
-10.00
2.25
0.32726947
0.00000000
50
-10.00,-9.75,-9.50,-9.25,-9.00,-8.75,-8.50,-8.25,-8.00,-7.75,-7.50,-7.25,-7.00,-6.75,-6.50,-6.25,-6.00,-5.75,-5.50,-5.25,-5.00,-4.75,-4.50,-4.25,-4.00,-3.75,-3.50,-3.25,-3.00,-2.75,-2.50,-2.25,-2.00,-1.75,-1.50,-1.25,-1.00,-0.75,-0.50,-0.25,0.00,0.25,0.50,0.75,1.00,1.25,1.50,1.75,2.00,2.25
0.32726947,0.32245294,0.31790710,0.31288173,0.30792398,0.30286343,0.29748221,0.29216932,0.28672426,0.28095778,0.27544160,0.26932814,0.26338420,0.25762165,0.25122186,0.24498292,0.23871411,0.23208825,0.22533402,0.21880402,0.21188226,0.20478691,0.19753867,0.19023734,0.18293794,0.17520843,0.16740001,0.15939602,0.15120231,0.14272355,0.13384982,0.12481699,0.11528468,0.10500504,0.09406502,0.08158446,0.06727394,0.05080079,0.03375744,0.01896047,0.00897467,0.00346907,0.00111624,0.00030601,0.00007387,0.00001582,0.00000355,0.00000131,0.00000028,0.00000000
4
-10.00
3.75
0.32740069
0.00000000
56
-10.00,-9.75,-9.50,-9.25,-9.00,-8.75,-8.50,-8.25,-8.00,-7.75,-7.50,-7.25,-7.00,-6.75,-6.50,-6.25,-6.00,-5.75,-5.50,-5.25,-5.00,-4.75,-4.50,-4.25,-4.00,-3.75,-3.50,-3.25,-3.00,-2.75,-2.50,-2.25,-2.00,-1.75,-1.50,-1.25,-1.00,-0.75,-0.50,-0.25,0.00,0.25,0.50,0.75,1.00,1.25,1.50,1.75,2.00,2.25,2.50,2.75,3.00,3.25,3.50,3.75
0.32740069,0.32260495,0.31779951,0.31298990,0.30788499,0.30291449,0.29759404,0.29210993,0.28680975,0.28106830,0.27546007,0.26969789,0.26378849,0.25774226,0.25159213,0.24544755,0.23926638,0.23287830,0.22634702,0.22000457,0.21322318,0.20654672,0.19982334,0.19304353,0.18591370,0.17914376,0.17220289,0.16516705,0.15805843,0.15107549,0.14381864,0.13693923,0.12969544,0.12246817,0.11521764,0.10804168,0.10060591,0.09310495,0.08536510,0.07744974,0.06897165,0.05953769,0.04858148,0.03602803,0.02294638,0.01242322,0.00532271,0.00185499,0.00055127,0.00014114,0.00003000,0.00000726,0.00000138,0.00000028,0.00000010,0.00000000
5
-10.00
5.25
0.32739688
0.00000000
62
-10.00,-9.75,-9.50,-9.25,-9.00,-8.75,-8.50,-8.25,-8.00,-7.75,-7.50,-7.25,-7.00,-6.75,-6.50,-6.25,-6.00,-5.75,-5.50,-5.25,-5.00,-4.75,-4.50,-4.25,-4.00,-3.75,-3.50,-3.25,-3.00,-2.75,-2.50,-2.25,-2.00,-1.75,-1.50,-1.25,-1.00,-0.75,-0.50,-0.25,0.00,0.25,0.50,0.75,1.00,1.25,1.50,1.75,2.00,2.25,2.50,2.75,3.00,3.25,3.50,3.75,4.00,4.25,4.50,4.75,5.00,5.25
0.32739688,0.32260263,0.31781427,0.31295618,0.30802721,0.30277163,0.29744313,0.29216502,0.28680960,0.28115500,0.27547175,0.26977691,0.26369322,0.25777976,0.25182459,0.24556038,0.23912333,0.23279318,0.22636269,0.21986302,0.21327924,0.20652303,0.19981819,0.19308792,0.18611229,0.17910892,0.17231645,0.16535951,0.15829904,0.15123698,0.14426909,0.13734544,0.13018348,0.12323797,0.11631539,0.10921817,0.10221755,0.09517036,0.08803596,0.08095960,0.07378602,0.06640851,0.05896932,0.05114033,0.04287860,0.03388802,0.02450747,0.01558884,0.00844849,0.00387363,0.00156914,0.00053882,0.00018013,0.00004729,0.00001417,0.00000405,0.00000122,0.00000028,0.00000024,0.00000005,0.00000001,0.00000000
6
-10.00
6.25
0.32743492
0.00000000
66
-10.00,-9.75,-9.50,-9.25,-9.00,-8.75,-8.50,-8.25,-8.00,-7.75,-7.50,-7.25,-7.00,-6.75,-6.50,-6.25,-6.00,-5.75,-5.50,-5.25,-5.00,-4.75,-4.50,-4.25,-4.00,-3.75,-3.50,-3.25,-3.00,-2.75,-2.50,-2.25,-2.00,-1.75,-1.50,-1.25,-1.00,-0.75,-0.50,-0.25,0.00,0.25,0.50,0.75,1.00,1.25,1.50,1.75,2.00,2.25,2.50,2.75,3.00,3.25,3.50,3.75,4.00,4.25,4.50,4.75,5.00,5.25,5.50,5.75,6.00,6.25
0.32743492,0.32273394,0.31783616,0.31285045,0.30789550,0.30271733,0.29761410,0.29226523,0.28668442,0.28124595,0.27553952,0.26967646,0.26374852,0.25785378,0.25168450,0.24545273,0.23926714,0.23275434,0.22627604,0.21986241,0.21320833,0.20653577,0.19973706,0.19288070,0.18612552,0.17929784,0.17234176,0.16530546,0.15830385,0.15134694,0.14450448,0.13756108,0.13062993,0.12392131,0.11705336,0.11022434,0.10373913,0.09727815,0.09086656,0.08455439,0.07830170,0.07233190,0.06645762,0.06071218,0.05485612,0.04920632,0.04335313,0.03726257,0.03091495,0.02407419,0.01682080,0.01057430,0.00569926,0.00268277,0.00110444,0.00039751,0.00014684,0.00004799,0.00001489,0.00000472,0.00000183,0.00000084,0.00000016,0.00000019,0.00000004,0.00000000
7
-5.00
4.00
0.28589553
0.00000000
37
-5.00,-4.75,-4.50,-4.25,-4.00,-3.75,-3.50,-3.25,-3.00,-2.75,-2.50,-2.25,-2.00,-1.75,-1.50,-1.25,-1.00,-0.75,-0.50,-0.25,0.00,0.25,0.50,0.75,1.00,1.25,1.50,1.75,2.00,2.25,2.50,2.75,3.00,3.25,3.50,3.75,4.00
0.28589553,0.28003646,0.27412114,0.26805732,0.26163518,0.25551130,0.24893307,0.24206348,0.23505736,0.22784235,0.22062035,0.21275523,0.20491795,0.19664790,0.18821020,0.17928019,0.16987044,0.15977031,0.14930666,0.13770476,0.12520225,0.11041613,0.09354879,0.07342124,0.05184830,0.03221543,0.01702247,0.00755281,0.00268683,0.00081967,0.00020023,0.00004469,0.00000879,0.00000174,0.00000014,0.00000022,0.00000000
8
-5.00
5.25
0.28677707
0.00000000
42
-5.00,-4.75,-4.50,-4.25,-4.00,-3.75,-3.50,-3.25,-3.00,-2.75,-2.50,-2.25,-2.00,-1.75,-1.50,-1.25,-1.00,-0.75,-0.50,-0.25,0.00,0.25,0.50,0.75,1.00,1.25,1.50,1.75,2.00,2.25,2.50,2.75,3.00,3.25,3.50,3.75,4.00,4.25,4.50,4.75,5.00,5.25
0.28677707,0.28118954,0.27555090,0.26956537,0.26379233,0.25772043,0.25158225,0.24528718,0.23891212,0.23243276,0.22584340,0.21884012,0.21213714,0.20512065,0.19793387,0.19052947,0.18317062,0.17544556,0.16776400,0.15982528,0.15149167,0.14305656,0.13429512,0.12526551,0.11570500,0.10558311,0.09456230,0.08230228,0.06804664,0.05165833,0.03416993,0.01962384,0.00934685,0.00357001,0.00117287,0.00032270,0.00007468,0.00001718,0.00000276,0.00000073,0.00000011,0.00000000
9
-5.00
6.25
0.28699203
0.00000000
46
-5.00,-4.75,-4.50,-4.25,-4.00,-3.75,-3.50,-3.25,-3.00,-2.75,-2.50,-2.25,-2.00,-1.75,-1.50,-1.25,-1.00,-0.75,-0.50,-0.25,0.00,0.25,0.50,0.75,1.00,1.25,1.50,1.75,2.00,2.25,2.50,2.75,3.00,3.25,3.50,3.75,4.00,4.25,4.50,4.75,5.00,5.25,5.50,5.75,6.00,6.25
0.28699203,0.28125988,0.27571528,0.26999240,0.26399629,0.25807088,0.25190669,0.24577559,0.23957741,0.23303332,0.22672161,0.22009415,0.21355963,0.20681985,0.20001410,0.19334236,0.18632716,0.17947625,0.17252965,0.16545792,0.15836157,0.15135917,0.14422635,0.13703557,0.12995214,0.12294377,0.11555257,0.10820097,0.10098001,0.09349802,0.08570869,0.07777589,0.06936097,0.05993680,0.04915187,0.03647796,0.02338561,0.01262409,0.00555905,0.00195846,0.00057129,0.00014171,0.00003330,0.00000695,0.00000208,0.00000000
10
-5.00
8.25
0.28684078
0.00000000
54
-5.00,-4.75,-4.50,-4.25,-4.00,-3.75,-3.50,-3.25,-3.00,-2.75,-2.50,-2.25,-2.00,-1.75,-1.50,-1.25,-1.00,-0.75,-0.50,-0.25,0.00,0.25,0.50,0.75,1.00,1.25,1.50,1.75,2.00,2.25,2.50,2.75,3.00,3.25,3.50,3.75,4.00,4.25,4.50,4.75,5.00,5.25,5.50,5.75,6.00,6.25,6.50,6.75,7.00,7.25,7.50,7.75,8.00,8.25
0.28684078,0.28142262,0.27565013,0.26986832,0.26405732,0.25813234,0.25194438,0.24562666,0.23946759,0.23318914,0.22676643,0.21999275,0.21348015,0.20689781,0.20015711,0.19315420,0.18640112,0.17949885,0.17251721,0.16547686,0.15861626,0.15162288,0.14453579,0.13744831,0.13039036,0.12350330,0.11646240,0.10950960,0.10254580,0.09548807,0.08842092,0.08134553,0.07405970,0.06671502,0.05929791,0.05141206,0.04318283,0.03426112,0.02484506,0.01591326,0.00870336,0.00405430,0.00161774,0.00056314,0.00017337,0.00005180,0.00001510,0.00000362,0.00000161,0.00000044,0.00000014,0.00000002,0.00000001,0.00000000
11
-5.00
9.25
0.28697304
0.00000000
58
-5.00,-4.75,-4.50,-4.25,-4.00,-3.75,-3.50,-3.25,-3.00,-2.75,-2.50,-2.25,-2.00,-1.75,-1.50,-1.25,-1.00,-0.75,-0.50,-0.25,0.00,0.25,0.50,0.75,1.00,1.25,1.50,1.75,2.00,2.25,2.50,2.75,3.00,3.25,3.50,3.75,4.00,4.25,4.50,4.75,5.00,5.25,5.50,5.75,6.00,6.25,6.50,6.75,7.00,7.25,7.50,7.75,8.00,8.25,8.50,8.75,9.00,9.25
0.28697304,0.28149192,0.27578955,0.26997426,0.26393934,0.25795341,0.25197404,0.24581802,0.23957787,0.23313957,0.22671381,0.21999823,0.21355588,0.20681504,0.20011528,0.19320770,0.18641832,0.17948997,0.17257401,0.16566969,0.15866269,0.15176224,0.14468408,0.13780412,0.13080093,0.12408770,0.11731518,0.11062296,0.10400921,0.09744540,0.09107406,0.08490073,0.07860093,0.07264092,0.06677895,0.06088074,0.05512523,0.04939076,0.04355465,0.03758845,0.03116845,0.02434339,0.01722280,0.01078490,0.00590989,0.00276338,0.00116683,0.00041847,0.00015044,0.00004978,0.00001580,0.00000630,0.00000256,0.00000096,0.00000017,0.00000007,0.00000006,0.00000000
12
0.00
10.00
0.28631324
0.00000000
41
0.00,0.25,0.50,0.75,1.00,1.25,1.50,1.75,2.00,2.25,2.50,2.75,3.00,3.25,3.50,3.75,4.00,4.25,4.50,4.75,5.00,5.25,5.50,5.75,6.00,6.25,6.50,6.75,7.00,7.25,7.50,7.75,8.00,8.25,8.50,8.75,9.00,9.25,9.50,9.75,10.00
0.28631324,0.27994049,0.27344326,0.26715182,0.26033558,0.25384464,0.24708171,0.24031767,0.23355298,0.22620662,0.21896152,0.21168071,0.20423988,0.19677899,0.18900280,0.18096149,0.17267443,0.16385479,0.15476543,0.14499914,0.13472663,0.12316657,0.11019833,0.09488040,0.07737926,0.05759780,0.03852193,0.02299038,0.01185335,0.00551731,0.00221639,0.00082777,0.00025378,0.00007403,0.00001888,0.00000508,0.00000085,0.00000049,0.00000002,0.00000013,0.00000000
13
0.00
11.50
0.28699453
0.00000000
47
0.00,0.25,0.50,0.75,1.00,1.25,1.50,1.75,2.00,2.25,2.50,2.75,3.00,3.25,3.50,3.75,4.00,4.25,4.50,4.75,5.00,5.25,5.50,5.75,6.00,6.25,6.50,6.75,7.00,7.25,7.50,7.75,8.00,8.25,8.50,8.75,9.00,9.25,9.50,9.75,10.00,10.25,10.50,10.75,11.00,11.25,11.50
0.28699453,0.28087644,0.27466762,0.26844847,0.26210560,0.25568825,0.24936261,0.24290349,0.23644611,0.22985596,0.22355504,0.21700690,0.21042459,0.20398675,0.19743007,0.19081809,0.18430581,0.17789416,0.17105917,0.16428826,0.15767805,0.15078104,0.14367557,0.13644312,0.12888860,0.12125951,0.11331018,0.10495654,0.09583388,0.08614091,0.07468868,0.06161215,0.04702850,0.03203992,0.01961390,0.01050457,0.00473900,0.00199471,0.00069409,0.00020652,0.00006511,0.00001795,0.00000495,0.00000143,0.00000100,0.00000013,0.00000000
14
0.00
13.25
0.28715511
0.00000000
54
0.00,0.25,0.50,0.75,1.00,1.25,1.50,1.75,2.00,2.25,2.50,2.75,3.00,3.25,3.50,3.75,4.00,4.25,4.50,4.75,5.00,5.25,5.50,5.75,6.00,6.25,6.50,6.75,7.00,7.25,7.50,7.75,8.00,8.25,8.50,8.75,9.00,9.25,9.50,9.75,10.00,10.25,10.50,10.75,11.00,11.25,11.50,11.75,12.00,12.25,12.50,12.75,13.00,13.25
0.28715511,0.28123838,0.27493295,0.26871124,0.26255614,0.25618452,0.24977598,0.24357975,0.23730213,0.23097185,0.22470096,0.21848025,0.21222284,0.20588744,0.19988873,0.19375979,0.18763164,0.18164456,0.17581890,0.16990374,0.16396769,0.15823209,0.15249000,0.14673187,0.14087463,0.13519714,0.12936060,0.12364625,0.11786651,0.11201210,0.10606300,0.10006318,0.09392478,0.08752938,0.08096957,0.07418265,0.06679807,0.05864783,0.04934705,0.03825499,0.02641883,0.01593076,0.00844060,0.00373348,0.00142862,0.00046687,0.00013856,0.00004002,0.00000889,0.00000273,0.00000083,0.00000047,0.00000007,0.00000000
15
0.00
14.25
0.28728803
0.00000000
58
0.00,0.25,0.50,0.75,1.00,1.25,1.50,1.75,2.00,2.25,2.50,2.75,3.00,3.25,3.50,3.75,4.00,4.25,4.50,4.75,5.00,5.25,5.50,5.75,6.00,6.25,6.50,6.75,7.00,7.25,7.50,7.75,8.00,8.25,8.50,8.75,9.00,9.25,9.50,9.75,10.00,10.25,10.50,10.75,11.00,11.25,11.50,11.75,12.00,12.25,12.50,12.75,13.00,13.25,13.50,13.75,14.00,14.25
0.28728803,0.28108177,0.27478814,0.26876596,0.26245504,0.25609745,0.24990497,0.24354393,0.23720688,0.23094295,0.22462148,0.21838458,0.21208418,0.20597966,0.19997020,0.19374726,0.18777740,0.18180099,0.17573802,0.16989172,0.16414744,0.15833193,0.15251390,0.14684342,0.14130947,0.13546207,0.12988952,0.12419917,0.11867689,0.11304150,0.10735947,0.10169805,0.09601598,0.09018530,0.08436095,0.07847966,0.07244577,0.06624125,0.05986052,0.05338375,0.04631651,0.03877998,0.03069605,0.02234871,0.01466173,0.00839764,0.00422783,0.00195413,0.00075210,0.00028766,0.00009429,0.00003005,0.00000971,0.00000298,0.00000103,0.00000038,0.00000007,0.00000000
16
0.00
15.25
0.28712483
0.00000000
62
0.00,0.25,0.50,0.75,1.00,1.25,1.50,1.75,2.00,2.25,2.50,2.75,3.00,3.25,3.50,3.75,4.00,4.25,4.50,4.75,5.00,5.25,5.50,5.75,6.00,6.25,6.50,6.75,7.00,7.25,7.50,7.75,8.00,8.25,8.50,8.75,9.00,9.25,9.50,9.75,10.00,10.25,10.50,10.75,11.00,11.25,11.50,11.75,12.00,12.25,12.50,12.75,13.00,13.25,13.50,13.75,14.00,14.25,14.50,14.75,15.00,15.25
0.28712483,0.28112586,0.27482893,0.26871761,0.26239312,0.25630379,0.24984814,0.24351622,0.23726069,0.23096511,0.22461959,0.21844717,0.21222909,0.20617560,0.19985816,0.19382464,0.18789237,0.18174309,0.17575588,0.16985230,0.16414850,0.15842528,0.15277932,0.14711293,0.14144455,0.13591459,0.13032292,0.12493241,0.11940242,0.11396514,0.10857971,0.10331828,0.09823465,0.09285212,0.08782642,0.08257816,0.07760919,0.07255223,0.06758281,0.06262576,0.05773758,0.05283172,0.04779361,0.04284089,0.03753903,0.03190352,0.02594195,0.01968923,0.01341094,0.00821731,0.00456044,0.00220931,0.00094326,0.00040245,0.00015717,0.00005874,0.00001991,0.00000784,0.00000298,0.00000140,0.00000046,0.00000000
17
5.00
14.25
0.25751007
0.00000000
38
5.00,5.25,5.50,5.75,6.00,6.25,6.50,6.75,7.00,7.25,7.50,7.75,8.00,8.25,8.50,8.75,9.00,9.25,9.50,9.75,10.00,10.25,10.50,10.75,11.00,11.25,11.50,11.75,12.00,12.25,12.50,12.75,13.00,13.25,13.50,13.75,14.00,14.25
0.25751007,0.25144356,0.24523478,0.23898166,0.23258763,0.22614144,0.21944044,0.21297901,0.20601972,0.19907116,0.19206502,0.18457967,0.17714122,0.16961182,0.16168411,0.15340726,0.14474631,0.13566027,0.12615296,0.11549952,0.10349124,0.08957900,0.07367248,0.05601283,0.03866858,0.02422562,0.01364886,0.00699130,0.00328508,0.00146436,0.00060828,0.00020125,0.00007472,0.00002351,0.00000748,0.00000217,0.00000076,0.00000000
18
5.00
16.25
0.26226029
0.00000000
46
5.00,5.25,5.50,5.75,6.00,6.25,6.50,6.75,7.00,7.25,7.50,7.75,8.00,8.25,8.50,8.75,9.00,9.25,9.50,9.75,10.00,10.25,10.50,10.75,11.00,11.25,11.50,11.75,12.00,12.25,12.50,12.75,13.00,13.25,13.50,13.75,14.00,14.25,14.50,14.75,15.00,15.25,15.50,15.75,16.00,16.25
0.26226029,0.25659347,0.25097671,0.24531740,0.23947668,0.23377919,0.22798247,0.22222955,0.21623963,0.21034956,0.20441976,0.19849459,0.19244805,0.18650438,0.18045520,0.17443247,0.16830478,0.16229147,0.15598604,0.14964400,0.14345475,0.13683549,0.13030582,0.12357205,0.11663032,0.10940637,0.10182515,0.09385497,0.08510005,0.07513909,0.06403887,0.05119002,0.03772637,0.02528886,0.01550863,0.00852303,0.00422380,0.00202741,0.00083044,0.00031989,0.00012341,0.00004259,0.00001664,0.00000475,0.00000120,0.00000000
19
5.00
18.25
0.26233913
0.00000000
54
5.00,5.25,5.50,5.75,6.00,6.25,6.50,6.75,7.00,7.25,7.50,7.75,8.00,8.25,8.50,8.75,9.00,9.25,9.50,9.75,10.00,10.25,10.50,10.75,11.00,11.25,11.50,11.75,12.00,12.25,12.50,12.75,13.00,13.25,13.50,13.75,14.00,14.25,14.50,14.75,15.00,15.25,15.50,15.75,16.00,16.25,16.50,16.75,17.00,17.25,17.50,17.75,18.00,18.25
0.26233913,0.25704971,0.25132881,0.24567266,0.24005785,0.23435101,0.22888101,0.22316352,0.21745491,0.21171791,0.20615621,0.20054091,0.19488842,0.18947419,0.18406072,0.17845921,0.17322878,0.16794521,0.16263683,0.15734037,0.15230512,0.14717619,0.14221990,0.13720389,0.13221032,0.12728199,0.12231070,0.11735372,0.11241325,0.10731008,0.10232456,0.09728629,0.09198971,0.08665477,0.08108286,0.07523461,0.06918768,0.06263262,0.05526386,0.04663702,0.03657140,0.02648819,0.01701478,0.00994202,0.00510314,0.00233263,0.00102821,0.00036011,0.00012360,0.00004277,0.00001422,0.00000547,0.00000128,0.00000000
20
5.00
20.25
0.26250556
0.00000000
62
5.00,5.25,5.50,5.75,6.00,6.25,6.50,6.75,7.00,7.25,7.50,7.75,8.00,8.25,8.50,8.75,9.00,9.25,9.50,9.75,10.00,10.25,10.50,10.75,11.00,11.25,11.50,11.75,12.00,12.25,12.50,12.75,13.00,13.25,13.50,13.75,14.00,14.25,14.50,14.75,15.00,15.25,15.50,15.75,16.00,16.25,16.50,16.75,17.00,17.25,17.50,17.75,18.00,18.25,18.50,18.75,19.00,19.25,19.50,19.75,20.00,20.25
0.26250556,0.25688472,0.25129899,0.24570361,0.24007968,0.23446445,0.22884766,0.22327261,0.21750100,0.21174404,0.20617298,0.20047829,0.19490687,0.18949465,0.18397341,0.17855183,0.17321896,0.16794427,0.16271302,0.15749735,0.15243356,0.14736475,0.14245538,0.13758733,0.13267720,0.12784579,0.12307956,0.11819882,0.11351548,0.10874224,0.10402125,0.09929054,0.09447931,0.08961738,0.08473619,0.07973399,0.07475468,0.06967444,0.06432249,0.05892246,0.05331461,0.04738706,0.04100785,0.03418325,0.02694583,0.01955771,0.01298177,0.00793884,0.00426002,0.00212995,0.00091622,0.00040497,0.00015285,0.00006096,0.00002253,0.00000841,0.00000356,0.00000091,0.00000027,0.00000010,0.00000008,0.00000000
21
5.00
22.25
0.26260089
0.00000000
70
5.00,5.25,5.50,5.75,6.00,6.25,6.50,6.75,7.00,7.25,7.50,7.75,8.00,8.25,8.50,8.75,9.00,9.25,9.50,9.75,10.00,10.25,10.50,10.75,11.00,11.25,11.50,11.75,12.00,12.25,12.50,12.75,13.00,13.25,13.50,13.75,14.00,14.25,14.50,14.75,15.00,15.25,15.50,15.75,16.00,16.25,16.50,16.75,17.00,17.25,17.50,17.75,18.00,18.25,18.50,18.75,19.00,19.25,19.50,19.75,20.00,20.25,20.50,20.75,21.00,21.25,21.50,21.75,22.00,22.25
0.26260089,0.25686051,0.25129552,0.24583732,0.24008048,0.23444561,0.22863882,0.22315676,0.21753719,0.21166852,0.20620404,0.20057149,0.19485440,0.18952004,0.18411520,0.17853058,0.17326320,0.16808414,0.16282680,0.15751918,0.15256411,0.14757350,0.14266038,0.13786638,0.13306198,0.12836126,0.12363775,0.11918748,0.11455689,0.10998907,0.10565679,0.10138183,0.09694151,0.09264664,0.08840156,0.08426120,0.08002398,0.07581856,0.07164692,0.06751555,0.06331849,0.05916267,0.05499890,0.05074857,0.04646044,0.04205502,0.03738013,0.03252634,0.02708906,0.02134996,0.01575533,0.01052454,0.00638796,0.00358559,0.00179243,0.00082881,0.00033723,0.00014516,0.00005859,0.00002406,0.00000917,0.00000384,0.00000197,0.00000102,0.00000016,0.00000002,0.00000003,0.00000002,0.00000001,0.00000000
22
-5.00
1.00
0.20453497
0.00000000
25
-5.00,-4.75,-4.50,-4.25,-4.00,-3.75,-3.50,-3.25,-3.00,-2.75,-2.50,-2.25,-2.00,-1.75,-1.50,-1.25,-1.00,-0.75,-0.50,-0.25,0.00,0.25,0.50,0.75,1.00
0.20453497,0.19637025,0.18783929,0.17886133,0.16943506,0.15933374,0.14874252,0.13720584,0.12441544,0.10983642,0.09267557,0.07251888,0.05146364,0.03113500,0.01634081,0.00717081,0.00259098,0.00079014,0.00019445,0.00004111,0.00000830,0.00000142,0.00000022,0.00000000,0.00000000
23
-4.50
2.50
0.19762824
0.00000000
29
-4.50,-4.25,-4.00,-3.75,-3.50,-3.25,-3.00,-2.75,-2.50,-2.25,-2.00,-1.75,-1.50,-1.25,-1.00,-0.75,-0.50,-0.25,0.00,0.25,0.50,0.75,1.00,1.25,1.50,1.75,2.00,2.25,2.50
0.19762824,0.19021564,0.18285868,0.17527577,0.16737273,0.15937538,0.15130216,0.14261486,0.13405034,0.12486134,0.11519663,0.10507108,0.09402137,0.08173357,0.06725681,0.05083972,0.03361760,0.01900736,0.00901037,0.00347760,0.00114370,0.00031177,0.00007772,0.00001709,0.00000310,0.00000093,0.00000016,0.00000006,0.00000000
24
-4.00
4.00
0.18605662
0.00000000
33
-4.00,-3.75,-3.50,-3.25,-3.00,-2.75,-2.50,-2.25,-2.00,-1.75,-1.50,-1.25,-1.00,-0.75,-0.50,-0.25,0.00,0.25,0.50,0.75,1.00,1.25,1.50,1.75,2.00,2.25,2.50,2.75,3.00,3.25,3.50,3.75,4.00
0.18605662,0.17905611,0.17214179,0.16515229,0.15808706,0.15100796,0.14402205,0.13686689,0.12965642,0.12246997,0.11530526,0.10801476,0.10065667,0.09297243,0.08531044,0.07730889,0.06894491,0.05951666,0.04851502,0.03592574,0.02291913,0.01219706,0.00540539,0.00191652,0.00053396,0.00013794,0.00003225,0.00000641,0.00000134,0.00000032,0.00000009,0.00000001,0.00000000
25
-3.50
5.00
0.17218572
0.00000000
35
-3.50,-3.25,-3.00,-2.75,-2.50,-2.25,-2.00,-1.75,-1.50,-1.25,-1.00,-0.75,-0.50,-0.25,0.00,0.25,0.50,0.75,1.00,1.25,1.50,1.75,2.00,2.25,2.50,2.75,3.00,3.25,3.50,3.75,4.00,4.25,4.50,4.75,5.00
0.17218572,0.16527037,0.15821550,0.15125533,0.14425519,0.13721075,0.13023549,0.12327160,0.11626969,0.10920177,0.10218764,0.09518881,0.08810550,0.08092048,0.07380044,0.06642274,0.05886194,0.05114100,0.04291433,0.03389229,0.02448168,0.01551650,0.00853081,0.00393799,0.00155972,0.00057091,0.00016833,0.00004911,0.00001234,0.00000423,0.00000138,0.00000030,0.00000009,0.00000002,0.00000000
26
-3.00
6.25
0.15846025
0.00000000
38
-3.00,-2.75,-2.50,-2.25,-2.00,-1.75,-1.50,-1.25,-1.00,-0.75,-0.50,-0.25,0.00,0.25,0.50,0.75,1.00,1.25,1.50,1.75,2.00,2.25,2.50,2.75,3.00,3.25,3.50,3.75,4.00,4.25,4.50,4.75,5.00,5.25,5.50,5.75,6.00,6.25
0.15846025,0.15141085,0.14444400,0.13742849,0.13061298,0.12381073,0.11703385,0.11031022,0.10383748,0.09724129,0.09088848,0.08453735,0.07838734,0.07248150,0.06649747,0.06066148,0.05485463,0.04913617,0.04333145,0.03735644,0.03085940,0.02412190,0.01698427,0.01053762,0.00569319,0.00262195,0.00109144,0.00040979,0.00014444,0.00004587,0.00001574,0.00000544,0.00000212,0.00000054,0.00000054,0.00000008,0.00000009,0.00000000
27
-2.00
3.75
0.20504617
0.00000000
24
-2.00,-1.75,-1.50,-1.25,-1.00,-0.75,-0.50,-0.25,0.00,0.25,0.50,0.75,1.00,1.25,1.50,1.75,2.00,2.25,2.50,2.75,3.00,3.25,3.50,3.75
0.20504617,0.19662930,0.18823053,0.17928477,0.16982926,0.15998400,0.14923462,0.13778266,0.12526841,0.11038428,0.09350760,0.07332612,0.05204677,0.03216318,0.01699055,0.00738510,0.00269216,0.00081796,0.00022740,0.00004238,0.00000909,0.00000174,0.00000042,0.00000000
28
-1.50
5.25
0.19781900
0.00000000
28
-1.50,-1.25,-1.00,-0.75,-0.50,-0.25,0.00,0.25,0.50,0.75,1.00,1.25,1.50,1.75,2.00,2.25,2.50,2.75,3.00,3.25,3.50,3.75,4.00,4.25,4.50,4.75,5.00,5.25
0.19781900,0.19048572,0.18311327,0.17559647,0.16765181,0.15965169,0.15147039,0.14308080,0.13445002,0.12536191,0.11559610,0.10557323,0.09456486,0.08221472,0.06801091,0.05157071,0.03426008,0.01949912,0.00922201,0.00363068,0.00119984,0.00031957,0.00007967,0.00001739,0.00000421,0.00000073,0.00000007,0.00000000
29
-1.00
6.75
0.18615546
0.00000000
32
-1.00,-0.75,-0.50,-0.25,0.00,0.25,0.50,0.75,1.00,1.25,1.50,1.75,2.00,2.25,2.50,2.75,3.00,3.25,3.50,3.75,4.00,4.25,4.50,4.75,5.00,5.25,5.50,5.75,6.00,6.25,6.50,6.75
0.18615546,0.17938473,0.17243407,0.16541146,0.15835715,0.15133725,0.14433510,0.13717014,0.13003510,0.12288889,0.11555272,0.10817445,0.10094529,0.09332382,0.08567821,0.07774306,0.06920256,0.05990433,0.04919092,0.03662835,0.02346290,0.01255839,0.00545021,0.00196905,0.00059810,0.00014133,0.00003253,0.00000691,0.00000108,0.00000042,0.00000002,0.00000000
30
-0.50
8.25
0.17244230
0.00000000
36
-0.50,-0.25,0.00,0.25,0.50,0.75,1.00,1.25,1.50,1.75,2.00,2.25,2.50,2.75,3.00,3.25,3.50,3.75,4.00,4.25,4.50,4.75,5.00,5.25,5.50,5.75,6.00,6.25,6.50,6.75,7.00,7.25,7.50,7.75,8.00,8.25
0.17244230,0.16553548,0.15865616,0.15148731,0.14456128,0.13752428,0.13053697,0.12358967,0.11664596,0.10955814,0.10249260,0.09547408,0.08841064,0.08131755,0.07415122,0.06681911,0.05920230,0.05152459,0.04323289,0.03434298,0.02474741,0.01591012,0.00875385,0.00405012,0.00166517,0.00055418,0.00018053,0.00005008,0.00001487,0.00000469,0.00000100,0.00000018,0.00000007,0.00000002,0.00000000,0.00000000
31
0.00
9.25
0.15860888
0.00000000
38
0.00,0.25,0.50,0.75,1.00,1.25,1.50,1.75,2.00,2.25,2.50,2.75,3.00,3.25,3.50,3.75,4.00,4.25,4.50,4.75,5.00,5.25,5.50,5.75,6.00,6.25,6.50,6.75,7.00,7.25,7.50,7.75,8.00,8.25,8.50,8.75,9.00,9.25
0.15860888,0.15165764,0.14476438,0.13772592,0.13095279,0.12407642,0.11721262,0.11062226,0.10404979,0.09751622,0.09115790,0.08482859,0.07867435,0.07258635,0.06664890,0.06090424,0.05507313,0.04939110,0.04353157,0.03756080,0.03126854,0.02431903,0.01725484,0.01091029,0.00588123,0.00276591,0.00115178,0.00040680,0.00014685,0.00004897,0.00001644,0.00000558,0.00000179,0.00000097,0.00000013,0.00000013,0.00000004,0.00000000
32
2.00
9.75
0.23312341
0.00000000
32
2.00,2.25,2.50,2.75,3.00,3.25,3.50,3.75,4.00,4.25,4.50,4.75,5.00,5.25,5.50,5.75,6.00,6.25,6.50,6.75,7.00,7.25,7.50,7.75,8.00,8.25,8.50,8.75,9.00,9.25,9.50,9.75
0.23312341,0.22612827,0.21901908,0.21176245,0.20423763,0.19666030,0.18892186,0.18097180,0.17268721,0.16392302,0.15475912,0.14512910,0.13465331,0.12312541,0.11032425,0.09509015,0.07703987,0.05790822,0.03861260,0.02305952,0.01204018,0.00548920,0.00215685,0.00080504,0.00025307,0.00007134,0.00001894,0.00000512,0.00000125,0.00000047,0.00000011,0.00000000
33
2.50
11.50
0.22337678
0.00000000
37
2.50,2.75,3.00,3.25,3.50,3.75,4.00,4.25,4.50,4.75,5.00,5.25,5.50,5.75,6.00,6.25,6.50,6.75,7.00,7.25,7.50,7.75,8.00,8.25,8.50,8.75,9.00,9.25,9.50,9.75,10.00,10.25,10.50,10.75,11.00,11.25,11.50
0.22337678,0.21698157,0.21058236,0.20397516,0.19747205,0.19083989,0.18436306,0.17779715,0.17110907,0.16439021,0.15750253,0.15067528,0.14354466,0.13628413,0.12877263,0.12130771,0.11335357,0.10490986,0.09593352,0.08599061,0.07498218,0.06177794,0.04715783,0.03238799,0.01956628,0.01042482,0.00480184,0.00194991,0.00068346,0.00020676,0.00006503,0.00001681,0.00000445,0.00000110,0.00000042,0.00000026,0.00000000
34
3.00
13.75
0.21223482
0.00000000
44
3.00,3.25,3.50,3.75,4.00,4.25,4.50,4.75,5.00,5.25,5.50,5.75,6.00,6.25,6.50,6.75,7.00,7.25,7.50,7.75,8.00,8.25,8.50,8.75,9.00,9.25,9.50,9.75,10.00,10.25,10.50,10.75,11.00,11.25,11.50,11.75,12.00,12.25,12.50,12.75,13.00,13.25,13.50,13.75
0.21223482,0.20583049,0.19981840,0.19372357,0.18758314,0.18168721,0.17583463,0.16984221,0.16407884,0.15821459,0.15253490,0.14658587,0.14091033,0.13524010,0.12940990,0.12365506,0.11782535,0.11205603,0.10601993,0.10012509,0.09395121,0.08753832,0.08109719,0.07435109,0.06681847,0.05884597,0.04918763,0.03812472,0.02655944,0.01610465,0.00829221,0.00373491,0.00146685,0.00047379,0.00013773,0.00003851,0.00001001,0.00000295,0.00000078,0.00000023,0.00000010,0.00000003,0.00000001,0.00000000
35
3.50
14.75
0.19978983
0.00000000
46
3.50,3.75,4.00,4.25,4.50,4.75,5.00,5.25,5.50,5.75,6.00,6.25,6.50,6.75,7.00,7.25,7.50,7.75,8.00,8.25,8.50,8.75,9.00,9.25,9.50,9.75,10.00,10.25,10.50,10.75,11.00,11.25,11.50,11.75,12.00,12.25,12.50,12.75,13.00,13.25,13.50,13.75,14.00,14.25,14.50,14.75
0.19978983,0.19368138,0.18772423,0.18173873,0.17572567,0.16989008,0.16413689,0.15830727,0.15259551,0.14687540,0.14138251,0.13558619,0.12990046,0.12430246,0.11869993,0.11302671,0.10738910,0.10167750,0.09589867,0.09014545,0.08430543,0.07839115,0.07242202,0.06627522,0.05984400,0.05323549,0.04638983,0.03879839,0.03073233,0.02233990,0.01465478,0.00845630,0.00427947,0.00189626,0.00079893,0.00027300,0.00009279,0.00003209,0.00000947,0.00000418,0.00000126,0.00000045,0.00000013,0.00000002,0.00000002,0.00000000
36
4.00
16.50
0.18764957
0.00000000
51
4.00,4.25,4.50,4.75,5.00,5.25,5.50,5.75,6.00,6.25,6.50,6.75,7.00,7.25,7.50,7.75,8.00,8.25,8.50,8.75,9.00,9.25,9.50,9.75,10.00,10.25,10.50,10.75,11.00,11.25,11.50,11.75,12.00,12.25,12.50,12.75,13.00,13.25,13.50,13.75,14.00,14.25,14.50,14.75,15.00,15.25,15.50,15.75,16.00,16.25,16.50
0.18764957,0.18170663,0.17591265,0.16987093,0.16416335,0.15840785,0.15276206,0.14709055,0.14137895,0.13592776,0.13031280,0.12490156,0.11946138,0.11398059,0.10879160,0.10336630,0.09812770,0.09292679,0.08773755,0.08259438,0.07761943,0.07260870,0.06758509,0.06259988,0.05771340,0.05280846,0.04784668,0.04277854,0.03747440,0.03198919,0.02591512,0.01950720,0.01343600,0.00823654,0.00449715,0.00218004,0.00097080,0.00039665,0.00014777,0.00005602,0.00002179,0.00000739,0.00000248,0.00000128,0.00000042,0.00000027,0.00000002,0.00000001,0.00000000,0.00000001,0.00000000
37
7.00
14.75
0.20606200
0.00000000
32
7.00,7.25,7.50,7.75,8.00,8.25,8.50,8.75,9.00,9.25,9.50,9.75,10.00,10.25,10.50,10.75,11.00,11.25,11.50,11.75,12.00,12.25,12.50,12.75,13.00,13.25,13.50,13.75,14.00,14.25,14.50,14.75
0.20606200,0.19901668,0.19192712,0.18483756,0.17725308,0.16954262,0.16172880,0.15330248,0.14488341,0.13565557,0.12615220,0.11525026,0.10336968,0.08948327,0.07352136,0.05595095,0.03861873,0.02400477,0.01348154,0.00704005,0.00329340,0.00143254,0.00056066,0.00021988,0.00007819,0.00002318,0.00000842,0.00000203,0.00000085,0.00000019,0.00000005,0.00000000
38
7.50
17.00
0.20427888
0.00000000
39
7.50,7.75,8.00,8.25,8.50,8.75,9.00,9.25,9.50,9.75,10.00,10.25,10.50,10.75,11.00,11.25,11.50,11.75,12.00,12.25,12.50,12.75,13.00,13.25,13.50,13.75,14.00,14.25,14.50,14.75,15.00,15.25,15.50,15.75,16.00,16.25,16.50,16.75,17.00
0.20427888,0.19829231,0.19240982,0.18644335,0.18034971,0.17446104,0.16825216,0.16220398,0.15590903,0.14966198,0.14340719,0.13694121,0.13039579,0.12362775,0.11661209,0.10931290,0.10193200,0.09385890,0.08507453,0.07532147,0.06400582,0.05111414,0.03782134,0.02528307,0.01551775,0.00852959,0.00433578,0.00197043,0.00087183,0.00033764,0.00011435,0.00004273,0.00001487,0.00000551,0.00000199,0.00000017,0.00000024,0.00000004,0.00000000
39
8.00
19.25
0.19495976
0.00000000
46
8.00,8.25,8.50,8.75,9.00,9.25,9.50,9.75,10.00,10.25,10.50,10.75,11.00,11.25,11.50,11.75,12.00,12.25,12.50,12.75,13.00,13.25,13.50,13.75,14.00,14.25,14.50,14.75,15.00,15.25,15.50,15.75,16.00,16.25,16.50,16.75,17.00,17.25,17.50,17.75,18.00,18.25,18.50,18.75,19.00,19.25
0.19495976,0.18939657,0.18399999,0.17853128,0.17308866,0.16786403,0.16258232,0.15743336,0.15229573,0.14712351,0.14218207,0.13711612,0.13221523,0.12733184,0.12239360,0.11742167,0.11240011,0.10747724,0.10244330,0.09724397,0.09207470,0.08666404,0.08119868,0.07522062,0.06922195,0.06253866,0.05522307,0.04660290,0.03672353,0.02632765,0.01721277,0.00999693,0.00513659,0.00238183,0.00096523,0.00035871,0.00012712,0.00004164,0.00001376,0.00000304,0.00000194,0.00000028,0.00000009,0.00000006,0.00000010,0.00000000
40
8.50
20.50
0.18390929
0.00000000
49
8.50,8.75,9.00,9.25,9.50,9.75,10.00,10.25,10.50,10.75,11.00,11.25,11.50,11.75,12.00,12.25,12.50,12.75,13.00,13.25,13.50,13.75,14.00,14.25,14.50,14.75,15.00,15.25,15.50,15.75,16.00,16.25,16.50,16.75,17.00,17.25,17.50,17.75,18.00,18.25,18.50,18.75,19.00,19.25,19.50,19.75,20.00,20.25,20.50
0.18390929,0.17858134,0.17321476,0.16789354,0.16265412,0.15744961,0.15243289,0.14736740,0.14244886,0.13752937,0.13271284,0.12771106,0.12310837,0.11825629,0.11364103,0.10876230,0.10404750,0.09927301,0.09443315,0.08965299,0.08477942,0.07969792,0.07485419,0.06968325,0.06436301,0.05892871,0.05330012,0.04739563,0.04108678,0.03428148,0.02687266,0.01953238,0.01306433,0.00786619,0.00426874,0.00209300,0.00095553,0.00038917,0.00015639,0.00005434,0.00002115,0.00000732,0.00000301,0.00000102,0.00000046,0.00000018,0.00000008,0.00000001,0.00000000
41
9.00
22.00
0.17319003
0.00000000
53
9.00,9.25,9.50,9.75,10.00,10.25,10.50,10.75,11.00,11.25,11.50,11.75,12.00,12.25,12.50,12.75,13.00,13.25,13.50,13.75,14.00,14.25,14.50,14.75,15.00,15.25,15.50,15.75,16.00,16.25,16.50,16.75,17.00,17.25,17.50,17.75,18.00,18.25,18.50,18.75,19.00,19.25,19.50,19.75,20.00,20.25,20.50,20.75,21.00,21.25,21.50,21.75,22.00
0.17319003,0.16803567,0.16273659,0.15753232,0.15253368,0.14746319,0.14274660,0.13781321,0.13307100,0.12818648,0.12373360,0.11906733,0.11451265,0.11006523,0.10572963,0.10129373,0.09688337,0.09271249,0.08843022,0.08419364,0.08002474,0.07588527,0.07159915,0.06754080,0.06333184,0.05918922,0.05493667,0.05075482,0.04643550,0.04203517,0.03740540,0.03246836,0.02716711,0.02135795,0.01573582,0.01057957,0.00648259,0.00355690,0.00178667,0.00083647,0.00035464,0.00014640,0.00005950,0.00002323,0.00000927,0.00000371,0.00000147,0.00000036,0.00000067,0.00000008,0.00000003,0.00000005,0.00000000
