7
1.00027e-08,3.52483e-08,1.66683e-08,1.66683e-08,1.41441e-08,3.43543e-08,1.41441e-08
-77.5496,-98.33,-92.785,-92.685,-87.4587,-97.5368,-87.4587
0,3.14159,3.14159,3.14159,3.14159,3.14159,3.14159
90,90,90,90,134.992,90,45.0078
181.337,253.519,359.198,180.802,181.337,106.923,181.337
90,90,90,90,134.992,90,45.0078
1.33666,286.481,0.802089,179.198,1.33666,73.0771,1.33666
7
1.00109e-08,3.50246e-08,1.66732e-08,1.66732e-08,1.41498e-08,3.45776e-08,1.41498e-08
-77.5567,-98.2747,-92.7876,-92.6876,-87.4622,-97.5931,-87.4622
0,3.14159,3.14159,3.14159,3.14159,3.14159,3.14159
90,90,90,90,134.969,90,45.0312
182.672,253.41,358.396,181.604,182.672,106.81,182.672
90,90,90,90,134.969,90,45.0312
2.67186,286.59,1.60386,178.396,2.67186,73.1897,2.67186
7
1e-08,3.50246e-08,1.66667e-08,1.66667e-08,1.41421e-08,3.45776e-08,1.41421e-08
-77.5472,-98.2747,-92.7842,-92.6842,-87.4575,-97.5931,-87.4575
0,3.14159,3.14159,3.14159,3.14159,3.14159,3.14159
90,90,90,90,135,90,45
180,253.41,0,180,180,106.81,180
90,90,90,90,135,90,45
0,286.59,0,180,0,73.1897,0
7
1.00027e-08,3.4801e-08,1.66683e-08,1.66683e-08,1.41441e-08,3.4801e-08,1.41441e-08
-77.5496,-98.2191,-92.785,-92.685,-87.4587,-97.6491,-87.4587
0,3.14159,3.14159,3.14159,3.14159,3.14159,3.14159
90,90,90,90,134.992,90,45.0078
181.337,253.301,359.198,180.802,181.337,106.699,181.337
90,90,90,90,134.992,90,45.0078
1.33666,286.699,0.802089,179.198,1.33666,73.3008,1.33666
7
1.00027e-08,3.4801e-08,1.66683e-08,1.66683e-08,1.41441e-08,3.4801e-08,1.41441e-08
-77.5496,-98.2191,-92.785,-92.685,-87.4587,-97.6491,-87.4587
0,3.14159,3.14159,3.14159,3.14159,3.14159,3.14159
90,90,90,90,134.992,90,45.0078
178.663,253.301,0.802089,179.198,178.663,106.699,178.663
90,90,90,90,134.992,90,45.0078
358.663,286.699,359.198,180.802,358.663,73.3008,358.663
7
1e-08,3.45776e-08,1.66667e-08,1.66667e-08,1.41421e-08,3.50246e-08,1.41421e-08
-77.5472,-98.1631,-92.7842,-92.6842,-87.4575,-97.7047,-87.4575
0,3.14159,3.14159,3.14159,3.14159,3.14159,3.14159
90,90,90,90,135,90,45
180,253.19,0,180,180,106.59,180
90,90,90,90,135,90,45
0,286.81,0,180,0,73.4104,0
7
1.00109e-08,3.45776e-08,1.66732e-08,1.66732e-08,1.41498e-08,3.50246e-08,1.41498e-08
-77.5567,-98.1631,-92.7876,-92.6876,-87.4622,-97.7047,-87.4622
0,3.14159,3.14159,3.14159,3.14159,3.14159,3.14159
90,90,90,90,134.969,90,45.0312
177.328,253.19,1.60386,178.396,177.328,106.59,177.328
90,90,90,90,134.969,90,45.0312
357.328,286.81,358.396,181.604,357.328,73.4104,357.328
7
1.00027e-08,3.43543e-08,1.66683e-08,1.66683e-08,1.41441e-08,3.52483e-08,1.41441e-08
-77.5496,-98.1068,-92.785,-92.685,-87.4587,-97.76,-87.4587
0,3.14159,3.14159,3.14159,3.14159,3.14159,3.14159
90,90,90,90,134.992,90,45.0078
178.663,253.077,0.802089,179.198,178.663,106.481,178.663
90,90,90,90,134.992,90,45.0078
358.663,286.923,359.198,180.802,358.663,73.5187,358.663
7
9.66948e-09,3.51551e-08,1.70016e-08,1.6335e-08,1.39104e-08,3.42588e-08,1.39104e-08
-77.2553,-98.307,-92.957,-92.5096,-87.314,-97.5127,-87.314
0,3.14159,3.14159,3.14159,3.14159,3.14159,3.14159
90,90,90,90,135.963,90,44.0373
181.383,254.04,359.214,180.818,181.383,106.39,181.383
90,90,90,90,135.963,90,44.0373
1.38273,285.96,0.786363,179.182,1.38273,73.6105,1.38273
7
9.67792e-09,3.49309e-08,1.70064e-08,1.634e-08,1.39163e-08,3.44827e-08,1.39163e-08
-77.2629,-98.2514,-92.9595,-92.5123,-87.3177,-97.5692,-87.3177
0,3.14159,3.14159,3.14159,3.14159,3.14159,3.14159
90,90,90,90,135.938,90,44.0623
182.764,253.934,358.428,181.637,182.764,106.28,182.764
90,90,90,90,135.938,90,44.0623
2.76386,286.066,1.57243,178.363,2.76386,73.7199,2.76386
7
9.66667e-09,3.49309e-08,1.7e-08,1.63333e-08,1.39084e-08,3.44827e-08,1.39084e-08
-77.2528,-98.2514,-92.9562,-92.5087,-87.3128,-97.5692,-87.3128
0,3.14159,3.14159,3.14159,3.14159,3.14159,3.14159
90,90,90,90,135.971,90,44.029
180,253.934,0,180,180,106.28,180
90,90,90,90,135.971,90,44.029
0,286.066,0,180,0,73.7199,0
7
9.66948e-09,3.47067e-08,1.70016e-08,1.6335e-08,1.39104e-08,3.47067e-08,1.39104e-08
-77.2553,-98.1955,-92.957,-92.5096,-87.314,-97.6255,-87.314
0,3.14159,3.14159,3.14159,3.14159,3.14159,3.14159
90,90,90,90,135.963,90,44.0373
181.383,253.828,359.214,180.818,181.383,106.172,181.383
90,90,90,90,135.963,90,44.0373
1.38273,286.172,0.786363,179.182,1.38273,73.8278,1.38273
7
9.66948e-09,3.47067e-08,1.70016e-08,1.6335e-08,1.39104e-08,3.47067e-08,1.39104e-08
-77.2553,-98.1955,-92.957,-92.5096,-87.314,-97.6255,-87.314
0,3.14159,3.14159,3.14159,3.14159,3.14159,3.14159
90,90,90,90,135.963,90,44.0373
178.617,253.828,0.786363,179.182,178.617,106.172,178.617
90,90,90,90,135.963,90,44.0373
358.617,286.172,359.214,180.818,358.617,73.8278,358.617
7
9.66667e-09,3.44827e-08,1.7e-08,1.63333e-08,1.39084e-08,3.49309e-08,1.39084e-08
-77.2528,-98.1392,-92.9562,-92.5087,-87.3128,-97.6814,-87.3128
0,3.14159,3.14159,3.14159,3.14159,3.14159,3.14159
90,90,90,90,135.971,90,44.029
180,253.72,0,180,180,106.066,180
90,90,90,90,135.971,90,44.029
0,286.28,0,180,0,73.9344,0
7
9.67792e-09,3.44827e-08,1.70064e-08,1.634e-08,1.39163e-08,3.49309e-08,1.39163e-08
-77.2629,-98.1392,-92.9595,-92.5123,-87.3177,-97.6814,-87.3177
0,3.14159,3.14159,3.14159,3.14159,3.14159,3.14159
90,90,90,90,135.938,90,44.0623
177.236,253.72,1.57243,178.363,177.236,106.066,177.236
90,90,90,90,135.938,90,44.0623
357.236,286.28,358.428,181.637,357.236,73.9344,357.236
7
9.66948e-09,3.42588e-08,1.70016e-08,1.6335e-08,1.39104e-08,3.51551e-08,1.39104e-08
-77.2553,-98.0827,-92.957,-92.5096,-87.314,-97.737,-87.314
0,3.14159,3.14159,3.14159,3.14159,3.14159,3.14159
90,90,90,90,135.963,90,44.0373
178.617,253.61,0.786363,179.182,178.617,105.96,178.617
90,90,90,90,135.963,90,44.0373
358.617,286.39,359.214,180.818,358.617,74.0397,358.617
7
9.33625e-09,3.5065e-08,1.73349e-08,1.60017e-08,1.36808e-08,3.41662e-08,1.36808e-08
-76.9507,-98.2847,-93.1257,-92.3305,-87.1695,-97.4892,-87.1695
0,3.14159,3.14159,3.14159,3.14159,3.14159,3.14159
90,90,90,90,136.966,90,43.034
181.432,254.563,359.229,180.836,181.432,105.853,181.432
90,90,90,90,136.966,90,43.034
1.4321,285.437,0.771243,179.164,1.4321,74.1467,1.4321
7
9.34499e-09,3.48401e-08,1.73396e-08,1.60068e-08,1.36868e-08,3.43907e-08,1.36868e-08
-76.9588,-98.2288,-93.128,-92.3333,-87.1733,-97.546,-87.1733
0,3.14159,3.14159,3.14159,3.14159,3.14159,3.14159
90,90,90,90,136.939,90,43.0607
182.862,254.461,358.458,181.671,182.862,105.747,182.862
90,90,90,90,136.939,90,43.0607
2.86241,285.539,1.54221,178.329,2.86241,74.2529,2.86241
7
9.33333e-09,3.48401e-08,1.73333e-08,1.6e-08,1.36789e-08,3.43907e-08,1.36789e-08
-76.948,-98.2288,-93.1249,-92.3296,-87.1682,-97.546,-87.1682
0,3.14159,3.14159,3.14159,3.14159,3.14159,3.14159
90,90,90,90,136.975,90,43.0251
180,254.461,0,180,180,105.747,180
90,90,90,90,136.975,90,43.0251
0,285.539,0,180,0,74.2529,0
7
9.33625e-09,3.46153e-08,1.73349e-08,1.60017e-08,1.36808e-08,3.46153e-08,1.36808e-08
-76.9507,-98.1726,-93.1257,-92.3305,-87.1695,-97.6026,-87.1695
0,3.14159,3.14159,3.14159,3.14159,3.14159,3.14159
90,90,90,90,136.966,90,43.034
181.432,254.358,359.229,180.836,181.432,105.642,181.432
90,90,90,90,136.966,90,43.034
1.4321,285.642,0.771243,179.164,1.4321,74.3578,1.4321
7
9.33625e-09,3.46153e-08,1.73349e-08,1.60017e-08,1.36808e-08,3.46153e-08,1.36808e-08
-76.9507,-98.1726,-93.1257,-92.3305,-87.1695,-97.6026,-87.1695
0,3.14159,3.14159,3.14159,3.14159,3.14159,3.14159
90,90,90,90,136.966,90,43.034
178.568,254.358,0.771243,179.164,178.568,105.642,178.568
90,90,90,90,136.966,90,43.034
358.568,285.642,359.229,180.836,358.568,74.3578,358.568
7
9.33333e-09,3.43907e-08,1.73333e-08,1.6e-08,1.36789e-08,3.48401e-08,1.36789e-08
-76.948,-98.116,-93.1249,-92.3296,-87.1682,-97.6588,-87.1682
0,3.14159,3.14159,3.14159,3.14159,3.14159,3.14159
90,90,90,90,136.975,90,43.0251
180,254.253,0,180,180,105.539,180
90,90,90,90,136.975,90,43.0251
0,285.747,0,180,0,74.4612,0
7
9.34499e-09,3.43907e-08,1.73396e-08,1.60068e-08,1.36868e-08,3.48401e-08,1.36868e-08
-76.9588,-98.116,-93.128,-92.3333,-87.1733,-97.6588,-87.1733
0,3.14159,3.14159,3.14159,3.14159,3.14159,3.14159
90,90,90,90,136.939,90,43.0607
177.138,254.253,1.54221,178.329,177.138,105.539,177.138
90,90,90,90,136.939,90,43.0607
357.138,285.747,358.458,181.671,357.138,74.4612,357.138
7
9.33625e-09,3.41662e-08,1.73349e-08,1.60017e-08,1.36808e-08,3.5065e-08,1.36808e-08
-76.9507,-98.0592,-93.1257,-92.3305,-87.1695,-97.7147,-87.1695
0,3.14159,3.14159,3.14159,3.14159,3.14159,3.14159
90,90,90,90,136.966,90,43.034
178.568,254.147,0.771243,179.164,178.568,105.437,178.568
90,90,90,90,136.966,90,43.034
358.568,285.853,359.229,180.836,358.568,74.5634,358.568
7
9.00302e-09,3.49777e-08,1.76682e-08,1.56684e-08,1.34556e-08,3.40766e-08,1.34556e-08
-76.635,-98.263,-93.2911,-92.1477,-87.0253,-97.4664,-87.0253
0,3.14159,3.14159,3.14159,3.14159,3.14159,3.14159
90,90,90,90,138.003,90,41.9968
181.485,255.09,359.243,180.853,181.485,105.314,181.485
90,90,90,90,138.003,90,41.9968
1.48511,284.91,0.756693,179.147,1.48511,74.6859,1.48511
7
9.01209e-09,3.47523e-08,1.76728e-08,1.56736e-08,1.34617e-08,3.43017e-08,1.34617e-08
-76.6437,-98.2069,-93.2933,-92.1506,-87.0292,-97.5235,-87.0292
0,3.14159,3.14159,3.14159,3.14159,3.14159,3.14159
90,90,90,90,137.975,90,42.0255
182.968,254.991,358.487,181.706,182.968,105.211,182.968
90,90,90,90,137.975,90,42.0255
2.96823,285.009,1.51312,178.294,2.96823,74.7888,2.96823
7
9e-09,3.47523e-08,1.76667e-08,1.56667e-08,1.34536e-08,3.43017e-08,1.34536e-08
-76.6321,-98.2069,-93.2903,-92.1468,-87.024,-97.5235,-87.024
0,3.14159,3.14159,3.14159,3.14159,3.14159,3.14159
90,90,90,90,138.013,90,41.9872
180,254.991,0,180,180,105.211,180
90,90,90,90,138.013,90,41.9872
0,285.009,0,180,0,74.7888,0
7
9.00302e-09,3.4527e-08,1.76682e-08,1.56684e-08,1.34556e-08,3.4527e-08,1.34556e-08
-76.635,-98.1504,-93.2911,-92.1477,-87.0253,-97.5804,-87.0253
0,3.14159,3.14159,3.14159,3.14159,3.14159,3.14159
90,90,90,90,138.003,90,41.9968
181.485,254.89,359.243,180.853,181.485,105.11,181.485
90,90,90,90,138.003,90,41.9968
1.48511,285.11,0.756693,179.147,1.48511,74.8904,1.48511
7
9.00302e-09,3.4527e-08,1.76682e-08,1.56684e-08,1.34556e-08,3.4527e-08,1.34556e-08
-76.635,-98.1504,-93.2911,-92.1477,-87.0253,-97.5804,-87.0253
0,3.14159,3.14159,3.14159,3.14159,3.14159,3.14159
90,90,90,90,138.003,90,41.9968
178.515,254.89,0.756693,179.147,178.515,105.11,178.515
90,90,90,90,138.003,90,41.9968
358.515,285.11,359.243,180.853,358.515,74.8904,358.515
7
9e-09,3.43017e-08,1.76667e-08,1.56667e-08,1.34536e-08,3.47523e-08,1.34536e-08
-76.6321,-98.0935,-93.2903,-92.1468,-87.024,-97.6369,-87.024
0,3.14159,3.14159,3.14159,3.14159,3.14159,3.14159
90,90,90,90,138.013,90,41.9872
180,254.789,0,180,180,105.009,180
90,90,90,90,138.013,90,41.9872
0,285.211,0,180,0,74.9907,0
7
9.01209e-09,3.43017e-08,1.76728e-08,1.56736e-08,1.34617e-08,3.47523e-08,1.34617e-08
-76.6437,-98.0935,-93.2933,-92.1506,-87.0292,-97.6369,-87.0292
0,3.14159,3.14159,3.14159,3.14159,3.14159,3.14159
90,90,90,90,137.975,90,42.0255
177.032,254.789,1.51312,178.294,177.032,105.009,177.032
90,90,90,90,137.975,90,42.0255
357.032,285.211,358.487,181.706,357.032,74.9907,357.032
7
9.00302e-09,3.40766e-08,1.76682e-08,1.56684e-08,1.34556e-08,3.49777e-08,1.34556e-08
-76.635,-98.0364,-93.2911,-92.1477,-87.0253,-97.693,-87.0253
0,3.14159,3.14159,3.14159,3.14159,3.14159,3.14159
90,90,90,90,138.003,90,41.9968
178.515,254.686,0.756693,179.147,178.515,104.91,178.515
90,90,90,90,138.003,90,41.9968
358.515,285.314,359.243,180.853,358.515,75.0897,358.515
7
8.66981e-09,3.48934e-08,1.80015e-08,1.53351e-08,1.3235e-08,3.39901e-08,1.3235e-08
-76.3074,-98.2421,-93.4534,-91.961,-86.8817,-97.4443,-86.8817
0,3.14159,3.14159,3.14159,3.14159,3.14159,3.14159
90,90,90,90,139.075,90,40.9247
181.542,255.619,359.257,180.872,181.542,104.772,181.542
90,90,90,90,139.075,90,40.9247
1.54221,284.381,0.742681,179.128,1.54221,75.2278,1.54221
7
8.67922e-09,3.46675e-08,1.8006e-08,1.53404e-08,1.32412e-08,3.42158e-08,1.32412e-08
-76.3168,-98.1857,-93.4556,-91.964,-86.8858,-97.5018,-86.8858
0,3.14159,3.14159,3.14159,3.14159,3.14159,3.14159
90,90,90,90,139.045,90,40.9554
183.082,255.523,358.515,181.743,183.082,104.673,183.082
90,90,90,90,139.045,90,40.9554
3.08218,284.477,1.48511,178.257,3.08218,75.3275,3.08218
7
8.66667e-09,3.46675e-08,1.8e-08,1.53333e-08,1.3233e-08,3.42158e-08,1.3233e-08
-76.3043,-98.1857,-93.4527,-91.96,-86.8804,-97.5018,-86.8804
0,3.14159,3.14159,3.14159,3.14159,3.14159,3.14159
90,90,90,90,139.086,90,40.9144
180,255.523,0,180,180,104.673,180
90,90,90,90,139.086,90,40.9144
0,284.477,0,180,0,75.3275,0
7
8.66981e-09,3.44416e-08,1.80015e-08,1.53351e-08,1.3235e-08,3.44416e-08,1.3235e-08
-76.3074,-98.1289,-93.4534,-91.961,-86.8817,-97.5589,-86.8817
0,3.14159,3.14159,3.14159,3.14159,3.14159,3.14159
90,90,90,90,139.075,90,40.9247
181.542,255.426,359.257,180.872,181.542,104.574,181.542
90,90,90,90,139.075,90,40.9247
1.54221,284.574,0.742681,179.128,1.54221,75.4258,1.54221
7
8.66981e-09,3.44416e-08,1.80015e-08,1.53351e-08,1.3235e-08,3.44416e-08,1.3235e-08
-76.3074,-98.1289,-93.4534,-91.961,-86.8817,-97.5589,-86.8817
0,3.14159,3.14159,3.14159,3.14159,3.14159,3.14159
90,90,90,90,139.075,90,40.9247
178.458,255.426,0.742681,179.128,178.458,104.574,178.458
90,90,90,90,139.075,90,40.9247
358.458,284.574,359.257,180.872,358.458,75.4258,358.458
7
8.66667e-09,3.42158e-08,1.8e-08,1.53333e-08,1.3233e-08,3.46675e-08,1.3233e-08
-76.3043,-98.0718,-93.4527,-91.96,-86.8804,-97.6157,-86.8804
0,3.14159,3.14159,3.14159,3.14159,3.14159,3.14159
90,90,90,90,139.086,90,40.9144
180,255.327,0,180,180,104.477,180
90,90,90,90,139.086,90,40.9144
0,284.673,0,180,0,75.5228,0
7
8.67922e-09,3.42158e-08,1.8006e-08,1.53404e-08,1.32412e-08,3.46675e-08,1.32412e-08
-76.3168,-98.0718,-93.4556,-91.964,-86.8858,-97.6157,-86.8858
0,3.14159,3.14159,3.14159,3.14159,3.14159,3.14159
90,90,90,90,139.045,90,40.9554
176.918,255.327,1.48511,178.257,176.918,104.477,176.918
90,90,90,90,139.045,90,40.9554
356.918,284.673,358.515,181.743,356.918,75.5228,356.918
7
8.66981e-09,3.39901e-08,1.80015e-08,1.53351e-08,1.3235e-08,3.48934e-08,1.3235e-08
-76.3074,-98.0143,-93.4534,-91.961,-86.8817,-97.6721,-86.8817
0,3.14159,3.14159,3.14159,3.14159,3.14159,3.14159
90,90,90,90,139.075,90,40.9247
178.458,255.228,0.742681,179.128,178.458,104.381,178.458
90,90,90,90,139.075,90,40.9247
358.458,284.772,359.257,180.872,358.458,75.6186,358.458
7
8.3366e-09,3.48121e-08,1.83348e-08,1.50018e-08,1.30192e-08,3.39067e-08,1.30192e-08
-75.967,-98.2218,-93.6128,-91.7701,-86.7389,-97.4229,-86.7389
0,3.14159,3.14159,3.14159,3.14159,3.14159,3.14159
90,90,90,90,140.183,90,39.8166
181.604,256.15,359.271,180.891,181.604,104.228,181.604
90,90,90,90,140.183,90,39.8166
1.60386,283.85,0.72918,179.109,1.60386,75.7725,1.60386
7
8.34639e-09,3.45856e-08,1.83393e-08,1.50073e-08,1.30254e-08,3.41329e-08,1.30254e-08
-75.9772,-98.1651,-93.6149,-91.7732,-86.7431,-97.4807,-86.7431
0,3.14159,3.14159,3.14159,3.14159,3.14159,3.14159
90,90,90,90,140.15,90,39.8497
183.205,256.058,358.542,181.782,183.205,104.131,183.205
90,90,90,90,140.15,90,39.8497
3.20522,283.942,1.45812,178.218,3.20522,75.8688,3.20522
7
8.33333e-09,3.45856e-08,1.83333e-08,1.5e-08,1.30171e-08,3.41329e-08,1.30171e-08
-75.9636,-98.1651,-93.6121,-91.769,-86.7375,-97.4807,-86.7375
0,3.14159,3.14159,3.14159,3.14159,3.14159,3.14159
90,90,90,90,140.194,90,39.8056
180,256.058,0,180,180,104.131,180
90,90,90,90,140.194,90,39.8056
0,283.942,0,180,0,75.8688,0
7
8.3366e-09,3.43592e-08,1.83348e-08,1.50018e-08,1.30192e-08,3.43592e-08,1.30192e-08
-75.967,-98.1081,-93.6128,-91.7701,-86.7389,-97.5381,-86.7389
0,3.14159,3.14159,3.14159,3.14159,3.14159,3.14159
90,90,90,90,140.183,90,39.8166
181.604,255.964,359.271,180.891,181.604,104.036,181.604
90,90,90,90,140.183,90,39.8166
1.60386,284.036,0.72918,179.109,1.60386,75.9638,1.60386
7
8.3366e-09,3.43592e-08,1.83348e-08,1.50018e-08,1.30192e-08,3.43592e-08,1.30192e-08
-75.967,-98.1081,-93.6128,-91.7701,-86.7389,-97.5381,-86.7389
0,3.14159,3.14159,3.14159,3.14159,3.14159,3.14159
90,90,90,90,140.183,90,39.8166
178.396,255.964,0.72918,179.109,178.396,104.036,178.396
90,90,90,90,140.183,90,39.8166
358.396,284.036,359.271,180.891,358.396,75.9638,358.396
7
8.33333e-09,3.41329e-08,1.83333e-08,1.5e-08,1.30171e-08,3.45856e-08,1.30171e-08
-75.9636,-98.0507,-93.6121,-91.769,-86.7375,-97.5951,-86.7375
0,3.14159,3.14159,3.14159,3.14159,3.14159,3.14159
90,90,90,90,140.194,90,39.8056
180,255.869,0,180,180,103.942,180
90,90,90,90,140.194,90,39.8056
0,284.131,0,180,0,76.0575,0
7
8.34639e-09,3.41329e-08,1.83393e-08,1.50073e-08,1.30254e-08,3.45856e-08,1.30254e-08
-75.9772,-98.0507,-93.6149,-91.7732,-86.7431,-97.5951,-86.7431
0,3.14159,3.14159,3.14159,3.14159,3.14159,3.14159
90,90,90,90,140.15,90,39.8497
176.795,255.869,1.45812,178.218,176.795,103.942,176.795
90,90,90,90,140.15,90,39.8497
356.795,284.131,358.542,181.782,356.795,76.0575,356.795
7
8.3366e-09,3.39067e-08,1.83348e-08,1.50018e-08,1.30192e-08,3.48121e-08,1.30192e-08
-75.967,-97.9929,-93.6128,-91.7701,-86.7389,-97.6518,-86.7389
0,3.14159,3.14159,3.14159,3.14159,3.14159,3.14159
90,90,90,90,140.183,90,39.8166
178.396,255.772,0.72918,179.109,178.396,103.85,178.396
90,90,90,90,140.183,90,39.8166
358.396,284.228,359.271,180.891,358.396,76.15,358.396
7
8.0034e-09,3.47338e-08,1.86681e-08,1.46685e-08,1.28084e-08,3.38263e-08,1.28084e-08
-75.6127,-98.2023,-93.7692,-91.5749,-86.5971,-97.4023,-86.5971
0,3.14159,3.14159,3.14159,3.14159,3.14159,3.14159
90,90,90,90,141.328,90,38.6717
181.671,256.684,359.284,180.911,181.671,103.68,181.671
90,90,90,90,141.328,90,38.6717
1.67065,283.316,0.71616,179.089,1.67065,76.3198,1.67065
7
8.0136e-09,3.45068e-08,1.86725e-08,1.46741e-08,1.28147e-08,3.4053e-08,1.28147e-08
-75.6238,-98.1453,-93.7713,-91.5782,-86.6014,-97.4603,-86.6014
0,3.14159,3.14159,3.14159,3.14159,3.14159,3.14159
90,90,90,90,141.293,90,38.7073
183.338,256.595,358.568,181.822,183.338,103.587,183.338
90,90,90,90,141.293,90,38.7073
3.33847,283.405,1.4321,178.178,3.33847,76.4126,3.33847
7
8e-09,3.45068e-08,1.86667e-08,1.46667e-08,1.28062e-08,3.4053e-08,1.28062e-08
-75.609,-98.1453,-93.7686,-91.5739,-86.5957,-97.4603,-86.5957
0,3.14159,3.14159,3.14159,3.14159,3.14159,3.14159
90,90,90,90,141.34,90,38.6598
180,256.595,0,180,180,103.587,180
90,90,90,90,141.34,90,38.6598
0,283.405,0,180,0,76.4126,0
7
8.0034e-09,3.42799e-08,1.86681e-08,1.46685e-08,1.28084e-08,3.42799e-08,1.28084e-08
-75.6127,-98.088,-93.7692,-91.5749,-86.5971,-97.518,-86.5971
0,3.14159,3.14159,3.14159,3.14159,3.14159,3.14159
90,90,90,90,141.328,90,38.6717
181.671,256.504,359.284,180.911,181.671,103.496,181.671
90,90,90,90,141.328,90,38.6717
1.67065,283.496,0.71616,179.089,1.67065,76.5043,1.67065
7
8.0034e-09,3.42799e-08,1.86681e-08,1.46685e-08,1.28084e-08,3.42799e-08,1.28084e-08
-75.6127,-98.088,-93.7692,-91.5749,-86.5971,-97.518,-86.5971
0,3.14159,3.14159,3.14159,3.14159,3.14159,3.14159
90,90,90,90,141.328,90,38.6717
178.329,256.504,0.71616,179.089,178.329,103.496,178.329
90,90,90,90,141.328,90,38.6717
358.329,283.496,359.284,180.911,358.329,76.5043,358.329
7
8e-09,3.4053e-08,1.86667e-08,1.46667e-08,1.28062e-08,3.45068e-08,1.28062e-08
-75.609,-98.0303,-93.7686,-91.5739,-86.5957,-97.5753,-86.5957
0,3.14159,3.14159,3.14159,3.14159,3.14159,3.14159
90,90,90,90,141.34,90,38.6598
180,256.413,0,180,180,103.405,180
90,90,90,90,141.34,90,38.6598
0,283.587,0,180,0,76.5947,0
7
8.0136e-09,3.4053e-08,1.86725e-08,1.46741e-08,1.28147e-08,3.45068e-08,1.28147e-08
-75.6238,-98.0303,-93.7713,-91.5782,-86.6014,-97.5753,-86.6014
0,3.14159,3.14159,3.14159,3.14159,3.14159,3.14159
90,90,90,90,141.293,90,38.7073
176.662,256.413,1.4321,178.178,176.662,103.405,176.662
90,90,90,90,141.293,90,38.7073
356.662,283.587,358.568,181.822,356.662,76.5947,356.662
7
8.0034e-09,3.38263e-08,1.86681e-08,1.46685e-08,1.28084e-08,3.47338e-08,1.28084e-08
-75.6127,-97.9723,-93.7692,-91.5749,-86.5971,-97.6323,-86.5971
0,3.14159,3.14159,3.14159,3.14159,3.14159,3.14159
90,90,90,90,141.328,90,38.6717
178.329,256.32,0.71616,179.089,178.329,103.316,178.329
90,90,90,90,141.328,90,38.6717
358.329,283.68,359.284,180.911,358.329,76.6839,358.329
7
7.67022e-09,3.46586e-08,1.90014e-08,1.43352e-08,1.26029e-08,3.3749e-08,1.26029e-08
-75.2434,-98.1834,-93.9229,-91.3753,-86.4566,-97.3824,-86.4566
0,3.14159,3.14159,3.14159,3.14159,3.14159,3.14159
90,90,90,90,142.511,90,37.489
181.743,257.22,359.296,180.933,181.743,103.13,181.743
90,90,90,90,142.511,90,37.489
1.74325,282.78,0.703597,179.067,1.74325,76.8697,1.74325
7
7.68086e-09,3.44311e-08,1.90057e-08,1.43409e-08,1.26093e-08,3.39763e-08,1.26093e-08
-75.2554,-98.1262,-93.9249,-91.3788,-86.4611,-97.4407,-86.4611
0,3.14159,3.14159,3.14159,3.14159,3.14159,3.14159
90,90,90,90,142.473,90,37.5273
183.483,257.134,358.593,181.865,183.483,103.041,183.483
90,90,90,90,142.473,90,37.5273
3.48327,282.866,1.40698,178.135,3.48327,76.959,3.48327
7
7.66667e-09,3.44311e-08,1.9e-08,1.43333e-08,1.26007e-08,3.39763e-08,1.26007e-08
-75.2394,-98.1262,-93.9223,-91.3742,-86.4551,-97.4407,-86.4551
0,3.14159,3.14159,3.14159,3.14159,3.14159,3.14159
90,90,90,90,142.524,90,37.4762
180,257.134,0,180,180,103.041,180
90,90,90,90,142.524,90,37.4762
0,282.866,0,180,0,76.959,0
7
7.67022e-09,3.42036e-08,1.90014e-08,1.43352e-08,1.26029e-08,3.42036e-08,1.26029e-08
-75.2434,-98.0687,-93.9229,-91.3753,-86.4566,-97.4987,-86.4566
0,3.14159,3.14159,3.14159,3.14159,3.14159,3.14159
90,90,90,90,142.511,90,37.489
181.743,257.047,359.296,180.933,181.743,102.953,181.743
90,90,90,90,142.511,90,37.489
1.74325,282.953,0.703597,179.067,1.74325,77.0472,1.74325
7
7.67022e-09,3.42036e-08,1.90014e-08,1.43352e-08,1.26029e-08,3.42036e-08,1.26029e-08
-75.2434,-98.0687,-93.9229,-91.3753,-86.4566,-97.4987,-86.4566
0,3.14159,3.14159,3.14159,3.14159,3.14159,3.14159
90,90,90,90,142.511,90,37.489
178.257,257.047,0.703597,179.067,178.257,102.953,178.257
90,90,90,90,142.511,90,37.489
358.257,282.953,359.296,180.933,358.257,77.0472,358.257
7
7.66667e-09,3.39763e-08,1.9e-08,1.43333e-08,1.26007e-08,3.44311e-08,1.26007e-08
-75.2394,-98.0107,-93.9223,-91.3742,-86.4551,-97.5562,-86.4551
0,3.14159,3.14159,3.14159,3.14159,3.14159,3.14159
90,90,90,90,142.524,90,37.4762
180,256.959,0,180,180,102.866,180
90,90,90,90,142.524,90,37.4762
0,283.041,0,180,0,77.1343,0
7
7.68086e-09,3.39763e-08,1.90057e-08,1.43409e-08,1.26093e-08,3.44311e-08,1.26093e-08
-75.2554,-98.0107,-93.9249,-91.3788,-86.4611,-97.5562,-86.4611
0,3.14159,3.14159,3.14159,3.14159,3.14159,3.14159
90,90,90,90,142.473,90,37.5273
176.517,256.959,1.40698,178.135,176.517,102.866,176.517
90,90,90,90,142.473,90,37.5273
356.517,283.041,358.593,181.865,356.517,77.1343,356.517
7
7.67022e-09,3.3749e-08,1.90014e-08,1.43352e-08,1.26029e-08,3.46586e-08,1.26029e-08
-75.2434,-97.9524,-93.9229,-91.3753,-86.4566,-97.6134,-86.4566
0,3.14159,3.14159,3.14159,3.14159,3.14159,3.14159
90,90,90,90,142.511,90,37.489
178.257,256.87,0.703597,179.067,178.257,102.78,178.257
90,90,90,90,142.511,90,37.489
358.257,283.13,359.296,180.933,358.257,77.2202,358.257
7
7.33704e-09,3.45864e-08,1.93347e-08,1.40019e-08,1.24029e-08,3.36749e-08,1.24029e-08
-74.8576,-98.1653,-94.074,-91.171,-86.3177,-97.3633,-86.3177
0,3.14159,3.14159,3.14159,3.14159,3.14159,3.14159
90,90,90,90,143.732,90,36.2677
181.822,257.759,359.309,180.955,181.822,102.578,181.822
90,90,90,90,143.732,90,36.2677
1.82243,282.241,0.691467,179.045,1.82243,77.422,1.82243
7
7.34817e-09,3.43584e-08,1.9339e-08,1.40078e-08,1.24095e-08,3.39026e-08,1.24095e-08
-74.8708,-98.1079,-94.0759,-91.1746,-86.3223,-97.4219,-86.3223
0,3.14159,3.14159,3.14159,3.14159,3.14159,3.14159
90,90,90,90,143.691,90,36.3091
183.641,257.676,358.617,181.909,183.641,102.492,183.641
90,90,90,90,143.691,90,36.3091
3.64119,282.324,1.38273,178.091,3.64119,77.5079,3.64119
7
7.33333e-09,3.43584e-08,1.93333e-08,1.4e-08,1.24007e-08,3.39026e-08,1.24007e-08
-74.8533,-98.1079,-94.0734,-91.1698,-86.3162,-97.4219,-86.3162
0,3.14159,3.14159,3.14159,3.14159,3.14159,3.14159
90,90,90,90,143.746,90,36.2538
180,257.676,0,180,180,102.492,180
90,90,90,90,143.746,90,36.2538
0,282.324,0,180,0,77.5079,0
7
7.33704e-09,3.41305e-08,1.93347e-08,1.40019e-08,1.24029e-08,3.41305e-08,1.24029e-08
-74.8576,-98.0501,-94.074,-91.171,-86.3177,-97.4801,-86.3177
0,3.14159,3.14159,3.14159,3.14159,3.14159,3.14159
90,90,90,90,143.732,90,36.2677
181.822,257.593,359.309,180.955,181.822,102.407,181.822
90,90,90,90,143.732,90,36.2677
1.82243,282.407,0.691467,179.045,1.82243,77.5926,1.82243
7
7.33704e-09,3.41305e-08,1.93347e-08,1.40019e-08,1.24029e-08,3.41305e-08,1.24029e-08
-74.8576,-98.0501,-94.074,-91.171,-86.3177,-97.4801,-86.3177
0,3.14159,3.14159,3.14159,3.14159,3.14159,3.14159
90,90,90,90,143.732,90,36.2677
178.178,257.593,0.691467,179.045,178.178,102.407,178.178
90,90,90,90,143.732,90,36.2677
358.178,282.407,359.309,180.955,358.178,77.5926,358.178
7
7.33333e-09,3.39026e-08,1.93333e-08,1.4e-08,1.24007e-08,3.43584e-08,1.24007e-08
-74.8533,-97.9919,-94.0734,-91.1698,-86.3162,-97.5379,-86.3162
0,3.14159,3.14159,3.14159,3.14159,3.14159,3.14159
90,90,90,90,143.746,90,36.2538
180,257.508,0,180,180,102.324,180
90,90,90,90,143.746,90,36.2538
0,282.492,0,180,0,77.6762,0
7
7.34817e-09,3.39026e-08,1.9339e-08,1.40078e-08,1.24095e-08,3.43584e-08,1.24095e-08
-74.8708,-97.9919,-94.0759,-91.1746,-86.3223,-97.5379,-86.3223
0,3.14159,3.14159,3.14159,3.14159,3.14159,3.14159
90,90,90,90,143.691,90,36.3091
176.359,257.508,1.38273,178.091,176.359,102.324,176.359
90,90,90,90,143.691,90,36.3091
356.359,282.492,358.617,181.909,356.359,77.6762,356.359
7
7.33704e-09,3.36749e-08,1.93347e-08,1.40019e-08,1.24029e-08,3.45864e-08,1.24029e-08
-74.8576,-97.9333,-94.074,-91.171,-86.3177,-97.5953,-86.3177
0,3.14159,3.14159,3.14159,3.14159,3.14159,3.14159
90,90,90,90,143.732,90,36.2677
178.178,257.422,0.691467,179.045,178.178,102.241,178.178
90,90,90,90,143.732,90,36.2677
358.178,282.578,359.309,180.955,358.178,77.7587,358.178
7
7.00389e-09,3.45172e-08,1.96681e-08,1.36687e-08,1.22088e-08,3.36038e-08,1.22088e-08
-74.454,-98.1479,-94.2224,-90.9617,-86.1807,-97.345,-86.1807
0,3.14159,3.14159,3.14159,3.14159,3.14159,3.14159
90,90,90,90,144.993,90,35.007
181.909,258.299,359.32,180.978,181.909,102.023,181.909
90,90,90,90,144.993,90,35.007
1.90915,281.701,0.679749,179.022,1.90915,77.9767,1.90915
7
7.01554e-09,3.42888e-08,1.96722e-08,1.36746e-08,1.22155e-08,3.38321e-08,1.22155e-08
-74.4684,-98.0903,-94.2243,-90.9655,-86.1854,-97.4038,-86.1854
0,3.14159,3.14159,3.14159,3.14159,3.14159,3.14159
90,90,90,90,144.948,90,35.0517
183.814,258.22,358.641,181.956,183.814,101.941,183.814
90,90,90,90,144.948,90,35.0517
3.81407,281.78,1.35931,178.044,3.81407,78.059,3.81407
7
7e-09,3.42888e-08,1.96667e-08,1.36667e-08,1.22066e-08,3.38321e-08,1.22066e-08
-74.4492,-98.0903,-94.2218,-90.9605,-86.1791,-97.4038,-86.1791
0,3.14159,3.14159,3.14159,3.14159,3.14159,3.14159
90,90,90,90,145.008,90,34.992
180,258.22,0,180,180,101.941,180
90,90,90,90,145.008,90,34.992
0,281.78,0,180,0,78.059,0
7
7.00389e-09,3.40604e-08,1.96681e-08,1.36687e-08,1.22088e-08,3.40604e-08,1.22088e-08
-74.454,-98.0322,-94.2224,-90.9617,-86.1807,-97.4622,-86.1807
0,3.14159,3.14159,3.14159,3.14159,3.14159,3.14159
90,90,90,90,144.993,90,35.007
181.909,258.14,359.32,180.978,181.909,101.86,181.909
90,90,90,90,144.993,90,35.007
1.90915,281.86,0.679749,179.022,1.90915,78.1402,1.90915
7
7.00389e-09,3.40604e-08,1.96681e-08,1.36687e-08,1.22088e-08,3.40604e-08,1.22088e-08
-74.454,-98.0322,-94.2224,-90.9617,-86.1807,-97.4622,-86.1807
0,3.14159,3.14159,3.14159,3.14159,3.14159,3.14159
90,90,90,90,144.993,90,35.007
178.091,258.14,0.679749,179.022,178.091,101.86,178.091
90,90,90,90,144.993,90,35.007
358.091,281.86,359.32,180.978,358.091,78.1402,358.091
7
7e-09,3.38321e-08,1.96667e-08,1.36667e-08,1.22066e-08,3.42888e-08,1.22066e-08
-74.4492,-97.9738,-94.2218,-90.9605,-86.1791,-97.5203,-86.1791
0,3.14159,3.14159,3.14159,3.14159,3.14159,3.14159
90,90,90,90,145.008,90,34.992
180,258.059,0,180,180,101.78,180
90,90,90,90,145.008,90,34.992
0,281.941,0,180,0,78.2204,0
7
7.01554e-09,3.38321e-08,1.96722e-08,1.36746e-08,1.22155e-08,3.42888e-08,1.22155e-08
-74.4684,-97.9738,-94.2243,-90.9655,-86.1854,-97.5203,-86.1854
0,3.14159,3.14159,3.14159,3.14159,3.14159,3.14159
90,90,90,90,144.948,90,35.0517
176.186,258.059,1.35931,178.044,176.186,101.78,176.186
90,90,90,90,144.948,90,35.0517
356.186,281.941,358.641,181.956,356.186,78.2204,356.186
7
7.00389e-09,3.36038e-08,1.96681e-08,1.36687e-08,1.22088e-08,3.45172e-08,1.22088e-08
-74.454,-97.915,-94.2224,-90.9617,-86.1807,-97.5779,-86.1807
0,3.14159,3.14159,3.14159,3.14159,3.14159,3.14159
90,90,90,90,144.993,90,35.007
178.091,257.977,0.679749,179.022,178.091,101.701,178.091
90,90,90,90,144.993,90,35.007
358.091,282.023,359.32,180.978,358.091,78.2994,358.091
7
6.67075e-09,3.44512e-08,2.00014e-08,1.33354e-08,1.20208e-08,3.3536e-08,1.20208e-08
-74.0307,-98.1313,-94.3684,-90.7473,-86.0459,-97.3274,-86.0459
0,3.14159,3.14159,3.14159,3.14159,3.14159,3.14159
90,90,90,90,146.294,90,33.7063
182.005,258.842,359.332,181.003,182.005,101.466,182.005
90,90,90,90,146.294,90,33.7063
2.00453,281.158,0.66842,178.997,2.00453,78.5337,2.00453
7
6.68298e-09,3.42223e-08,2.00054e-08,1.33415e-08,1.20276e-08,3.37647e-08,1.20276e-08
-74.0466,-98.0734,-94.3702,-90.7513,-86.0508,-97.3865,-86.0508
0,3.14159,3.14159,3.14159,3.14159,3.14159,3.14159
90,90,90,90,146.245,90,33.7547
184.004,258.767,358.663,182.005,184.004,101.388,184.004
90,90,90,90,146.245,90,33.7547
4.00417,281.233,1.33666,177.995,4.00417,78.6124,4.00417
7
6.66667e-09,3.42223e-08,2e-08,1.33333e-08,1.20185e-08,3.37647e-08,1.20185e-08
-74.0254,-98.0734,-94.3678,-90.746,-86.0442,-97.3865,-86.0442
0,3.14159,3.14159,3.14159,3.14159,3.14159,3.14159
90,90,90,90,146.31,90,33.6901
180,258.767,0,180,180,101.388,180
90,90,90,90,146.31,90,33.6901
0,281.233,0,180,0,78.6124,0
7
6.67075e-09,3.39935e-08,2.00014e-08,1.33354e-08,1.20208e-08,3.39935e-08,1.20208e-08
-74.0307,-98.0151,-94.3684,-90.7473,-86.0459,-97.4451,-86.0459
0,3.14159,3.14159,3.14159,3.14159,3.14159,3.14159
90,90,90,90,146.294,90,33.7063
182.005,258.69,359.332,181.003,182.005,101.31,182.005
90,90,90,90,146.294,90,33.7063
2.00453,281.31,0.66842,178.997,2.00453,78.6901,2.00453
7
6.67075e-09,3.39935e-08,2.00014e-08,1.33354e-08,1.20208e-08,3.39935e-08,1.20208e-08
-74.0307,-98.0151,-94.3684,-90.7473,-86.0459,-97.4451,-86.0459
0,3.14159,3.14159,3.14159,3.14159,3.14159,3.14159
90,90,90,90,146.294,90,33.7063
177.995,258.69,0.66842,178.997,177.995,101.31,177.995
90,90,90,90,146.294,90,33.7063
357.995,281.31,359.332,181.003,357.995,78.6901,357.995
7
6.66667e-09,3.37647e-08,2e-08,1.33333e-08,1.20185e-08,3.42223e-08,1.20185e-08
-74.0254,-97.9565,-94.3678,-90.746,-86.0442,-97.5034,-86.0442
0,3.14159,3.14159,3.14159,3.14159,3.14159,3.14159
90,90,90,90,146.31,90,33.6901
180,258.612,0,180,180,101.233,180
90,90,90,90,146.31,90,33.6901
0,281.388,0,180,0,78.7667,0
7
6.68298e-09,3.37647e-08,2.00054e-08,1.33415e-08,1.20276e-08,3.42223e-08,1.20276e-08
-74.0466,-97.9565,-94.3702,-90.7513,-86.0508,-97.5034,-86.0508
0,3.14159,3.14159,3.14159,3.14159,3.14159,3.14159
90,90,90,90,146.245,90,33.7547
175.996,258.612,1.33666,177.995,175.996,101.233,175.996
90,90,90,90,146.245,90,33.7547
355.996,281.388,358.663,182.005,355.996,78.7667,355.996
7
6.67075e-09,3.3536e-08,2.00014e-08,1.33354e-08,1.20208e-08,3.44512e-08,1.20208e-08
-74.0307,-97.8974,-94.3684,-90.7473,-86.0459,-97.5613,-86.0459
0,3.14159,3.14159,3.14159,3.14159,3.14159,3.14159
90,90,90,90,146.294,90,33.7063
177.995,258.534,0.66842,178.997,177.995,101.158,177.995
90,90,90,90,146.294,90,33.7063
357.995,281.466,359.332,181.003,357.995,78.8423,357.995
7
6.33763e-09,3.43882e-08,2.03347e-08,1.30021e-08,1.18392e-08,3.34713e-08,1.18392e-08
-73.5858,-98.1154,-94.512,-90.5275,-85.9136,-97.3107,-85.9136
0,3.14159,3.14159,3.14159,3.14159,3.14159,3.14159
90,90,90,90,147.635,90,32.365
182.11,259.387,359.343,181.028,182.11,100.907,182.11
90,90,90,90,147.635,90,32.365
2.10994,280.613,0.657464,178.972,2.10994,79.0929,2.10994
7
6.3505e-09,3.41589e-08,2.03387e-08,1.30084e-08,1.1846e-08,3.37005e-08,1.1846e-08
-73.6034,-98.0573,-94.5137,-90.5317,-85.9187,-97.3699,-85.9187
0,3.14159,3.14159,3.14159,3.14159,3.14159,3.14159
90,90,90,90,147.582,90,32.4176
184.214,259.315,358.685,182.056,184.214,100.832,184.214
90,90,90,90,147.582,90,32.4176
4.21418,280.685,1.31475,177.944,4.21418,79.168,4.21418
7
6.33333e-09,3.41589e-08,2.03333e-08,1.3e-08,1.18369e-08,3.37005e-08,1.18369e-08
-73.5799,-98.0573,-94.5114,-90.5261,-85.9119,-97.3699,-85.9119
0,3.14159,3.14159,3.14159,3.14159,3.14159,3.14159
90,90,90,90,147.653,90,32.3474
180,259.315,0,180,180,100.832,180
90,90,90,90,147.653,90,32.3474
0,280.685,0,180,0,79.168,0
7
6.33763e-09,3.39297e-08,2.03347e-08,1.30021e-08,1.18392e-08,3.39297e-08,1.18392e-08
-73.5858,-97.9988,-94.512,-90.5275,-85.9136,-97.4288,-85.9136
0,3.14159,3.14159,3.14159,3.14159,3.14159,3.14159
90,90,90,90,147.635,90,32.365
182.11,259.242,359.343,181.028,182.11,100.758,182.11
90,90,90,90,147.635,90,32.365
2.10994,280.758,0.657464,178.972,2.10994,79.242,2.10994
7
6.33763e-09,3.39297e-08,2.03347e-08,1.30021e-08,1.18392e-08,3.39297e-08,1.18392e-08
-73.5858,-97.9988,-94.512,-90.5275,-85.9136,-97.4288,-85.9136
0,3.14159,3.14159,3.14159,3.14159,3.14159,3.14159
90,90,90,90,147.635,90,32.365
177.89,259.242,0.657464,178.972,177.89,100.758,177.89
90,90,90,90,147.635,90,32.365
357.89,280.758,359.343,181.028,357.89,79.242,357.89
7
6.33333e-09,3.37005e-08,2.03333e-08,1.3e-08,1.18369e-08,3.41589e-08,1.18369e-08
-73.5799,-97.9399,-94.5114,-90.5261,-85.9119,-97.4873,-85.9119
0,3.14159,3.14159,3.14159,3.14159,3.14159,3.14159
90,90,90,90,147.653,90,32.3474
180,259.168,0,180,180,100.685,180
90,90,90,90,147.653,90,32.3474
0,280.832,0,180,0,79.3151,0
7
6.3505e-09,3.37005e-08,2.03387e-08,1.30084e-08,1.1846e-08,3.41589e-08,1.1846e-08
-73.6034,-97.9399,-94.5137,-90.5317,-85.9187,-97.4873,-85.9187
0,3.14159,3.14159,3.14159,3.14159,3.14159,3.14159
90,90,90,90,147.582,90,32.4176
175.786,259.168,1.31475,177.944,175.786,100.685,175.786
90,90,90,90,147.582,90,32.4176
355.786,280.832,358.685,182.056,355.786,79.3151,355.786
7
6.33763e-09,3.34713e-08,2.03347e-08,1.30021e-08,1.18392e-08,3.43882e-08,1.18392e-08
-73.5858,-97.8807,-94.512,-90.5275,-85.9136,-97.5454,-85.9136
0,3.14159,3.14159,3.14159,3.14159,3.14159,3.14159
90,90,90,90,147.635,90,32.365
177.89,259.093,0.657464,178.972,177.89,100.613,177.89
90,90,90,90,147.635,90,32.365
357.89,280.907,359.343,181.028,357.89,79.3872,357.89
7
6.00454e-09,3.43284e-08,2.0668e-08,1.26688e-08,1.16642e-08,3.34098e-08,1.16642e-08
-73.1168,-98.1003,-94.6532,-90.3019,-85.7843,-97.2947,-85.7843
0,3.14159,3.14159,3.14159,3.14159,3.14159,3.14159
90,90,90,90,149.017,90,30.9829
182.227,259.934,359.353,181.055,182.227,100.346,182.227
90,90,90,90,149.017,90,30.9829
2.22705,280.066,0.64686,178.945,2.22705,79.6542,2.22705
7
6.01812e-09,3.40987e-08,2.06719e-08,1.26753e-08,1.16712e-08,3.36394e-08,1.16712e-08
-73.1364,-98.042,-94.6548,-90.3064,-85.7896,-97.3542,-85.7896
0,3.14159,3.14159,3.14159,3.14159,3.14159,3.14159
90,90,90,90,148.96,90,31.04
184.447,259.865,358.706,182.11,184.447,100.274,184.447
90,90,90,90,148.96,90,31.04
4.44738,280.135,1.29356,177.89,4.44738,79.7256,4.44738
7
6e-09,3.40987e-08,2.06667e-08,1.26667e-08,1.16619e-08,3.36394e-08,1.16619e-08
-73.1102,-98.042,-94.6526,-90.3005,-85.7826,-97.3542,-85.7826
0,3.14159,3.14159,3.14159,3.14159,3.14159,3.14159
90,90,90,90,149.036,90,30.9638
180,259.865,0,180,180,100.274,180
90,90,90,90,149.036,90,30.9638
0,280.135,0,180,0,79.7256,0
7
6.00454e-09,3.3869e-08,2.0668e-08,1.26688e-08,1.16642e-08,3.3869e-08,1.16642e-08
-73.1168,-97.9833,-94.6532,-90.3019,-85.7843,-97.4133,-85.7843
0,3.14159,3.14159,3.14159,3.14159,3.14159,3.14159
90,90,90,90,149.017,90,30.9829
182.227,259.796,359.353,181.055,182.227,100.204,182.227
90,90,90,90,149.017,90,30.9829
2.22705,280.204,0.64686,178.945,2.22705,79.796,2.22705
7
6.00454e-09,3.3869e-08,2.0668e-08,1.26688e-08,1.16642e-08,3.3869e-08,1.16642e-08
-73.1168,-97.9833,-94.6532,-90.3019,-85.7843,-97.4133,-85.7843
0,3.14159,3.14159,3.14159,3.14159,3.14159,3.14159
90,90,90,90,149.017,90,30.9829
177.773,259.796,0.64686,178.945,177.773,100.204,177.773
90,90,90,90,149.017,90,30.9829
357.773,280.204,359.353,181.055,357.773,79.796,357.773
7
6e-09,3.36394e-08,2.06667e-08,1.26667e-08,1.16619e-08,3.40987e-08,1.16619e-08
-73.1102,-97.9242,-94.6526,-90.3005,-85.7826,-97.472,-85.7826
0,3.14159,3.14159,3.14159,3.14159,3.14159,3.14159
90,90,90,90,149.036,90,30.9638
180,259.726,0,180,180,100.135,180
90,90,90,90,149.036,90,30.9638
0,280.274,0,180,0,79.8655,0
7
6.01812e-09,3.36394e-08,2.06719e-08,1.26753e-08,1.16712e-08,3.40987e-08,1.16712e-08
-73.1364,-97.9242,-94.6548,-90.3064,-85.7896,-97.472,-85.7896
0,3.14159,3.14159,3.14159,3.14159,3.14159,3.14159
90,90,90,90,148.96,90,31.04
175.553,259.726,1.29356,177.89,175.553,100.135,175.553
90,90,90,90,148.96,90,31.04
355.553,280.274,358.706,182.11,355.553,79.8655,355.553
7
6.00454e-09,3.34098e-08,2.0668e-08,1.26688e-08,1.16642e-08,3.43284e-08,1.16642e-08
-73.1168,-97.8647,-94.6532,-90.3019,-85.7843,-97.5303,-85.7843
0,3.14159,3.14159,3.14159,3.14159,3.14159,3.14159
90,90,90,90,149.017,90,30.9829
177.773,259.654,0.64686,178.945,177.773,100.066,177.773
90,90,90,90,149.017,90,30.9829
357.773,280.346,359.353,181.055,357.773,79.934,357.773
7
5.67147e-09,3.42717e-08,2.10013e-08,1.23355e-08,1.14963e-08,3.33516e-08,1.14963e-08
-72.6211,-98.0859,-94.7921,-90.0704,-85.6584,-97.2796,-85.6584
0,3.14159,3.14159,3.14159,3.14159,3.14159,3.14159
90,90,90,90,150.44,90,29.5596
182.358,260.483,359.363,181.084,182.358,99.7824,182.358
90,90,90,90,150.44,90,29.5596
2.35791,279.517,0.636594,178.916,2.35791,80.2176,2.35791
7
5.68585e-09,3.40416e-08,2.10052e-08,1.23422e-08,1.15034e-08,3.35816e-08,1.15034e-08
-72.6431,-98.0274,-94.7938,-90.075,-85.6638,-97.3392,-85.6638
0,3.14159,3.14159,3.14159,3.14159,3.14159,3.14159
90,90,90,90,150.378,90,29.6219
184.708,260.418,358.727,182.167,184.708,99.7148,184.708
90,90,90,90,150.378,90,29.6219
4.70785,279.582,1.27303,177.833,4.70785,80.2852,4.70785
7
5.66667e-09,3.40416e-08,2.1e-08,1.23333e-08,1.1494e-08,3.35816e-08,1.1494e-08
-72.6138,-98.0274,-94.7916,-90.0688,-85.6566,-97.3392,-85.6566
0,3.14159,3.14159,3.14159,3.14159,3.14159,3.14159
90,90,90,90,150.461,90,29.5388
180,260.418,0,180,180,99.7148,180
90,90,90,90,150.461,90,29.5388
0,279.582,0,180,0,80.2852,0
7
5.67147e-09,3.38116e-08,2.10013e-08,1.23355e-08,1.14963e-08,3.38116e-08,1.14963e-08
-72.6211,-97.9685,-94.7921,-90.0704,-85.6584,-97.3985,-85.6584
0,3.14159,3.14159,3.14159,3.14159,3.14159,3.14159
90,90,90,90,150.44,90,29.5596
182.358,260.352,359.363,181.084,182.358,99.648,182.358
90,90,90,90,150.44,90,29.5596
2.35791,279.648,0.636594,178.916,2.35791,80.352,2.35791
7
5.67147e-09,3.38116e-08,2.10013e-08,1.23355e-08,1.14963e-08,3.38116e-08,1.14963e-08
-72.6211,-97.9685,-94.7921,-90.0704,-85.6584,-97.3985,-85.6584
0,3.14159,3.14159,3.14159,3.14159,3.14159,3.14159
90,90,90,90,150.44,90,29.5596
177.642,260.352,0.636594,178.916,177.642,99.648,177.642
90,90,90,90,150.44,90,29.5596
357.642,279.648,359.363,181.084,357.642,80.352,357.642
7
5.66667e-09,3.35816e-08,2.1e-08,1.23333e-08,1.1494e-08,3.40416e-08,1.1494e-08
-72.6138,-97.9092,-94.7916,-90.0688,-85.6566,-97.4574,-85.6566
0,3.14159,3.14159,3.14159,3.14159,3.14159,3.14159
90,90,90,90,150.461,90,29.5388
180,260.285,0,180,180,99.5822,180
90,90,90,90,150.461,90,29.5388
0,279.715,0,180,0,80.4178,0
7
5.68585e-09,3.35816e-08,2.10052e-08,1.23422e-08,1.15034e-08,3.40416e-08,1.15034e-08
-72.6431,-97.9092,-94.7938,-90.075,-85.6638,-97.4574,-85.6638
0,3.14159,3.14159,3.14159,3.14159,3.14159,3.14159
90,90,90,90,150.378,90,29.6219
175.292,260.285,1.27303,177.833,175.292,99.5822,175.292
90,90,90,90,150.378,90,29.6219
355.292,279.715,358.727,182.167,355.292,80.4178,355.292
7
5.67147e-09,3.33516e-08,2.10013e-08,1.23355e-08,1.14963e-08,3.42717e-08,1.14963e-08
-72.6211,-97.8496,-94.7921,-90.0704,-85.6584,-97.5159,-85.6584
0,3.14159,3.14159,3.14159,3.14159,3.14159,3.14159
90,90,90,90,150.44,90,29.5596
177.642,260.218,0.636594,178.916,177.642,99.5173,177.642
90,90,90,90,150.44,90,29.5596
357.642,279.782,359.363,181.084,357.642,80.4827,357.642
7
5.33844e-09,3.42182e-08,2.13346e-08,1.20023e-08,1.13357e-08,3.32966e-08,1.13357e-08
-72.0955,-98.0724,-94.9289,-89.8325,-85.5362,-97.2652,-85.5362
0,3.14159,3.14159,3.14159,3.14159,3.14159,3.14159
90,90,90,90,151.905,90,28.0952
182.505,261.033,359.373,181.114,182.505,99.2171,182.505
90,90,90,90,151.905,90,28.0952
2.50509,278.967,0.626648,178.886,2.50509,80.7829,2.50509
7
5.35371e-09,3.39877e-08,2.13384e-08,1.20091e-08,1.13429e-08,3.35269e-08,1.13429e-08
-72.1203,-98.0137,-94.9305,-89.8374,-85.5417,-97.3251,-85.5417
0,3.14159,3.14159,3.14159,3.14159,3.14159,3.14159
90,90,90,90,151.837,90,28.1633
185.001,260.972,358.747,182.227,185.001,99.1533,185.001
90,90,90,90,151.837,90,28.1633
5.00064,279.028,1.25315,177.773,5.00064,80.8467,5.00064
7
5.33333e-09,3.39877e-08,2.13333e-08,1.2e-08,1.13333e-08,3.35269e-08,1.13333e-08
-72.0872,-98.0137,-94.9284,-89.8308,-85.5344,-97.3251,-85.5344
0,3.14159,3.14159,3.14159,3.14159,3.14159,3.14159
90,90,90,90,151.928,90,28.0725
180,260.972,0,180,180,99.1533,180
90,90,90,90,151.928,90,28.0725
0,279.028,0,180,0,80.8467,0
7
5.33844e-09,3.37573e-08,2.13346e-08,1.20023e-08,1.13357e-08,3.37573e-08,1.13357e-08
-72.0955,-97.9546,-94.9289,-89.8325,-85.5362,-97.3846,-85.5362
0,3.14159,3.14159,3.14159,3.14159,3.14159,3.14159
90,90,90,90,151.905,90,28.0952
182.505,260.91,359.373,181.114,182.505,99.0903,182.505
90,90,90,90,151.905,90,28.0952
2.50509,279.09,0.626648,178.886,2.50509,80.9097,2.50509
7
5.33844e-09,3.37573e-08,2.13346e-08,1.20023e-08,1.13357e-08,3.37573e-08,1.13357e-08
-72.0955,-97.9546,-94.9289,-89.8325,-85.5362,-97.3846,-85.5362
0,3.14159,3.14159,3.14159,3.14159,3.14159,3.14159
90,90,90,90,151.905,90,28.0952
177.495,260.91,0.626648,178.886,177.495,99.0903,177.495
90,90,90,90,151.905,90,28.0952
357.495,279.09,359.373,181.114,357.495,80.9097,357.495
7
5.33333e-09,3.35269e-08,2.13333e-08,1.2e-08,1.13333e-08,3.39877e-08,1.13333e-08
-72.0872,-97.8951,-94.9284,-89.8308,-85.5344,-97.4437,-85.5344
0,3.14159,3.14159,3.14159,3.14159,3.14159,3.14159
90,90,90,90,151.928,90,28.0725
180,260.847,0,180,180,99.0281,180
90,90,90,90,151.928,90,28.0725
0,279.153,0,180,0,80.9719,0
7
5.35371e-09,3.35269e-08,2.13384e-08,1.20091e-08,1.13429e-08,3.39877e-08,1.13429e-08
-72.1203,-97.8951,-94.9305,-89.8374,-85.5417,-97.4437,-85.5417
0,3.14159,3.14159,3.14159,3.14159,3.14159,3.14159
90,90,90,90,151.837,90,28.1633
174.999,260.847,1.25315,177.773,174.999,99.0281,174.999
90,90,90,90,151.837,90,28.1633
354.999,279.153,358.747,182.227,354.999,80.9719,354.999
7
5.33844e-09,3.32966e-08,2.13346e-08,1.20023e-08,1.13357e-08,3.42182e-08,1.13357e-08
-72.0955,-97.8352,-94.9289,-89.8325,-85.5362,-97.5024,-85.5362
0,3.14159,3.14159,3.14159,3.14159,3.14159,3.14159
90,90,90,90,151.905,90,28.0952
177.495,260.783,0.626648,178.886,177.495,98.9668,177.495
90,90,90,90,151.905,90,28.0952
357.495,279.217,359.373,181.114,357.495,81.0332,357.495
7
5.00544e-09,3.41678e-08,2.16679e-08,1.1669e-08,1.11828e-08,3.32448e-08,1.11828e-08
-71.5361,-98.0596,-95.0636,-89.5879,-85.4182,-97.2517,-85.4182
0,3.14159,3.14159,3.14159,3.14159,3.14159,3.14159
90,90,90,90,153.41,90,26.59
182.672,261.585,359.383,181.146,182.672,98.6501,182.672
90,90,90,90,153.41,90,26.59
2.67186,278.415,0.617008,178.854,2.67186,81.3499,2.67186
7
5.02173e-09,3.3937e-08,2.16717e-08,1.1676e-08,1.11901e-08,3.34755e-08,1.11901e-08
-71.5643,-98.0007,-95.0651,-89.5931,-85.4239,-97.3118,-85.4239
0,3.14159,3.14159,3.14159,3.14159,3.14159,3.14159
90,90,90,90,153.335,90,26.6646
185.332,261.528,358.766,182.291,185.332,98.59,185.332
90,90,90,90,153.335,90,26.6646
5.33216,278.472,1.23387,177.709,5.33216,81.41,5.33216
7
5e-09,3.3937e-08,2.16667e-08,1.16667e-08,1.11803e-08,3.34755e-08,1.11803e-08
-71.5266,-98.0007,-95.0631,-89.5862,-85.4163,-97.3118,-85.4163
0,3.14159,3.14159,3.14159,3.14159,3.14159,3.14159
90,90,90,90,153.435,90,26.5651
180,261.528,0,180,180,98.59,180
90,90,90,90,153.435,90,26.5651
0,278.472,0,180,0,81.41,0
7
5.00544e-09,3.37062e-08,2.16679e-08,1.1669e-08,1.11828e-08,3.37062e-08,1.11828e-08
-71.5361,-97.9414,-95.0636,-89.5879,-85.4182,-97.3714,-85.4182
0,3.14159,3.14159,3.14159,3.14159,3.14159,3.14159
90,90,90,90,153.41,90,26.59
182.672,261.469,359.383,181.146,182.672,98.5308,182.672
90,90,90,90,153.41,90,26.59
2.67186,278.531,0.617008,178.854,2.67186,81.4692,2.67186
7
5.00544e-09,3.37062e-08,2.16679e-08,1.1669e-08,1.11828e-08,3.37062e-08,1.11828e-08
-71.5361,-97.9414,-95.0636,-89.5879,-85.4182,-97.3714,-85.4182
0,3.14159,3.14159,3.14159,3.14159,3.14159,3.14159
90,90,90,90,153.41,90,26.59
177.328,261.469,0.617008,178.854,177.328,98.5308,177.328
90,90,90,90,153.41,90,26.59
357.328,278.531,359.383,181.146,357.328,81.4692,357.328
7
5e-09,3.34755e-08,2.16667e-08,1.16667e-08,1.11803e-08,3.3937e-08,1.11803e-08
-71.5266,-97.8818,-95.0631,-89.5862,-85.4163,-97.4307,-85.4163
0,3.14159,3.14159,3.14159,3.14159,3.14159,3.14159
90,90,90,90,153.435,90,26.5651
180,261.41,0,180,180,98.4723,180
90,90,90,90,153.435,90,26.5651
0,278.59,0,180,0,81.5277,0
7
5.02173e-09,3.34755e-08,2.16717e-08,1.1676e-08,1.11901e-08,3.3937e-08,1.11901e-08
-71.5643,-97.8818,-95.0651,-89.5931,-85.4239,-97.4307,-85.4239
0,3.14159,3.14159,3.14159,3.14159,3.14159,3.14159
90,90,90,90,153.335,90,26.6646
174.668,261.41,1.23387,177.709,174.668,98.4723,174.668
90,90,90,90,153.335,90,26.6646
354.668,278.59,358.766,182.291,354.668,81.5277,354.668
7
5.00544e-09,3.32448e-08,2.16679e-08,1.1669e-08,1.11828e-08,3.41678e-08,1.11828e-08
-71.5361,-97.8217,-95.0636,-89.5879,-85.4182,-97.4896,-85.4182
0,3.14159,3.14159,3.14159,3.14159,3.14159,3.14159
90,90,90,90,153.41,90,26.59
177.328,261.35,0.617008,178.854,177.328,98.4147,177.328
90,90,90,90,153.41,90,26.59
357.328,278.65,359.383,181.146,357.328,81.5853,357.328
7
4.6725e-09,3.41206e-08,2.20012e-08,1.13357e-08,1.10378e-08,3.31963e-08,1.10378e-08
-70.9382,-98.0476,-95.1962,-89.3362,-85.3048,-97.239,-85.3048
0,3.14159,3.14159,3.14159,3.14159,3.14159,3.14159
90,90,90,90,154.956,90,25.0443
182.862,262.139,359.392,181.179,182.862,98.0813,182.862
90,90,90,90,154.956,90,25.0443
2.86241,277.861,0.60766,178.821,2.86241,81.9187,2.86241
7
4.68994e-09,3.38895e-08,2.20049e-08,1.13429e-08,1.10452e-08,3.34274e-08,1.10452e-08
-70.9706,-97.9885,-95.1976,-89.3417,-85.3107,-97.2993,-85.3107
0,3.14159,3.14159,3.14159,3.14159,3.14159,3.14159
90,90,90,90,154.874,90,25.1263
185.711,262.085,358.785,182.358,185.711,98.0251,185.711
90,90,90,90,154.874,90,25.1263
5.71059,277.915,1.21518,177.642,5.71059,81.9749,5.71059
7
4.66667e-09,3.38895e-08,2.2e-08,1.13333e-08,1.10353e-08,3.34274e-08,1.10353e-08
-70.9274,-97.9885,-95.1957,-89.3344,-85.3029,-97.2993,-85.3029
0,3.14159,3.14159,3.14159,3.14159,3.14159,3.14159
90,90,90,90,154.983,90,25.0169
180,262.085,0,180,180,98.0251,180
90,90,90,90,154.983,90,25.0169
0,277.915,0,180,0,81.9749,0
7
4.6725e-09,3.36584e-08,2.20012e-08,1.13357e-08,1.10378e-08,3.36584e-08,1.10378e-08
-70.9382,-97.9291,-95.1962,-89.3362,-85.3048,-97.3591,-85.3048
0,3.14159,3.14159,3.14159,3.14159,3.14159,3.14159
90,90,90,90,154.956,90,25.0443
182.862,262.03,359.392,181.179,182.862,97.9696,182.862
90,90,90,90,154.956,90,25.0443
2.86241,277.97,0.60766,178.821,2.86241,82.0304,2.86241
7
4.6725e-09,3.36584e-08,2.20012e-08,1.13357e-08,1.10378e-08,3.36584e-08,1.10378e-08
-70.9382,-97.9291,-95.1962,-89.3362,-85.3048,-97.3591,-85.3048
0,3.14159,3.14159,3.14159,3.14159,3.14159,3.14159
90,90,90,90,154.956,90,25.0443
177.138,262.03,0.60766,178.821,177.138,97.9696,177.138
90,90,90,90,154.956,90,25.0443
357.138,277.97,359.392,181.179,357.138,82.0304,357.138
7
4.66667e-09,3.34274e-08,2.2e-08,1.13333e-08,1.10353e-08,3.38895e-08,1.10353e-08
-70.9274,-97.8693,-95.1957,-89.3344,-85.3029,-97.4185,-85.3029
0,3.14159,3.14159,3.14159,3.14159,3.14159,3.14159
90,90,90,90,154.983,90,25.0169
180,261.975,0,180,180,97.9149,180
90,90,90,90,154.983,90,25.0169
0,278.025,0,180,0,82.0851,0
7
4.68994e-09,3.34274e-08,2.20049e-08,1.13429e-08,1.10452e-08,3.38895e-08,1.10452e-08
-70.9706,-97.8693,-95.1976,-89.3417,-85.3107,-97.4185,-85.3107
0,3.14159,3.14159,3.14159,3.14159,3.14159,3.14159
90,90,90,90,154.874,90,25.1263
174.289,261.975,1.21518,177.642,174.289,97.9149,174.289
90,90,90,90,154.874,90,25.1263
354.289,278.025,358.785,182.358,354.289,82.0851,354.289
7
4.6725e-09,3.31963e-08,2.20012e-08,1.13357e-08,1.10378e-08,3.41206e-08,1.10378e-08
-70.9382,-97.809,-95.1962,-89.3362,-85.3048,-97.4776,-85.3048
0,3.14159,3.14159,3.14159,3.14159,3.14159,3.14159
90,90,90,90,154.956,90,25.0443
177.138,261.919,0.60766,178.821,177.138,97.861,177.138
90,90,90,90,154.956,90,25.0443
357.138,278.081,359.392,181.179,357.138,82.139,357.138
7
4.33961e-09,3.40766e-08,2.23346e-08,1.10025e-08,1.0901e-08,3.31511e-08,1.0901e-08
-70.2962,-98.0364,-95.3268,-89.077,-85.1966,-97.2272,-85.1966
0,3.14159,3.14159,3.14159,3.14159,3.14159,3.14159
90,90,90,90,156.541,90,23.459
183.082,262.694,359.401,181.215,183.082,97.5109,183.082
90,90,90,90,156.541,90,23.459
3.08218,277.306,0.598591,178.785,3.08218,82.4891,3.08218
7
4.35839e-09,3.38452e-08,2.23382e-08,1.10099e-08,1.09085e-08,3.33824e-08,1.09085e-08
-70.3337,-97.9772,-95.3282,-89.0829,-85.2025,-97.2876,-85.2025
0,3.14159,3.14159,3.14159,3.14159,3.14159,3.14159
90,90,90,90,156.451,90,23.5494
186.147,262.644,358.803,182.429,186.147,97.4585,186.147
90,90,90,90,156.451,90,23.5494
6.14663,277.356,1.19705,177.571,6.14663,82.5415,6.14663
7
4.33333e-09,3.38452e-08,2.23333e-08,1.1e-08,1.08985e-08,3.33824e-08,1.08985e-08
-70.2837,-97.9772,-95.3263,-89.0751,-85.1946,-97.2876,-85.1946
0,3.14159,3.14159,3.14159,3.14159,3.14159,3.14159
90,90,90,90,156.571,90,23.4287
180,262.644,0,180,180,97.4585,180
90,90,90,90,156.571,90,23.4287
0,277.356,0,180,0,82.5415,0
7
4.33961e-09,3.36138e-08,2.23346e-08,1.10025e-08,1.0901e-08,3.36138e-08,1.0901e-08
-70.2962,-97.9176,-95.3268,-89.077,-85.1966,-97.3476,-85.1966
0,3.14159,3.14159,3.14159,3.14159,3.14159,3.14159
90,90,90,90,156.541,90,23.459
183.082,262.593,359.401,181.215,183.082,97.4069,183.082
90,90,90,90,156.541,90,23.459
3.08218,277.407,0.598591,178.785,3.08218,82.5931,3.08218
7
4.33961e-09,3.36138e-08,2.23346e-08,1.10025e-08,1.0901e-08,3.36138e-08,1.0901e-08
-70.2962,-97.9176,-95.3268,-89.077,-85.1966,-97.3476,-85.1966
0,3.14159,3.14159,3.14159,3.14159,3.14159,3.14159
90,90,90,90,156.541,90,23.459
176.918,262.593,0.598591,178.785,176.918,97.4069,176.918
90,90,90,90,156.541,90,23.459
356.918,277.407,359.401,181.215,356.918,82.5931,356.918
7
4.33333e-09,3.33824e-08,2.23333e-08,1.1e-08,1.08985e-08,3.38452e-08,1.08985e-08
-70.2837,-97.8576,-95.3263,-89.0751,-85.1946,-97.4072,-85.1946
0,3.14159,3.14159,3.14159,3.14159,3.14159,3.14159
90,90,90,90,156.571,90,23.4287
180,262.541,0,180,180,97.356,180
90,90,90,90,156.571,90,23.4287
0,277.459,0,180,0,82.644,0
7
4.35839e-09,3.33824e-08,2.23382e-08,1.10099e-08,1.09085e-08,3.38452e-08,1.09085e-08
-70.3337,-97.8576,-95.3282,-89.0829,-85.2025,-97.4072,-85.2025
0,3.14159,3.14159,3.14159,3.14159,3.14159,3.14159
90,90,90,90,156.451,90,23.5494
173.853,262.541,1.19705,177.571,173.853,97.356,173.853
90,90,90,90,156.451,90,23.5494
353.853,277.459,358.803,182.429,353.853,82.644,353.853
7
4.33961e-09,3.31511e-08,2.23346e-08,1.10025e-08,1.0901e-08,3.40766e-08,1.0901e-08
-70.2962,-97.7972,-95.3268,-89.077,-85.1966,-97.4664,-85.1966
0,3.14159,3.14159,3.14159,3.14159,3.14159,3.14159
90,90,90,90,156.541,90,23.459
176.918,262.489,0.598591,178.785,176.918,97.3058,176.918
90,90,90,90,156.541,90,23.459
356.918,277.511,359.401,181.215,356.918,82.6942,356.918
7
4.0068e-09,3.40359e-08,2.26679e-08,1.06692e-08,1.07729e-08,3.31092e-08,1.07729e-08
-69.6032,-98.026,-95.4554,-88.8099,-85.0938,-97.2162,-85.0938
0,3.14159,3.14159,3.14159,3.14159,3.14159,3.14159
90,90,90,90,158.165,90,21.835
183.338,263.251,359.41,181.253,183.338,96.939,183.338
90,90,90,90,158.165,90,21.835
3.33847,276.749,0.589789,178.747,3.33847,83.061,3.33847
7
4.02713e-09,3.38042e-08,2.26715e-08,1.06769e-08,1.07804e-08,3.33408e-08,1.07804e-08
-69.6471,-97.9666,-95.4568,-88.8161,-85.0999,-97.2767,-85.0999
0,3.14159,3.14159,3.14159,3.14159,3.14159,3.14159
90,90,90,90,158.065,90,21.9353
186.654,263.204,358.821,182.505,186.654,96.8905,186.654
90,90,90,90,158.065,90,21.9353
6.65443,276.796,1.17945,177.495,6.65443,83.1095,6.65443
7
4e-09,3.38042e-08,2.26667e-08,1.06667e-08,1.07703e-08,3.33408e-08,1.07703e-08
-69.5884,-97.9666,-95.455,-88.8078,-85.0918,-97.2767,-85.0918
0,3.14159,3.14159,3.14159,3.14159,3.14159,3.14159
90,90,90,90,158.199,90,21.8014
180,263.204,0,180,180,96.8905,180
90,90,90,90,158.199,90,21.8014
0,276.796,0,180,0,83.1095,0
7
4.0068e-09,3.35725e-08,2.26679e-08,1.06692e-08,1.07729e-08,3.35725e-08,1.07729e-08
-69.6032,-97.9069,-95.4554,-88.8099,-85.0938,-97.3369,-85.0938
0,3.14159,3.14159,3.14159,3.14159,3.14159,3.14159
90,90,90,90,158.165,90,21.835
183.338,263.157,359.41,181.253,183.338,96.8428,183.338
90,90,90,90,158.165,90,21.835
3.33847,276.843,0.589789,178.747,3.33847,83.1572,3.33847
7
4.0068e-09,3.35725e-08,2.26679e-08,1.06692e-08,1.07729e-08,3.35725e-08,1.07729e-08
-69.6032,-97.9069,-95.4554,-88.8099,-85.0938,-97.3369,-85.0938
0,3.14159,3.14159,3.14159,3.14159,3.14159,3.14159
90,90,90,90,158.165,90,21.835
176.662,263.157,0.589789,178.747,176.662,96.8428,176.662
90,90,90,90,158.165,90,21.835
356.662,276.843,359.41,181.253,356.662,83.1572,356.662
7
4e-09,3.33408e-08,2.26667e-08,1.06667e-08,1.07703e-08,3.38042e-08,1.07703e-08
-69.5884,-97.8467,-95.455,-88.8078,-85.0918,-97.3966,-85.0918
0,3.14159,3.14159,3.14159,3.14159,3.14159,3.14159
90,90,90,90,158.199,90,21.8014
180,263.109,0,180,180,96.7957,180
90,90,90,90,158.199,90,21.8014
0,276.891,0,180,0,83.2043,0
7
4.02713e-09,3.33408e-08,2.26715e-08,1.06769e-08,1.07804e-08,3.38042e-08,1.07804e-08
-69.6471,-97.8467,-95.4568,-88.8161,-85.0999,-97.3966,-85.0999
0,3.14159,3.14159,3.14159,3.14159,3.14159,3.14159
90,90,90,90,158.065,90,21.9353
173.346,263.109,1.17945,177.495,173.346,96.7957,173.346
90,90,90,90,158.065,90,21.9353
353.346,276.891,358.821,182.505,353.346,83.2043,353.346
7
4.0068e-09,3.31092e-08,2.26679e-08,1.06692e-08,1.07729e-08,3.40359e-08,1.07729e-08
-69.6032,-97.7862,-95.4554,-88.8099,-85.0938,-97.456,-85.0938
0,3.14159,3.14159,3.14159,3.14159,3.14159,3.14159
90,90,90,90,158.165,90,21.835
176.662,263.061,0.589789,178.747,176.662,96.7492,176.662
90,90,90,90,158.165,90,21.835
356.662,276.939,359.41,181.253,356.662,83.2508,356.662
7
3.67408e-09,3.39983e-08,2.30012e-08,1.0336e-08,1.06536e-08,3.30706e-08,1.06536e-08
-68.8502,-98.0164,-95.5822,-88.5342,-84.9971,-97.2061,-84.9971
0,3.14159,3.14159,3.14159,3.14159,3.14159,3.14159
90,90,90,90,159.826,90,20.1738
183.641,263.809,359.419,181.294,183.641,96.3657,183.641
90,90,90,90,159.826,90,20.1738
3.64119,276.191,0.581242,178.706,3.64119,83.6343,3.64119
7
3.69624e-09,3.37663e-08,2.30047e-08,1.03439e-08,1.06612e-08,3.33025e-08,1.06612e-08
-68.9024,-97.9569,-95.5836,-88.5409,-85.0034,-97.2668,-85.0034
0,3.14159,3.14159,3.14159,3.14159,3.14159,3.14159
90,90,90,90,159.714,90,20.2855
187.253,263.766,358.838,182.586,187.253,96.3212,187.253
90,90,90,90,159.714,90,20.2855
7.25319,276.234,1.16236,177.414,7.25319,83.6788,7.25319
7
3.66667e-09,3.37663e-08,2.3e-08,1.03333e-08,1.0651e-08,3.33025e-08,1.0651e-08
-68.8327,-97.9569,-95.5818,-88.532,-84.9951,-97.2668,-84.9951
0,3.14159,3.14159,3.14159,3.14159,3.14159,3.14159
90,90,90,90,159.864,90,20.1363
180,263.766,0,180,180,96.3212,180
90,90,90,90,159.864,90,20.1363
0,276.234,0,180,0,83.6788,0
7
3.67408e-09,3.35344e-08,2.30012e-08,1.0336e-08,1.06536e-08,3.35344e-08,1.06536e-08
-68.8502,-97.897,-95.5822,-88.5342,-84.9971,-97.327,-84.9971
0,3.14159,3.14159,3.14159,3.14159,3.14159,3.14159
90,90,90,90,159.826,90,20.1738
183.641,263.723,359.419,181.294,183.641,96.2773,183.641
90,90,90,90,159.826,90,20.1738
3.64119,276.277,0.581242,178.706,3.64119,83.7227,3.64119
7
3.67408e-09,3.35344e-08,2.30012e-08,1.0336e-08,1.06536e-08,3.35344e-08,1.06536e-08
-68.8502,-97.897,-95.5822,-88.5342,-84.9971,-97.327,-84.9971
0,3.14159,3.14159,3.14159,3.14159,3.14159,3.14159
90,90,90,90,159.826,90,20.1738
176.359,263.723,0.581242,178.706,176.359,96.2773,176.359
90,90,90,90,159.826,90,20.1738
356.359,276.277,359.419,181.294,356.359,83.7227,356.359
7
3.66667e-09,3.33025e-08,2.3e-08,1.03333e-08,1.0651e-08,3.37663e-08,1.0651e-08
-68.8327,-97.8368,-95.5818,-88.532,-84.9951,-97.3869,-84.9951
0,3.14159,3.14159,3.14159,3.14159,3.14159,3.14159
90,90,90,90,159.864,90,20.1363
180,263.679,0,180,180,96.234,180
90,90,90,90,159.864,90,20.1363
0,276.321,0,180,0,83.766,0
7
3.69624e-09,3.33025e-08,2.30047e-08,1.03439e-08,1.06612e-08,3.37663e-08,1.06612e-08
-68.9024,-97.8368,-95.5836,-88.5409,-85.0034,-97.3869,-85.0034
0,3.14159,3.14159,3.14159,3.14159,3.14159,3.14159
90,90,90,90,159.714,90,20.2855
172.747,263.679,1.16236,177.414,172.747,96.234,172.747
90,90,90,90,159.714,90,20.2855
352.747,276.321,358.838,182.586,352.747,83.766,352.747
7
3.67408e-09,3.30706e-08,2.30012e-08,1.0336e-08,1.06536e-08,3.39983e-08,1.06536e-08
-68.8502,-97.7761,-95.5822,-88.5342,-84.9971,-97.4464,-84.9971
0,3.14159,3.14159,3.14159,3.14159,3.14159,3.14159
90,90,90,90,159.826,90,20.1738
176.359,263.634,0.581242,178.706,176.359,96.1913,176.359
90,90,90,90,159.826,90,20.1738
356.359,276.366,359.419,181.294,356.359,83.8087,356.359
7
3.34149e-09,3.3964e-08,2.33345e-08,1.00027e-08,1.05435e-08,3.30353e-08,1.05435e-08
-68.026,-98.0076,-95.7072,-88.2496,-84.9069,-97.1968,-84.9069
0,3.14159,3.14159,3.14159,3.14159,3.14159,3.14159
90,90,90,90,161.523,90,18.477
184.004,264.368,359.427,181.337,184.004,95.7911,184.004
90,90,90,90,161.523,90,18.477
4.00417,275.632,0.572939,178.663,4.00417,84.2089,4.00417
7
3.36584e-09,3.37318e-08,2.3338e-08,1.00109e-08,1.05513e-08,3.32674e-08,1.05513e-08
-68.0891,-97.948,-95.7085,-88.2567,-84.9133,-97.2576,-84.9133
0,3.14159,3.14159,3.14159,3.14159,3.14159,3.14159
90,90,90,90,161.398,90,18.6024
187.97,264.329,358.854,182.672,187.97,95.7506,187.97
90,90,90,90,161.398,90,18.6024
7.96961,275.671,1.14576,177.328,7.96961,84.2494,7.96961
7
3.33333e-09,3.37318e-08,2.33333e-08,1e-08,1.05409e-08,3.32674e-08,1.05409e-08
-68.0048,-97.948,-95.7068,-88.2472,-84.9048,-97.2576,-84.9048
0,3.14159,3.14159,3.14159,3.14159,3.14159,3.14159
90,90,90,90,161.565,90,18.4349
180,264.329,0,180,180,95.7506,180
90,90,90,90,161.565,90,18.4349
0,275.671,0,180,0,84.2494,0
7
3.34149e-09,3.34996e-08,2.33345e-08,1.00027e-08,1.05435e-08,3.34996e-08,1.05435e-08
-68.026,-97.888,-95.7072,-88.2496,-84.9069,-97.318,-84.9069
0,3.14159,3.14159,3.14159,3.14159,3.14159,3.14159
90,90,90,90,161.523,90,18.477
184.004,264.289,359.427,181.337,184.004,95.7106,184.004
90,90,90,90,161.523,90,18.477
4.00417,275.711,0.572939,178.663,4.00417,84.2894,4.00417
7
3.34149e-09,3.34996e-08,2.33345e-08,1.00027e-08,1.05435e-08,3.34996e-08,1.05435e-08
-68.026,-97.888,-95.7072,-88.2496,-84.9069,-97.318,-84.9069
0,3.14159,3.14159,3.14159,3.14159,3.14159,3.14159
90,90,90,90,161.523,90,18.477
175.996,264.289,0.572939,178.663,175.996,95.7106,175.996
90,90,90,90,161.523,90,18.477
355.996,275.711,359.427,181.337,355.996,84.2894,355.996
7
3.33333e-09,3.32674e-08,2.33333e-08,1e-08,1.05409e-08,3.37318e-08,1.05409e-08
-68.0048,-97.8276,-95.7068,-88.2472,-84.9048,-97.378,-84.9048
0,3.14159,3.14159,3.14159,3.14159,3.14159,3.14159
90,90,90,90,161.565,90,18.4349
180,264.249,0,180,180,95.6712,180
90,90,90,90,161.565,90,18.4349
0,275.751,0,180,0,84.3288,0
7
3.36584e-09,3.32674e-08,2.3338e-08,1.00109e-08,1.05513e-08,3.37318e-08,1.05513e-08
-68.0891,-97.8276,-95.7085,-88.2567,-84.9133,-97.378,-84.9133
0,3.14159,3.14159,3.14159,3.14159,3.14159,3.14159
90,90,90,90,161.398,90,18.6024
172.03,264.249,1.14576,177.328,172.03,95.6712,172.03
90,90,90,90,161.398,90,18.6024
352.03,275.751,358.854,182.672,352.03,84.3288,352.03
7
3.34149e-09,3.30353e-08,2.33345e-08,1.00027e-08,1.05435e-08,3.3964e-08,1.05435e-08
-68.026,-97.7668,-95.7072,-88.2496,-84.9069,-97.4376,-84.9069
0,3.14159,3.14159,3.14159,3.14159,3.14159,3.14159
90,90,90,90,161.523,90,18.477
175.996,264.209,0.572939,178.663,175.996,95.6323,175.996
90,90,90,90,161.523,90,18.477
355.996,275.791,359.427,181.337,355.996,84.3677,355.996
7
3.00906e-09,3.39329e-08,2.36678e-08,9.66948e-09,1.04429e-08,3.30033e-08,1.04429e-08
-67.1158,-97.9996,-95.8304,-87.9553,-84.8237,-97.1884,-84.8237
0,3.14159,3.14159,3.14159,3.14159,3.14159,3.14159
90,90,90,90,163.253,90,16.7469
184.447,264.928,359.435,181.383,184.447,95.2154,184.447
90,90,90,90,163.253,90,16.7469
4.44738,275.072,0.56487,178.617,4.44738,84.7846,4.44738
7
3.03608e-09,3.37005e-08,2.36713e-08,9.67792e-09,1.04507e-08,3.32357e-08,1.04507e-08
-67.1935,-97.9399,-95.8317,-87.9629,-84.8302,-97.2493,-84.8302
0,3.14159,3.14159,3.14159,3.14159,3.14159,3.14159
90,90,90,90,163.111,90,16.8887
188.842,264.893,358.87,182.764,188.842,95.1788,188.842
90,90,90,90,163.111,90,16.8887
8.84181,275.107,1.12963,177.236,8.84181,84.8212,8.84181
7
3e-09,3.37005e-08,2.36667e-08,9.66667e-09,1.04403e-08,3.32357e-08,1.04403e-08
-67.0896,-97.9399,-95.83,-87.9528,-84.8215,-97.2493,-84.8215
0,3.14159,3.14159,3.14159,3.14159,3.14159,3.14159
90,90,90,90,163.301,90,16.6992
180,264.893,0,180,180,95.1788,180
90,90,90,90,163.301,90,16.6992
0,275.107,0,180,0,84.8212,0
7
3.00906e-09,3.34681e-08,2.36678e-08,9.66948e-09,1.04429e-08,3.34681e-08,1.04429e-08
-67.1158,-97.8798,-95.8304,-87.9553,-84.8237,-97.3098,-84.8237
0,3.14159,3.14159,3.14159,3.14159,3.14159,3.14159
90,90,90,90,163.253,90,16.7469
184.447,264.857,359.435,181.383,184.447,95.1428,184.447
90,90,90,90,163.253,90,16.7469
4.44738,275.143,0.56487,178.617,4.44738,84.8572,4.44738
7
3.00906e-09,3.34681e-08,2.36678e-08,9.66948e-09,1.04429e-08,3.34681e-08,1.04429e-08
-67.1158,-97.8798,-95.8304,-87.9553,-84.8237,-97.3098,-84.8237
0,3.14159,3.14159,3.14159,3.14159,3.14159,3.14159
90,90,90,90,163.253,90,16.7469
175.553,264.857,0.56487,178.617,175.553,95.1428,175.553
90,90,90,90,163.253,90,16.7469
355.553,275.143,359.435,181.383,355.553,84.8572,355.553
7
3e-09,3.32357e-08,2.36667e-08,9.66667e-09,1.04403e-08,3.37005e-08,1.04403e-08
-67.0896,-97.8193,-95.83,-87.9528,-84.8215,-97.3699,-84.8215
0,3.14159,3.14159,3.14159,3.14159,3.14159,3.14159
90,90,90,90,163.301,90,16.6992
180,264.821,0,180,180,95.1072,180
90,90,90,90,163.301,90,16.6992
0,275.179,0,180,0,84.8928,0
7
3.03608e-09,3.32357e-08,2.36713e-08,9.67792e-09,1.04507e-08,3.37005e-08,1.04507e-08
-67.1935,-97.8193,-95.8317,-87.9629,-84.8302,-97.3699,-84.8302
0,3.14159,3.14159,3.14159,3.14159,3.14159,3.14159
90,90,90,90,163.111,90,16.8887
171.158,264.821,1.12963,177.236,171.158,95.1072,171.158
90,90,90,90,163.111,90,16.8887
351.158,275.179,358.87,182.764,351.158,84.8928,351.158
7
3.00906e-09,3.30033e-08,2.36678e-08,9.66948e-09,1.04429e-08,3.39329e-08,1.04429e-08
-67.1158,-97.7584,-95.8304,-87.9553,-84.8237,-97.4296,-84.8237
0,3.14159,3.14159,3.14159,3.14159,3.14159,3.14159
90,90,90,90,163.253,90,16.7469
175.553,264.785,0.56487,178.617,175.553,95.0721,175.553
90,90,90,90,163.253,90,16.7469
355.553,275.215,359.435,181.383,355.553,84.9279,355.553
7
2.67686e-09,3.3905e-08,2.40011e-08,9.33625e-09,1.03521e-08,3.29747e-08,1.03521e-08
-66.0997,-97.9925,-95.9519,-87.6507,-84.7478,-97.1808,-84.7478
0,3.14159,3.14159,3.14159,3.14159,3.14159,3.14159
90,90,90,90,165.014,90,14.9859
185.001,265.489,359.443,181.432,185.001,94.6386,185.001
90,90,90,90,165.014,90,14.9859
5.00064,274.511,0.557025,178.568,5.00064,85.3614,5.00064
7
2.70719e-09,3.36724e-08,2.40045e-08,9.34499e-09,1.036e-08,3.32072e-08,1.036e-08
-66.1976,-97.9327,-95.9531,-87.6588,-84.7544,-97.2419,-84.7544
0,3.14159,3.14159,3.14159,3.14159,3.14159,3.14159
90,90,90,90,164.852,90,15.148
189.926,265.458,358.886,182.862,189.926,94.606,189.926
90,90,90,90,164.852,90,15.148
9.92625,274.542,1.11394,177.138,9.92625,85.394,9.92625
7
2.66667e-09,3.36724e-08,2.4e-08,9.33333e-09,1.03494e-08,3.32072e-08,1.03494e-08
-66.0666,-97.9327,-95.9514,-87.648,-84.7456,-97.2419,-84.7456
0,3.14159,3.14159,3.14159,3.14159,3.14159,3.14159
90,90,90,90,165.069,90,14.9314
180,265.458,0,180,180,94.606,180
90,90,90,90,165.069,90,14.9314
0,274.542,0,180,0,85.394,0
7
2.67686e-09,3.34398e-08,2.40011e-08,9.33625e-09,1.03521e-08,3.34398e-08,1.03521e-08
-66.0997,-97.8725,-95.9519,-87.6507,-84.7478,-97.3025,-84.7478
0,3.14159,3.14159,3.14159,3.14159,3.14159,3.14159
90,90,90,90,165.014,90,14.9859
185.001,265.426,359.443,181.432,185.001,94.5739,185.001
90,90,90,90,165.014,90,14.9859
5.00064,274.574,0.557025,178.568,5.00064,85.4261,5.00064
7
2.67686e-09,3.34398e-08,2.40011e-08,9.33625e-09,1.03521e-08,3.34398e-08,1.03521e-08
-66.0997,-97.8725,-95.9519,-87.6507,-84.7478,-97.3025,-84.7478
0,3.14159,3.14159,3.14159,3.14159,3.14159,3.14159
90,90,90,90,165.014,90,14.9859
174.999,265.426,0.557025,178.568,174.999,94.5739,174.999
90,90,90,90,165.014,90,14.9859
354.999,274.574,359.443,181.432,354.999,85.4261,354.999
7
2.66667e-09,3.32072e-08,2.4e-08,9.33333e-09,1.03494e-08,3.36724e-08,1.03494e-08
-66.0666,-97.8119,-95.9514,-87.648,-84.7456,-97.3627,-84.7456
0,3.14159,3.14159,3.14159,3.14159,3.14159,3.14159
90,90,90,90,165.069,90,14.9314
180,265.394,0,180,180,94.5423,180
90,90,90,90,165.069,90,14.9314
0,274.606,0,180,0,85.4577,0
7
2.70719e-09,3.32072e-08,2.40045e-08,9.34499e-09,1.036e-08,3.36724e-08,1.036e-08
-66.1976,-97.8119,-95.9531,-87.6588,-84.7544,-97.3627,-84.7544
0,3.14159,3.14159,3.14159,3.14159,3.14159,3.14159
90,90,90,90,164.852,90,15.148
170.074,265.394,1.11394,177.138,170.074,94.5423,170.074
90,90,90,90,164.852,90,15.148
350.074,274.606,358.886,182.862,350.074,85.4577,350.074
7
2.67686e-09,3.29747e-08,2.40011e-08,9.33625e-09,1.03521e-08,3.3905e-08,1.03521e-08
-66.0997,-97.7508,-95.9519,-87.6507,-84.7478,-97.4225,-84.7478
0,3.14159,3.14159,3.14159,3.14159,3.14159,3.14159
90,90,90,90,165.014,90,14.9859
174.999,265.361,0.557025,178.568,174.999,94.511,174.999
90,90,90,90,165.014,90,14.9859
354.999,274.639,359.443,181.432,354.999,85.489,354.999
7
2.34497e-09,3.38804e-08,2.43345e-08,9.00302e-09,1.02713e-08,3.29494e-08,1.02713e-08
-64.95,-97.9862,-96.0717,-87.335,-84.6797,-97.1742,-84.6797
0,3.14159,3.14159,3.14159,3.14159,3.14159,3.14159
90,90,90,90,166.803,90,13.1972
185.711,266.051,359.451,181.485,185.711,94.0608,185.711
90,90,90,90,166.803,90,13.1972
5.71059,273.949,0.549395,178.515,5.71059,85.9392,5.71059
7
2.37954e-09,3.36477e-08,2.43378e-08,9.01209e-09,1.02792e-08,3.31821e-08,1.02792e-08
-65.0771,-97.9263,-96.0729,-87.3437,-84.6864,-97.2353,-84.6864
0,3.14159,3.14159,3.14159,3.14159,3.14159,3.14159
90,90,90,90,166.615,90,13.3849
191.31,266.024,358.901,182.968,191.31,94.0323,191.31
90,90,90,90,166.615,90,13.3849
11.3099,273.976,1.09869,177.032,11.3099,85.9677,11.3099
7
2.33333e-09,3.36477e-08,2.43333e-08,9e-09,1.02686e-08,3.31821e-08,1.02686e-08
-64.9068,-97.9263,-96.0713,-87.3321,-84.6775,-97.2353,-84.6775
0,3.14159,3.14159,3.14159,3.14159,3.14159,3.14159
90,90,90,90,166.866,90,13.134
180,266.024,0,180,180,94.0323,180
90,90,90,90,166.866,90,13.134
0,273.976,0,180,0,85.9677,0
7
2.34497e-09,3.34149e-08,2.43345e-08,9.00302e-09,1.02713e-08,3.34149e-08,1.02713e-08
-64.95,-97.866,-96.0717,-87.335,-84.6797,-97.296,-84.6797
0,3.14159,3.14159,3.14159,3.14159,3.14159,3.14159
90,90,90,90,166.803,90,13.1972
185.711,265.996,359.451,181.485,185.711,94.0042,185.711
90,90,90,90,166.803,90,13.1972
5.71059,274.004,0.549395,178.515,5.71059,85.9958,5.71059
7
2.34497e-09,3.34149e-08,2.43345e-08,9.00302e-09,1.02713e-08,3.34149e-08,1.02713e-08
-64.95,-97.866,-96.0717,-87.335,-84.6797,-97.296,-84.6797
0,3.14159,3.14159,3.14159,3.14159,3.14159,3.14159
90,90,90,90,166.803,90,13.1972
174.289,265.996,0.549395,178.515,174.289,94.0042,174.289
90,90,90,90,166.803,90,13.1972
354.289,274.004,359.451,181.485,354.289,85.9958,354.289
7
2.33333e-09,3.31821e-08,2.43333e-08,9e-09,1.02686e-08,3.36477e-08,1.02686e-08
-64.9068,-97.8053,-96.0713,-87.3321,-84.6775,-97.3563,-84.6775
0,3.14159,3.14159,3.14159,3.14159,3.14159,3.14159
90,90,90,90,166.866,90,13.134
180,265.968,0,180,180,93.9764,180
90,90,90,90,166.866,90,13.134
0,274.032,0,180,0,86.0236,0
7
2.37954e-09,3.31821e-08,2.43378e-08,9.01209e-09,1.02792e-08,3.36477e-08,1.02792e-08
-65.0771,-97.8053,-96.0729,-87.3437,-84.6864,-97.3563,-84.6864
0,3.14159,3.14159,3.14159,3.14159,3.14159,3.14159
90,90,90,90,166.615,90,13.3849
168.69,265.968,1.09869,177.032,168.69,93.9764,168.69
90,90,90,90,166.615,90,13.3849
348.69,274.032,358.901,182.968,348.69,86.0236,348.69
7
2.34497e-09,3.29494e-08,2.43345e-08,9.00302e-09,1.02713e-08,3.38804e-08,1.02713e-08
-64.95,-97.7442,-96.0717,-87.335,-84.6797,-97.4162,-84.6797
0,3.14159,3.14159,3.14159,3.14159,3.14159,3.14159
90,90,90,90,166.803,90,13.1972
174.289,265.939,0.549395,178.515,174.289,93.9491,174.289
90,90,90,90,166.803,90,13.1972
354.289,274.061,359.451,181.485,354.289,86.0509,354.289
7
2.01357e-09,3.38591e-08,2.46678e-08,8.66981e-09,1.02007e-08,3.29275e-08,1.02007e-08
-63.6265,-97.9807,-96.1898,-87.0074,-84.6198,-97.1684,-84.6198
0,3.14159,3.14159,3.14159,3.14159,3.14159,3.14159
90,90,90,90,168.615,90,11.3846
186.654,266.614,359.458,181.542,186.654,93.4823,186.654
90,90,90,90,168.615,90,11.3846
6.65443,273.386,0.541971,178.458,6.65443,86.5177,6.65443
7
2.05372e-09,3.36262e-08,2.46711e-08,8.67922e-09,1.02087e-08,3.31604e-08,1.02087e-08
-63.7981,-97.9208,-96.191,-87.0168,-84.6266,-97.2296,-84.6266
0,3.14159,3.14159,3.14159,3.14159,3.14159,3.14159
90,90,90,90,168.394,90,11.6056
193.134,266.59,358.916,183.082,193.134,93.4578,193.134
90,90,90,90,168.394,90,11.6056
13.134,273.41,1.08384,176.918,13.134,86.5422,13.134
7
2e-09,3.36262e-08,2.46667e-08,8.66667e-09,1.0198e-08,3.31604e-08,1.0198e-08
-63.5678,-97.9208,-96.1894,-87.0043,-84.6176,-97.2296,-84.6176
0,3.14159,3.14159,3.14159,3.14159,3.14159,3.14159
90,90,90,90,168.69,90,11.3099
180,266.59,0,180,180,93.4578,180
90,90,90,90,168.69,90,11.3099
0,273.41,0,180,0,86.5422,0
7
2.01357e-09,3.33933e-08,2.46678e-08,8.66981e-09,1.02007e-08,3.33933e-08,1.02007e-08
-63.6265,-97.8604,-96.1898,-87.0074,-84.6198,-97.2904,-84.6198
0,3.14159,3.14159,3.14159,3.14159,3.14159,3.14159
90,90,90,90,168.615,90,11.3846
186.654,266.566,359.458,181.542,186.654,93.4336,186.654
90,90,90,90,168.615,90,11.3846
6.65443,273.434,0.541971,178.458,6.65443,86.5664,6.65443
7
2.01357e-09,3.33933e-08,2.46678e-08,8.66981e-09,1.02007e-08,3.33933e-08,1.02007e-08
-63.6265,-97.8604,-96.1898,-87.0074,-84.6198,-97.2904,-84.6198
0,3.14159,3.14159,3.14159,3.14159,3.14159,3.14159
90,90,90,90,168.615,90,11.3846
173.346,266.566,0.541971,178.458,173.346,93.4336,173.346
90,90,90,90,168.615,90,11.3846
353.346,273.434,359.458,181.542,353.346,86.5664,353.346
7
2e-09,3.31604e-08,2.46667e-08,8.66667e-09,1.0198e-08,3.36262e-08,1.0198e-08
-63.5678,-97.7996,-96.1894,-87.0043,-84.6176,-97.3508,-84.6176
0,3.14159,3.14159,3.14159,3.14159,3.14159,3.14159
90,90,90,90,168.69,90,11.3099
180,266.542,0,180,180,93.4098,180
90,90,90,90,168.69,90,11.3099
0,273.458,0,180,0,86.5902,0
7
2.05372e-09,3.31604e-08,2.46711e-08,8.67922e-09,1.02087e-08,3.36262e-08,1.02087e-08
-63.7981,-97.7996,-96.191,-87.0168,-84.6266,-97.3508,-84.6266
0,3.14159,3.14159,3.14159,3.14159,3.14159,3.14159
90,90,90,90,168.394,90,11.6056
166.866,266.542,1.08384,176.918,166.866,93.4098,166.866
90,90,90,90,168.394,90,11.6056
346.866,273.458,358.916,183.082,346.866,86.5902,346.866
7
2.01357e-09,3.29275e-08,2.46678e-08,8.66981e-09,1.02007e-08,3.38591e-08,1.02007e-08
-63.6265,-97.7384,-96.1898,-87.0074,-84.6198,-97.4107,-84.6198
0,3.14159,3.14159,3.14159,3.14159,3.14159,3.14159
90,90,90,90,168.615,90,11.3846
173.346,266.518,0.541971,178.458,173.346,93.3863,173.346
90,90,90,90,168.615,90,11.3846
353.346,273.482,359.458,181.542,353.346,86.6137,353.346
7
1.68292e-09,3.38411e-08,2.50011e-08,8.3366e-09,1.01406e-08,3.29089e-08,1.01406e-08
-62.0685,-97.9761,-96.3064,-86.667,-84.5685,-97.1635,-84.5685
0,3.14159,3.14159,3.14159,3.14159,3.14159,3.14159
90,90,90,90,170.447,90,9.55291
187.97,267.177,359.465,181.604,187.97,92.903,187.97
90,90,90,90,170.447,90,9.55291
7.96961,272.823,0.534745,178.396,7.96961,87.097,7.96961
7
1.73077e-09,3.3608e-08,2.50044e-08,8.34639e-09,1.01487e-08,3.31419e-08,1.01487e-08
-62.312,-97.9161,-96.3075,-86.6772,-84.5754,-97.2248,-84.5754
0,3.14159,3.14159,3.14159,3.14159,3.14159,3.14159
90,90,90,90,170.181,90,9.81929
195.642,267.157,358.931,183.205,195.642,92.8825,195.642
90,90,90,90,170.181,90,9.81929
15.6422,272.843,1.0694,176.795,15.6422,87.1175,15.6422
7
1.66667e-09,3.3608e-08,2.5e-08,8.33333e-09,1.01379e-08,3.31419e-08,1.01379e-08
-61.9842,-97.9161,-96.306,-86.6636,-84.5662,-97.2248,-84.5662
0,3.14159,3.14159,3.14159,3.14159,3.14159,3.14159
90,90,90,90,170.538,90,9.46232
180,267.157,0,180,180,92.8825,180
90,90,90,90,170.538,90,9.46232
0,272.843,0,180,0,87.1175,0
7
1.68292e-09,3.3375e-08,2.50011e-08,8.3366e-09,1.01406e-08,3.3375e-08,1.01406e-08
-62.0685,-97.8556,-96.3064,-86.667,-84.5685,-97.2856,-84.5685
0,3.14159,3.14159,3.14159,3.14159,3.14159,3.14159
90,90,90,90,170.447,90,9.55291
187.97,267.138,359.465,181.604,187.97,92.8624,187.97
90,90,90,90,170.447,90,9.55291
7.96961,272.862,0.534745,178.396,7.96961,87.1376,7.96961
7
1.68292e-09,3.3375e-08,2.50011e-08,8.3366e-09,1.01406e-08,3.3375e-08,1.01406e-08
-62.0685,-97.8556,-96.3064,-86.667,-84.5685,-97.2856,-84.5685
0,3.14159,3.14159,3.14159,3.14159,3.14159,3.14159
90,90,90,90,170.447,90,9.55291
172.03,267.138,0.534745,178.396,172.03,92.8624,172.03
90,90,90,90,170.447,90,9.55291
352.03,272.862,359.465,181.604,352.03,87.1376,352.03
7
1.66667e-09,3.31419e-08,2.5e-08,8.33333e-09,1.01379e-08,3.3608e-08,1.01379e-08
-61.9842,-97.7948,-96.306,-86.6636,-84.5662,-97.3461,-84.5662
0,3.14159,3.14159,3.14159,3.14159,3.14159,3.14159
90,90,90,90,170.538,90,9.46232
180,267.117,0,180,180,92.8425,180
90,90,90,90,170.538,90,9.46232
0,272.883,0,180,0,87.1575,0
7
1.73077e-09,3.31419e-08,2.50044e-08,8.34639e-09,1.01487e-08,3.3608e-08,1.01487e-08
-62.312,-97.7948,-96.3075,-86.6772,-84.5754,-97.3461,-84.5754
0,3.14159,3.14159,3.14159,3.14159,3.14159,3.14159
90,90,90,90,170.181,90,9.81929
164.358,267.117,1.0694,176.795,164.358,92.8425,164.358
90,90,90,90,170.181,90,9.81929
344.358,272.883,358.931,183.205,344.358,87.1575,344.358
7
1.68292e-09,3.29089e-08,2.50011e-08,8.3366e-09,1.01406e-08,3.38411e-08,1.01406e-08
-62.0685,-97.7335,-96.3064,-86.667,-84.5685,-97.4061,-84.5685
0,3.14159,3.14159,3.14159,3.14159,3.14159,3.14159
90,90,90,90,170.447,90,9.55291
172.03,267.097,0.534745,178.396,172.03,92.8229,172.03
90,90,90,90,170.447,90,9.55291
352.03,272.903,359.465,181.604,352.03,87.1771,352.03
7
1.3536e-09,3.38263e-08,2.53344e-08,8.0034e-09,1.00912e-08,3.28937e-08,1.00912e-08
-60.177,-97.9723,-96.4214,-86.3127,-84.5261,-97.1595,-84.5261
0,3.14159,3.14159,3.14159,3.14159,3.14159,3.14159
90,90,90,90,172.291,90,7.70868
189.926,267.741,359.472,181.671,189.926,92.3231,189.926
90,90,90,90,172.291,90,7.70868
9.92625,272.259,0.527709,178.329,9.92625,87.6769,9.92625
7
1.41264e-09,3.35931e-08,2.53376e-08,8.0136e-09,1.00993e-08,3.31268e-08,1.00993e-08
-60.5479,-97.9122,-96.4225,-86.3238,-84.533,-97.2208,-84.533
0,3.14159,3.14159,3.14159,3.14159,3.14159,3.14159
90,90,90,90,171.959,90,8.04064
199.29,267.725,358.945,183.338,199.29,92.3067,199.29
90,90,90,90,171.959,90,8.04064
19.29,272.275,1.05533,176.662,19.29,87.6933,19.29
7
1.33333e-09,3.35931e-08,2.53333e-08,8e-09,1.00885e-08,3.31268e-08,1.00885e-08
-60.046,-97.9122,-96.4211,-86.309,-84.5238,-97.2208,-84.5238
0,3.14159,3.14159,3.14159,3.14159,3.14159,3.14159
90,90,90,90,172.405,90,7.59464
180,267.725,0,180,180,92.3067,180
90,90,90,90,172.405,90,7.59464
0,272.275,0,180,0,87.6933,0
7
1.3536e-09,3.336e-08,2.53344e-08,8.0034e-09,1.00912e-08,3.336e-08,1.00912e-08
-60.177,-97.8517,-96.4214,-86.3127,-84.5261,-97.2817,-84.5261
0,3.14159,3.14159,3.14159,3.14159,3.14159,3.14159
90,90,90,90,172.291,90,7.70868
189.926,267.709,359.472,181.671,189.926,92.2906,189.926
90,90,90,90,172.291,90,7.70868
9.92625,272.291,0.527709,178.329,9.92625,87.7094,9.92625
7
1.3536e-09,3.336e-08,2.53344e-08,8.0034e-09,1.00912e-08,3.336e-08,1.00912e-08
-60.177,-97.8517,-96.4214,-86.3127,-84.5261,-97.2817,-84.5261
0,3.14159,3.14159,3.14159,3.14159,3.14159,3.14159
90,90,90,90,172.291,90,7.70868
170.074,267.709,0.527709,178.329,170.074,92.2906,170.074
90,90,90,90,172.291,90,7.70868
350.074,272.291,359.472,181.671,350.074,87.7094,350.074
7
1.33333e-09,3.31268e-08,2.53333e-08,8e-09,1.00885e-08,3.35931e-08,1.00885e-08
-60.046,-97.7908,-96.4211,-86.309,-84.5238,-97.3422,-84.5238
0,3.14159,3.14159,3.14159,3.14159,3.14159,3.14159
90,90,90,90,172.405,90,7.59464
180,267.693,0,180,180,92.2747,180
90,90,90,90,172.405,90,7.59464
0,272.307,0,180,0,87.7253,0
7
1.41264e-09,3.31268e-08,2.53376e-08,8.0136e-09,1.00993e-08,3.35931e-08,1.00993e-08
-60.5479,-97.7908,-96.4225,-86.3238,-84.533,-97.3422,-84.533
0,3.14159,3.14159,3.14159,3.14159,3.14159,3.14159
90,90,90,90,171.959,90,8.04064
160.71,267.693,1.05533,176.662,160.71,92.2747,160.71
90,90,90,90,171.959,90,8.04064
340.71,272.307,358.945,183.338,340.71,87.7253,340.71
7
1.3536e-09,3.28937e-08,2.53344e-08,8.0034e-09,1.00912e-08,3.38263e-08,1.00912e-08
-60.177,-97.7295,-96.4214,-86.3127,-84.5261,-97.4023,-84.5261
0,3.14159,3.14159,3.14159,3.14159,3.14159,3.14159
90,90,90,90,172.291,90,7.70868
170.074,267.677,0.527709,178.329,170.074,92.259,170.074
90,90,90,90,172.291,90,7.70868
350.074,272.323,359.472,181.671,350.074,87.741,350.074
7
1.02686e-09,3.38148e-08,2.56677e-08,7.67022e-09,1.00526e-08,3.28819e-08,1.00526e-08
-57.7775,-97.9694,-96.535,-85.9434,-84.4928,-97.1564,-84.4928
0,3.14159,3.14159,3.14159,3.14159,3.14159,3.14159
90,90,90,90,174.137,90,5.86293
193.134,268.305,359.479,181.743,193.134,91.7427,193.134
90,90,90,90,174.137,90,5.86293
13.134,271.695,0.520856,178.257,13.134,88.2573,13.134
7
1.10353e-09,3.35816e-08,2.56709e-08,7.68086e-09,1.00607e-08,3.31151e-08,1.00607e-08
-58.4029,-97.9092,-96.536,-85.9554,-84.4998,-97.2177,-84.4998
0,3.14159,3.14159,3.14159,3.14159,3.14159,3.14159
90,90,90,90,173.703,90,6.29728
205.017,268.294,358.958,183.483,205.017,91.7305,205.017
90,90,90,90,173.703,90,6.29728
25.0169,271.706,1.04163,176.517,25.0169,88.2695,25.0169
7
1e-09,3.35816e-08,2.56667e-08,7.66667e-09,1.00499e-08,3.31151e-08,1.00499e-08
-57.5472,-97.9092,-96.5346,-85.9394,-84.4904,-97.2177,-84.4904
0,3.14159,3.14159,3.14159,3.14159,3.14159,3.14159
90,90,90,90,174.289,90,5.71059
180,268.294,0,180,180,91.7305,180
90,90,90,90,174.289,90,5.71059
0,271.706,0,180,0,88.2695,0
7
1.02686e-09,3.33483e-08,2.56677e-08,7.67022e-09,1.00526e-08,3.33483e-08,1.00526e-08
-57.7775,-97.8487,-96.535,-85.9434,-84.4928,-97.2787,-84.4928
0,3.14159,3.14159,3.14159,3.14159,3.14159,3.14159
90,90,90,90,174.137,90,5.86293
193.134,268.282,359.479,181.743,193.134,91.7184,193.134
90,90,90,90,174.137,90,5.86293
13.134,271.718,0.520856,178.257,13.134,88.2816,13.134
7
1.02686e-09,3.33483e-08,2.56677e-08,7.67022e-09,1.00526e-08,3.33483e-08,1.00526e-08
-57.7775,-97.8487,-96.535,-85.9434,-84.4928,-97.2787,-84.4928
0,3.14159,3.14159,3.14159,3.14159,3.14159,3.14159
90,90,90,90,174.137,90,5.86293
166.866,268.282,0.520856,178.257,166.866,91.7184,166.866
90,90,90,90,174.137,90,5.86293
346.866,271.718,359.479,181.743,346.866,88.2816,346.866
7
1e-09,3.31151e-08,2.56667e-08,7.66667e-09,1.00499e-08,3.35816e-08,1.00499e-08
-57.5472,-97.7877,-96.5346,-85.9394,-84.4904,-97.3392,-84.4904
0,3.14159,3.14159,3.14159,3.14159,3.14159,3.14159
90,90,90,90,174.289,90,5.71059
180,268.27,0,180,180,91.7064,180
90,90,90,90,174.289,90,5.71059
0,271.73,0,180,0,88.2936,0
7
1.10353e-09,3.31151e-08,2.56709e-08,7.68086e-09,1.00607e-08,3.35816e-08,1.00607e-08
-58.4029,-97.7877,-96.536,-85.9554,-84.4998,-97.3392,-84.4998
0,3.14159,3.14159,3.14159,3.14159,3.14159,3.14159
90,90,90,90,173.703,90,6.29728
154.983,268.27,1.04163,176.517,154.983,91.7064,154.983
90,90,90,90,173.703,90,6.29728
334.983,271.73,358.958,183.483,334.983,88.2936,334.983
7
1.02686e-09,3.28819e-08,2.56677e-08,7.67022e-09,1.00526e-08,3.38148e-08,1.00526e-08
-57.7775,-97.7264,-96.535,-85.9434,-84.4928,-97.3994,-84.4928
0,3.14159,3.14159,3.14159,3.14159,3.14159,3.14159
90,90,90,90,174.137,90,5.86293
166.866,268.257,0.520856,178.257,166.866,91.6946,166.866
90,90,90,90,174.137,90,5.86293
346.866,271.743,359.479,181.743,346.866,88.3054,346.866
7
7.06321e-10,3.38066e-08,2.6001e-08,7.33704e-09,1.00249e-08,3.28734e-08,1.00249e-08
-54.5273,-97.9672,-96.647,-85.5576,-84.4688,-97.1541,-84.4688
0,3.14159,3.14159,3.14159,3.14159,3.14159,3.14159
90,90,90,90,175.96,90,4.04021
199.29,268.87,359.486,181.822,199.29,91.162,199.29
90,90,90,90,175.96,90,4.04021
19.29,271.13,0.514179,178.178,19.29,88.838,19.29
7
8.1377e-10,3.35733e-08,2.60042e-08,7.34817e-09,1.00331e-08,3.31067e-08,1.00331e-08
-55.7573,-97.9071,-96.6481,-85.5708,-84.4759,-97.2155,-84.4759
0,3.14159,3.14159,3.14159,3.14159,3.14159,3.14159
90,90,90,90,175.348,90,4.65231
214.992,268.862,358.972,183.641,214.992,91.1538,214.992
90,90,90,90,175.348,90,4.65231
34.992,271.138,1.02828,176.359,34.992,88.8462,34.992
7
6.66667e-10,3.35733e-08,2.6e-08,7.33333e-09,1.00222e-08,3.31067e-08,1.00222e-08
-54.0254,-97.9071,-96.6467,-85.5533,-84.4665,-97.2155,-84.4665
0,3.14159,3.14159,3.14159,3.14159,3.14159,3.14159
90,90,90,90,176.186,90,3.81407
180,268.862,0,180,180,91.1538,180
90,90,90,90,176.186,90,3.81407
0,271.138,0,180,0,88.8462,0
7
7.06321e-10,3.334e-08,2.6001e-08,7.33704e-09,1.00249e-08,3.334e-08,1.00249e-08
-54.5273,-97.8465,-96.647,-85.5576,-84.4688,-97.2765,-84.4688
0,3.14159,3.14159,3.14159,3.14159,3.14159,3.14159
90,90,90,90,175.96,90,4.04021
199.29,268.854,359.486,181.822,199.29,91.1458,199.29
90,90,90,90,175.96,90,4.04021
19.29,271.146,0.514179,178.178,19.29,88.8542,19.29
7
7.06321e-10,3.334e-08,2.6001e-08,7.33704e-09,1.00249e-08,3.334e-08,1.00249e-08
-54.5273,-97.8465,-96.647,-85.5576,-84.4688,-97.2765,-84.4688
0,3.14159,3.14159,3.14159,3.14159,3.14159,3.14159
90,90,90,90,175.96,90,4.04021
160.71,268.854,0.514179,178.178,160.71,91.1458,160.71
90,90,90,90,175.96,90,4.04021
340.71,271.146,359.486,181.822,340.71,88.8542,340.71
7
6.66667e-10,3.31067e-08,2.6e-08,7.33333e-09,1.00222e-08,3.35733e-08,1.00222e-08
-54.0254,-97.7855,-96.6467,-85.5533,-84.4665,-97.3371,-84.4665
0,3.14159,3.14159,3.14159,3.14159,3.14159,3.14159
90,90,90,90,176.186,90,3.81407
180,268.846,0,180,180,91.1378,180
90,90,90,90,176.186,90,3.81407
0,271.154,0,180,0,88.8622,0
7
8.1377e-10,3.31067e-08,2.60042e-08,7.34817e-09,1.00331e-08,3.35733e-08,1.00331e-08
-55.7573,-97.7855,-96.6481,-85.5708,-84.4759,-97.3371,-84.4759
0,3.14159,3.14159,3.14159,3.14159,3.14159,3.14159
90,90,90,90,175.348,90,4.65231
145.008,268.846,1.02828,176.359,145.008,91.1378,145.008
90,90,90,90,175.348,90,4.65231
325.008,271.154,358.972,183.641,325.008,88.8622,325.008
7
7.06321e-10,3.28734e-08,2.6001e-08,7.33704e-09,1.00249e-08,3.38066e-08,1.00249e-08
-54.5273,-97.7241,-96.647,-85.5576,-84.4688,-97.3972,-84.4688
0,3.14159,3.14159,3.14159,3.14159,3.14159,3.14159
90,90,90,90,175.96,90,4.04021
160.71,268.838,0.514179,178.178,160.71,91.1299,160.71
90,90,90,90,175.96,90,4.04021
340.71,271.162,359.486,181.822,340.71,88.8701,340.71
7
4.06885e-10,3.38016e-08,2.63344e-08,7.00389e-09,1.00083e-08,3.28684e-08,1.00083e-08
-49.7367,-97.966,-96.7577,-85.154,-84.4544,-97.1528,-84.4544
0,3.14159,3.14159,3.14159,3.14159,3.14159,3.14159
90,90,90,90,177.67,90,2.33
214.992,269.435,359.492,181.909,214.992,90.5811,214.992
90,90,90,90,177.67,90,2.33
34.992,270.565,0.507671,178.091,34.992,89.4189,34.992
7
5.73488e-10,3.35683e-08,2.63375e-08,7.01554e-09,1.00164e-08,3.31017e-08,1.00164e-08
-52.7177,-97.9058,-96.7587,-85.1684,-84.4615,-97.2142,-84.4615
0,3.14159,3.14159,3.14159,3.14159,3.14159,3.14159
90,90,90,90,176.718,90,3.28225
234.462,269.431,358.985,183.814,234.462,90.577,234.462
90,90,90,90,176.718,90,3.28225
54.4623,270.569,1.01526,176.186,54.4623,89.423,54.4623
7
3.33333e-10,3.35683e-08,2.63333e-08,7e-09,1.00056e-08,3.31017e-08,1.00056e-08
-48.0048,-97.9058,-96.7573,-85.1492,-84.452,-97.2142,-84.452
0,3.14159,3.14159,3.14159,3.14159,3.14159,3.14159
90,90,90,90,178.091,90,1.90915
180,269.431,0,180,180,90.577,180
90,90,90,90,178.091,90,1.90915
0,270.569,0,180,0,89.423,0
7
4.06885e-10,3.3335e-08,2.63344e-08,7.00389e-09,1.00083e-08,3.3335e-08,1.00083e-08
-49.7367,-97.8452,-96.7577,-85.154,-84.4544,-97.2752,-84.4544
0,3.14159,3.14159,3.14159,3.14159,3.14159,3.14159
90,90,90,90,177.67,90,2.33
214.992,269.427,359.492,181.909,214.992,90.5729,214.992
90,90,90,90,177.67,90,2.33
34.992,270.573,0.507671,178.091,34.992,89.4271,34.992
7
4.06885e-10,3.3335e-08,2.63344e-08,7.00389e-09,1.00083e-08,3.3335e-08,1.00083e-08
-49.7367,-97.8452,-96.7577,-85.154,-84.4544,-97.2752,-84.4544
0,3.14159,3.14159,3.14159,3.14159,3.14159,3.14159
90,90,90,90,177.67,90,2.33
145.008,269.427,0.507671,178.091,145.008,90.5729,145.008
90,90,90,90,177.67,90,2.33
325.008,270.573,359.492,181.909,325.008,89.4271,325.008
7
3.33333e-10,3.31017e-08,2.63333e-08,7e-09,1.00056e-08,3.35683e-08,1.00056e-08
-48.0048,-97.7842,-96.7573,-85.1492,-84.452,-97.3358,-84.452
0,3.14159,3.14159,3.14159,3.14159,3.14159,3.14159
90,90,90,90,178.091,90,1.90915
180,269.423,0,180,180,90.569,180
90,90,90,90,178.091,90,1.90915
0,270.577,0,180,0,89.431,0
7
5.73488e-10,3.31017e-08,2.63375e-08,7.01554e-09,1.00164e-08,3.35683e-08,1.00164e-08
-52.7177,-97.7842,-96.7587,-85.1684,-84.4615,-97.3358,-84.4615
0,3.14159,3.14159,3.14159,3.14159,3.14159,3.14159
90,90,90,90,176.718,90,3.28225
125.538,269.423,1.01526,176.186,125.538,90.569,125.538
90,90,90,90,176.718,90,3.28225
305.538,270.577,358.985,183.814,305.538,89.431,305.538
7
4.06885e-10,3.28684e-08,2.63344e-08,7.00389e-09,1.00083e-08,3.38016e-08,1.00083e-08
-49.7367,-97.7228,-96.7577,-85.154,-84.4544,-97.396,-84.4544
0,3.14159,3.14159,3.14159,3.14159,3.14159,3.14159
90,90,90,90,177.67,90,2.33
145.008,269.419,0.507671,178.091,145.008,90.565,145.008
90,90,90,90,177.67,90,2.33
325.008,270.581,359.492,181.909,325.008,89.435,325.008
