6
2.7333e-08,1.2307e-07,2.8135e-08,3.3869e-08,3.0118e-08,3.3869e-08
-86.2811,-109.3505,-96.5321,-98.1433,-97.1238,-98.1433
0,3.1416,3.1416,3.1416,3.1416,3.1416
102.6811,92.7945,102.3142,100.2045,117.6989,100.2045
0,282.5288,14.0362,180,0,0
77.3189,87.2055,77.6858,79.7955,117.6989,79.7955
180,257.4712,165.9638,180,180,0
6
2.7346e-08,1.2226e-07,2.8344e-08,3.3879e-08,3.013e-08,3.3879e-08
-86.2851,-109.293,-96.5964,-98.1459,-97.1271,-98.1459
0,3.1416,3.1416,3.1416,3.1416,3.1416
102.6751,92.8131,102.2219,100.2014,117.6874,100.2014
358.2101,282.6136,15.7086,181.4321,358.2101,358.5679
77.3249,87.1869,77.7781,79.7986,117.6874,79.7986
178.2101,257.3864,164.2914,178.5679,178.2101,1.4321
6
2.7384e-08,1.2145e-07,2.8576e-08,3.391e-08,3.0164e-08,3.391e-08
-86.2972,-109.2351,-96.6671,-98.1538,-97.1371,-98.1538
0,3.1416,3.1416,3.1416,3.1416,3.1416
102.6572,92.8319,102.1213,100.1921,117.653,100.1921
356.4237,282.6996,17.354,182.8624,356.4237,357.1376
77.3428,87.1681,77.8787,79.8079,117.653,79.8079
176.4237,257.3004,162.646,177.1376,176.4237,2.8624
6
2.7447e-08,1.2064e-07,2.883e-08,3.3961e-08,3.0222e-08,3.3961e-08
-86.3173,-109.1769,-96.744,-98.1669,-97.1536,-98.1669
0,3.1416,3.1416,3.1416,3.1416,3.1416
102.6275,92.851,102.0129,100.1765,117.5959,100.1765
354.6442,282.7867,18.9704,184.2892,354.6442,355.7108
77.3725,87.149,77.9871,79.8235,117.5959,79.8235
174.6442,257.2133,161.0296,175.7108,174.6442,4.2892
6
2.7536e-08,1.1983e-07,2.9105e-08,3.4033e-08,3.0302e-08,3.4033e-08
-86.3452,-109.1182,-96.8266,-98.1852,-97.1767,-98.1852
0,3.1416,3.1416,3.1416,3.1416,3.1416
102.5863,92.8703,101.8974,100.1549,117.5165,100.1549
352.875,282.875,20.556,185.7106,352.875,354.2894
77.4137,87.1297,78.1026,79.8451,117.5165,79.8451
172.875,257.125,159.444,174.2894,172.875,5.7106
6
2.7649e-08,1.1901e-07,2.9402e-08,3.4124e-08,3.0405e-08,3.4124e-08
-86.3809,-109.0592,-96.9148,-98.2085,-97.2061,-98.2085
0,3.1416,3.1416,3.1416,3.1416,3.1416
102.5339,92.8899,101.7756,100.1274,117.4155,100.1274
351.1193,282.9645,22.1094,187.125,351.1193,352.875
77.4661,87.1101,78.2244,79.8726,117.4155,79.8726
171.1193,257.0355,157.8906,172.875,171.1193,7.125
6
2.7787e-08,1.182e-07,2.9719e-08,3.4236e-08,3.053e-08,3.4236e-08
-86.424,-108.9998,-97.0079,-98.2369,-97.2419,-98.2369
0,3.1416,3.1416,3.1416,3.1416,3.1416
102.4707,92.9097,101.6482,100.094,117.2935,100.094
349.3803,283.0552,23.6294,188.5308,349.3803,351.4692
77.5293,87.0903,78.3518,79.906,117.2935,79.906
169.3803,256.9448,156.3706,171.4692,169.3803,8.5308
6
2.7949e-08,1.1739e-07,3.0056e-08,3.4368e-08,3.0678e-08,3.4368e-08
-86.4745,-108.9401,-97.1059,-98.2702,-97.2837,-98.2702
0,3.1416,3.1416,3.1416,3.1416,3.1416
102.3973,92.9298,101.5158,100.0549,117.1515,100.0549
347.6609,283.1472,25.1148,189.9262,347.6609,350.0738
77.6027,87.0702,78.4842,79.9451,117.1515,79.9451
167.6609,256.8528,154.8852,170.0738,167.6609,9.9262
6
2.8135e-08,1.1658e-07,3.0412e-08,3.4519e-08,3.0847e-08,3.4519e-08
-86.5321,-108.8799,-97.2081,-98.3084,-97.3315,-98.3084
0,3.1416,3.1416,3.1416,3.1416,3.1416
102.3142,92.9502,101.3792,100.0104,116.9903,100.0104
345.9638,283.2405,26.5651,191.3099,345.9638,348.6901
77.6858,87.0498,78.6208,79.9896,116.9903,79.9896
165.9638,256.7595,153.4349,168.6901,165.9638,11.3099
6
2.8344e-08,1.1577e-07,3.0787e-08,3.469e-08,3.1038e-08,3.469e-08
-86.5964,-108.8194,-97.3144,-98.3512,-97.3851,-98.3512
0,3.1416,3.1416,3.1416,3.1416,3.1416
102.2219,92.9709,101.239,99.9607,116.8111,99.9607
344.2914,283.3351,27.9795,192.6804,344.2914,347.3196
77.7781,87.0291,78.761,80.0393,116.8111,80.0393
164.2914,256.6649,152.0205,167.3196,164.2914,12.6804
6
2.8576e-08,1.1496e-07,3.1179e-08,3.4879e-08,3.125e-08,3.4879e-08
-86.6671,-108.7584,-97.4244,-98.3986,-97.4442,-98.3986
0,3.1416,3.1416,3.1416,3.1416,3.1416
102.1213,92.9918,101.0958,99.906,116.615,99.906
342.646,283.431,29.3578,194.0362,342.646,345.9638
77.8787,87.0082,78.9042,80.094,116.615,80.094
162.646,256.569,150.6422,165.9638,162.646,14.0362
6
2.883e-08,1.1415e-07,3.1588e-08,3.5088e-08,3.1482e-08,3.5088e-08
-86.744,-108.697,-97.5377,-98.4503,-97.5085,-98.4503
0,3.1416,3.1416,3.1416,3.1416,3.1416
102.0129,93.0131,100.9502,99.8465,116.4032,99.8465
341.0296,283.5283,30.6997,195.3763,341.0296,344.6237
77.9871,86.9869,79.0498,80.1535,116.4032,80.1535
161.0296,256.4717,149.3003,164.6237,161.0296,15.3763
6
2.9105e-08,1.1335e-07,3.2014e-08,3.5315e-08,3.1735e-08,3.5315e-08
-86.8266,-108.6353,-97.654,-98.5063,-97.578,-98.5063
0,3.1416,3.1416,3.1416,3.1416,3.1416
101.8974,93.0346,100.8028,99.7827,116.1769,99.7827
339.444,283.627,32.0054,196.6992,339.444,343.3008
78.1026,86.9654,79.1972,80.2173,116.1769,80.2173
159.444,256.373,147.9946,163.3008,159.444,16.6992
6
2.9402e-08,1.1254e-07,3.2456e-08,3.5559e-08,3.2007e-08,3.5559e-08
-86.9148,-108.5731,-97.773,-98.5663,-97.6522,-98.5663
0,3.1416,3.1416,3.1416,3.1416,3.1416
101.7756,93.0564,100.654,99.7146,115.9375,99.7146
337.8906,283.7271,33.2749,198.0042,337.8906,341.9958
78.2244,86.9436,79.346,80.2854,115.9375,80.2854
157.8906,256.2729,146.7251,161.9958,157.8906,18.0042
6
2.9719e-08,1.1173e-07,3.2912e-08,3.5822e-08,3.2299e-08,3.5822e-08
-87.0079,-108.5105,-97.8944,-98.6303,-97.731,-98.6303
0,3.1416,3.1416,3.1416,3.1416,3.1416
101.6482,93.0785,100.5045,99.6427,115.6862,99.6427
336.3706,283.8287,34.5085,199.29,336.3706,340.71
78.3518,86.9215,79.4955,80.3573,115.6862,80.3573
156.3706,256.1713,145.4915,160.71,156.3706,19.29
6
3.0056e-08,1.1092e-07,3.3384e-08,3.6102e-08,3.2609e-08,3.6102e-08
-87.1059,-108.4475,-98.0179,-98.6979,-97.814,-98.6979
0,3.1416,3.1416,3.1416,3.1416,3.1416
101.5158,93.101,100.3545,99.5672,115.4243,99.5672
334.8852,283.9317,35.7067,200.556,334.8852,339.444
78.4842,86.899,79.6455,80.4328,115.4243,80.4328
154.8852,256.0683,144.2933,159.444,154.8852,20.556
6
3.0412e-08,1.1011e-07,3.3869e-08,3.6399e-08,3.2938e-08,3.6399e-08
-87.2081,-108.384,-98.1433,-98.769,-97.901,-98.769
0,3.1416,3.1416,3.1416,3.1416,3.1416
101.3792,93.1237,100.2045,99.4884,115.153,99.4884
333.4349,284.0362,36.8699,201.8014,333.4349,338.1986
78.6208,86.8763,79.7955,80.5116,115.153,80.5116
153.4349,255.9638,143.1301,158.1986,153.4349,21.8014
6
3.0787e-08,1.0931e-07,3.4368e-08,3.6713e-08,3.3284e-08,3.6713e-08
-87.3144,-108.3201,-98.2702,-98.8435,-97.9918,-98.8435
0,3.1416,3.1416,3.1416,3.1416,3.1416
101.239,93.1468,100.0549,99.4067,114.8736,99.4067
332.0205,284.1423,37.9987,203.0255,332.0205,336.9745
78.761,86.8532,79.9451,80.5933,114.8736,80.5933
152.0205,255.8577,142.0013,156.9745,152.0205,23.0255
6
3.1179e-08,1.085e-07,3.4879e-08,3.7042e-08,3.3647e-08,3.7042e-08
-87.4244,-108.2558,-98.3986,-98.9211,-98.0861,-98.9211
0,3.1416,3.1416,3.1416,3.1416,3.1416
101.0958,93.1702,99.906,99.3222,114.5872,99.3222
330.6422,284.25,39.0939,204.2277,330.6422,335.7723
78.9042,86.8298,80.094,80.6778,114.5872,80.6778
150.6422,255.75,140.9061,155.7723,150.6422,24.2277
6
3.1588e-08,1.0769e-07,3.5403e-08,3.7387e-08,3.4026e-08,3.7387e-08
-87.5377,-108.191,-98.528,-99.0017,-98.1835,-99.0017
0,3.1416,3.1416,3.1416,3.1416,3.1416
100.9502,93.194,99.758,99.2354,114.295,99.2354
329.3003,284.3593,40.156,205.4077,329.3003,334.5923
79.0498,86.806,80.242,80.7646,114.295,80.7646
149.3003,255.6407,139.844,154.5923,149.3003,25.4077
6
3.2014e-08,1.0689e-07,3.5938e-08,3.7748e-08,3.4422e-08,3.7748e-08
-87.654,-108.1257,-98.6584,-99.085,-98.284,-99.085
0,3.1416,3.1416,3.1416,3.1416,3.1416
100.8028,93.2181,99.6112,99.1465,113.9981,99.1465
327.9946,284.4703,41.1859,206.5651,327.9946,333.4349
79.1972,86.7819,80.3888,80.8535,113.9981,80.8535
147.9946,255.5297,138.8141,153.4349,147.9946,26.5651
6
3.2456e-08,1.0608e-07,3.6485e-08,3.8123e-08,3.4833e-08,3.8123e-08
-87.773,-108.06,-98.7895,-99.171,-98.3871,-99.171
0,3.1416,3.1416,3.1416,3.1416,3.1416
100.654,93.2426,99.4659,99.0557,113.6974,99.0557
326.7251,284.5829,42.1844,207.6995,326.7251,332.3005
79.346,86.7574,80.5341,80.9443,113.6974,80.9443
146.7251,255.4171,137.8156,152.3005,146.7251,27.6995
6
3.2912e-08,1.0528e-07,3.7042e-08,3.8513e-08,3.5259e-08,3.8513e-08
-87.8944,-107.9939,-98.9211,-99.2593,-98.4927,-99.2593
0,3.1416,3.1416,3.1416,3.1416,3.1416
100.5045,93.2674,99.3222,98.9633,113.3939,98.9633
325.4915,284.6973,43.1524,208.8108,325.4915,331.1892
79.4955,86.7326,80.6778,81.0367,113.3939,81.0367
145.4915,255.3027,136.8476,151.1892,145.4915,28.8108
6
3.3384e-08,1.0447e-07,3.761e-08,3.8916e-08,3.57e-08,3.8916e-08
-88.0179,-107.9273,-99.0532,-99.3498,-98.6005,-99.3498
0,3.1416,3.1416,3.1416,3.1416,3.1416
100.3545,93.2926,99.1804,98.8696,113.0885,98.8696
324.2933,284.8135,44.0906,209.8989,324.2933,330.1011
79.6455,86.7074,80.8196,81.1304,113.0885,81.1304
144.2933,255.1865,135.9094,150.1011,144.2933,29.8989
6
3.3869e-08,1.0367e-07,3.8187e-08,3.9333e-08,3.6154e-08,3.9333e-08
-88.1433,-107.8601,-99.1855,-99.4424,-98.7103,-99.4424
0,3.1416,3.1416,3.1416,3.1416,3.1416
100.2045,93.3181,99.0404,98.7748,112.7819,98.7748
323.1301,284.9314,45,210.9638,323.1301,329.0362
79.7955,86.6819,80.9596,81.2252,112.7819,81.2252
143.1301,255.0686,135,149.0362,143.1301,30.9638
6
3.4368e-08,1.0286e-07,3.8773e-08,3.9764e-08,3.6621e-08,3.9764e-08
-88.2702,-107.7925,-99.3179,-99.5369,-98.8219,-99.5369
0,3.1416,3.1416,3.1416,3.1416,3.1416
100.0549,93.3441,98.9026,98.6791,112.475,98.6791
322.0013,285.0512,45.8814,212.0054,322.0013,327.9946
79.9451,86.6559,81.0974,81.3209,112.475,81.3209
142.0013,254.9488,134.1186,147.9946,142.0013,32.0054
6
3.4879e-08,1.0206e-07,3.9369e-08,4.0206e-08,3.7102e-08,4.0206e-08
-88.3986,-107.7245,-99.4502,-99.6331,-98.9351,-99.6331
0,3.1416,3.1416,3.1416,3.1416,3.1416
99.906,93.3704,98.7668,98.5828,112.1684,98.5828
320.9061,285.1729,46.7357,213.0239,320.9061,326.9761
80.094,86.6296,81.2332,81.4172,112.1684,81.4172
140.9061,254.8271,133.2643,146.9761,140.9061,33.0239
6
3.5403e-08,1.0126e-07,3.9973e-08,4.0662e-08,3.7595e-08,4.0662e-08
-88.528,-107.6559,-99.5825,-99.7309,-99.0497,-99.7309
0,3.1416,3.1416,3.1416,3.1416,3.1416
99.758,93.3972,98.6334,98.486,111.8628,98.486
319.844,285.2965,47.5638,214.0193,319.844,325.9807
80.242,86.6028,81.3666,81.514,111.8628,81.514
139.844,254.7035,132.4362,145.9807,139.844,34.0193
6
3.5938e-08,1.0046e-07,4.0585e-08,4.1129e-08,3.8099e-08,4.1129e-08
-88.6584,-107.5868,-99.7145,-99.8301,-99.1655,-99.8301
0,3.1416,3.1416,3.1416,3.1416,3.1416
99.6112,93.4243,98.5022,98.3889,111.5586,98.3889
318.8141,285.4222,48.3665,214.992,318.8141,325.008
80.3888,86.5757,81.4978,81.6111,111.5586,81.6111
138.8141,254.5778,131.6335,145.008,138.8141,34.992
6
3.6485e-08,9.9655e-08,4.1204e-08,4.1607e-08,3.8615e-08,4.1607e-08
-88.7895,-107.5172,-99.8461,-99.9306,-99.2824,-99.9306
0,3.1416,3.1416,3.1416,3.1416,3.1416
99.4659,93.4519,98.3734,98.2918,111.2565,98.2918
317.8156,285.5498,49.1446,215.9421,317.8156,324.0579
80.5341,86.5481,81.6266,81.7082,111.2565,81.7082
137.8156,254.4502,130.8554,144.0579,137.8156,35.9421
6
3.7042e-08,9.8854e-08,4.1832e-08,4.2096e-08,3.9142e-08,4.2096e-08
-88.9211,-107.4471,-99.9773,-100.0321,-99.4001,-100.0321
0,3.1416,3.1416,3.1416,3.1416,3.1416
99.3222,93.4799,98.2469,98.1947,110.9567,98.1947
316.8476,285.6795,49.8991,216.8699,316.8476,323.1301
80.6778,86.5201,81.7531,81.8053,110.9567,81.8053
136.8476,254.3205,130.1009,143.1301,136.8476,36.8699
6
3.761e-08,9.8053e-08,4.2466e-08,4.2597e-08,3.968e-08,4.2597e-08
-89.0532,-107.3765,-100.1081,-100.1347,-99.5185,-100.1347
0,3.1416,3.1416,3.1416,3.1416,3.1416
99.1804,93.5084,98.1229,98.0978,110.6598,98.0978
315.9094,285.8114,50.6307,217.7757,315.9094,322.2243
80.8196,86.4916,81.8771,81.9022,110.6598,81.9022
135.9094,254.1886,129.3693,142.2243,135.9094,37.7757
6
3.8187e-08,9.7253e-08,4.3107e-08,4.3107e-08,4.0227e-08,4.3107e-08
-89.1855,-107.3053,-100.2382,-100.2382,-99.6376,-100.2382
0,3.1416,3.1416,3.1416,3.1416,3.1416
99.0404,93.5373,98.0013,98.0013,110.366,98.0013
315,285.9454,51.3402,218.6598,315,321.3402
80.9596,86.4627,81.9987,81.9987,110.366,81.9987
135,254.0546,128.6598,141.3402,135,38.6598
6
3.8773e-08,9.6454e-08,4.3755e-08,4.3628e-08,4.0784e-08,4.3628e-08
-89.3179,-107.2336,-100.3677,-100.3424,-99.7571,-100.3424
0,3.1416,3.1416,3.1416,3.1416,3.1416
98.9026,93.5666,97.8821,97.9053,110.0757,97.9053
314.1186,286.0817,52.0284,219.5226,314.1186,320.4774
81.0974,86.4334,82.1179,82.0947,110.0757,82.0947
134.1186,253.9183,127.9716,140.4774,134.1186,39.5226
6
3.9369e-08,9.5655e-08,4.4409e-08,4.4158e-08,4.1351e-08,4.4158e-08
-89.4502,-107.1614,-100.4965,-100.4473,-99.8769,-100.4473
0,3.1416,3.1416,3.1416,3.1416,3.1416
98.7668,93.5965,97.7654,97.8098,109.7891,97.8098
313.2643,286.2202,52.6961,220.3645,313.2643,319.6355
81.2332,86.4035,82.2346,82.1902,109.7891,82.1902
133.2643,253.7798,127.3039,139.6355,133.2643,40.3645
6
3.9973e-08,9.4857e-08,4.5068e-08,4.4697e-08,4.1926e-08,4.4697e-08
-89.5825,-107.0886,-100.6246,-100.5528,-99.9969,-100.5528
0,3.1416,3.1416,3.1416,3.1416,3.1416
98.6334,93.6268,97.651,97.715,109.5065,97.715
312.4362,286.3611,53.3439,221.1859,312.4362,318.8141
81.3666,86.3732,82.349,82.285,109.5065,82.285
132.4362,253.6389,126.6561,138.8141,132.4362,41.1859
6
4.0585e-08,9.4059e-08,4.5734e-08,4.5245e-08,4.251e-08,4.5245e-08
-89.7145,-107.0152,-100.7519,-100.6586,-100.117,-100.6586
0,3.1416,3.1416,3.1416,3.1416,3.1416
98.5022,93.6576,97.5391,97.6209,109.2279,97.6209
311.6335,286.5044,53.9726,221.9872,311.6335,318.0128
81.4978,86.3424,82.4609,82.3791,109.2279,82.3791
131.6335,253.4956,126.0274,138.0128,131.6335,41.9872
6
4.1204e-08,9.3262e-08,4.6404e-08,4.5802e-08,4.3102e-08,4.5802e-08
-89.8461,-106.9413,-100.8784,-100.7649,-100.2372,-100.7649
0,3.1416,3.1416,3.1416,3.1416,3.1416
98.3734,93.6889,97.4295,97.5277,108.9536,97.5277
310.8554,286.6501,54.5829,222.7688,310.8554,317.2312
81.6266,86.3111,82.5705,82.4723,108.9536,82.4723
130.8554,253.3499,125.4171,137.2312,130.8554,42.7688
6
4.1832e-08,9.2466e-08,4.708e-08,4.6367e-08,4.3702e-08,4.6367e-08
-89.9773,-106.8668,-101.004,-100.8714,-100.3573,-100.8714
0,3.1416,3.1416,3.1416,3.1416,3.1416
98.2469,93.7207,97.3222,97.4355,108.6836,97.4355
310.1009,286.7984,55.1755,223.5312,310.1009,316.4688
81.7531,86.2793,82.6778,82.5645,108.6836,82.5645
130.1009,253.2016,124.8245,136.4688,130.1009,43.5312
6
4.2466e-08,9.167e-08,4.7761e-08,4.694e-08,4.431e-08,4.694e-08
-90.1081,-106.7918,-101.1287,-100.9781,-100.4772,-100.9781
0,3.1416,3.1416,3.1416,3.1416,3.1416
98.1229,93.753,97.2172,97.3442,108.4182,97.3442
309.3693,286.9492,55.751,224.2748,309.3693,315.7252
81.8771,86.247,82.7828,82.6558,108.4182,82.6558
129.3693,253.0508,124.249,135.7252,129.3693,44.2748
6
4.3107e-08,9.0875e-08,4.8447e-08,4.7521e-08,4.4925e-08,4.7521e-08
-90.2382,-106.7161,-101.2526,-101.0849,-100.5969,-101.0849
0,3.1416,3.1416,3.1416,3.1416,3.1416
98.0013,93.7859,97.1146,97.254,108.1573,97.254
308.6598,287.1027,56.3099,225,308.6598,315
81.9987,86.2141,82.8854,82.746,108.1573,82.746
128.6598,252.8973,123.6901,135,128.6598,45
6
4.3755e-08,9.008e-08,4.9137e-08,4.8109e-08,4.5546e-08,4.8109e-08
-90.3677,-106.6398,-101.3755,-101.1917,-100.7163,-101.1917
0,3.1416,3.1416,3.1416,3.1416,3.1416
97.8821,93.8193,97.0141,97.1648,107.9009,97.1648
307.9716,287.259,56.853,225.7073,307.9716,314.2927
82.1179,86.1807,82.9859,82.8352,107.9009,82.8352
127.9716,252.741,123.147,134.2927,127.9716,45.7073
6
4.4409e-08,8.9287e-08,4.9832e-08,4.8704e-08,4.6175e-08,4.8704e-08
-90.4965,-106.563,-101.4974,-101.2986,-100.8353,-101.2986
0,3.1416,3.1416,3.1416,3.1416,3.1416
97.7654,93.8534,96.9158,97.0768,107.6493,97.0768
307.3039,287.418,57.3808,226.3972,307.3039,313.6028
82.2346,86.1466,83.0842,82.9232,107.6493,82.9232
127.3039,252.582,122.6192,133.6028,127.3039,46.3972
6
4.5068e-08,8.8494e-08,5.0531e-08,4.9307e-08,4.681e-08,4.9307e-08
-90.6246,-106.4855,-101.6184,-101.4053,-100.9539,-101.4053
0,3.1416,3.1416,3.1416,3.1416,3.1416
97.651,93.8879,96.8197,96.9899,107.4022,96.9899
306.6561,287.5799,57.8937,227.07,306.6561,312.93
82.349,86.1121,83.1803,83.0101,107.4022,83.0101
126.6561,252.4201,122.1063,132.93,126.6561,47.07
6
4.5734e-08,8.7702e-08,5.1234e-08,4.9916e-08,4.745e-08,4.9916e-08
-90.7519,-106.4074,-101.7383,-101.5119,-101.072,-101.5119
0,3.1416,3.1416,3.1416,3.1416,3.1416
97.5391,93.9231,96.7257,96.9042,107.1598,96.9042
306.0274,287.7447,58.3925,227.7263,306.0274,312.2737
82.4609,86.0769,83.2743,83.0958,107.1598,83.0958
126.0274,252.2553,121.6075,132.2737,126.0274,47.7263
6
4.6404e-08,8.691e-08,5.194e-08,5.0531e-08,4.8097e-08,5.0531e-08
-90.8784,-106.3286,-101.8573,-101.6184,-101.1896,-101.6184
0,3.1416,3.1416,3.1416,3.1416,3.1416
97.4295,93.9589,96.6338,96.8197,106.922,96.8197
305.4171,287.9125,58.8775,228.3665,305.4171,311.6335
82.5705,86.0411,83.3662,83.1803,106.922,83.1803
125.4171,252.0875,121.1225,131.6335,125.4171,48.3665
6
4.708e-08,8.6119e-08,5.2651e-08,5.1152e-08,4.875e-08,5.1152e-08
-91.004,-106.2492,-101.9753,-101.7245,-101.3067,-101.7245
0,3.1416,3.1416,3.1416,3.1416,3.1416
97.3222,93.9953,96.5439,96.7365,106.6888,96.7365
304.8245,288.0834,59.3493,228.9909,304.8245,311.0091
82.6778,86.0047,83.4561,83.2635,106.6888,83.2635
124.8245,251.9166,120.6507,131.0091,124.8245,48.9909
6
4.7761e-08,8.533e-08,5.3365e-08,5.178e-08,4.9408e-08,5.178e-08
-91.1287,-106.1692,-102.0923,-101.8304,-101.4231,-101.8304
0,3.1416,3.1416,3.1416,3.1416,3.1416
97.2172,94.0323,96.456,96.6545,106.4602,96.6545
304.249,288.2576,59.8084,229.6001,304.249,310.3999
82.7828,85.9677,83.544,83.3455,106.4602,83.3455
124.249,251.7424,120.1916,130.3999,124.249,49.6001
6
4.8447e-08,8.4541e-08,5.4082e-08,5.2413e-08,5.0071e-08,5.2413e-08
-91.2526,-106.0885,-102.2083,-101.936,-101.5389,-101.936
0,3.1416,3.1416,3.1416,3.1416,3.1416
97.1146,94.07,96.37,96.5737,106.2361,96.5737
303.6901,288.4349,60.2551,230.1944,303.6901,309.8056
82.8854,85.93,83.63,83.4263,106.2361,83.4263
123.6901,251.5651,119.7449,129.8056,123.6901,50.1944
6
4.9137e-08,8.3752e-08,5.4803e-08,5.3052e-08,5.0739e-08,5.3052e-08
-91.3755,-106.0072,-102.3233,-102.0412,-101.6541,-102.0412
0,3.1416,3.1416,3.1416,3.1416,3.1416
97.0141,94.1084,96.2859,96.4943,106.0165,96.4943
303.147,288.6157,60.69,230.7743,303.147,309.2257
82.9859,85.8916,83.7141,83.5057,106.0165,83.5057
123.147,251.3843,119.31,129.2257,123.147,50.7743
6
4.9832e-08,8.2965e-08,5.5527e-08,5.3696e-08,5.1412e-08,5.3696e-08
-91.4974,-105.9251,-102.4373,-102.146,-101.7685,-102.146
0,3.1416,3.1416,3.1416,3.1416,3.1416
96.9158,94.1475,96.2036,96.416,105.8013,96.416
302.6192,288.7999,61.1134,231.3402,302.6192,308.6598
83.0842,85.8525,83.7964,83.584,105.8013,83.584
122.6192,251.2001,118.8866,128.6598,122.6192,51.3402
6
5.0531e-08,8.2179e-08,5.6254e-08,5.4345e-08,5.209e-08,5.4345e-08
-91.6184,-105.8424,-102.5502,-102.2504,-101.8823,-102.2504
0,3.1416,3.1416,3.1416,3.1416,3.1416
96.8197,94.1872,96.1231,96.3391,105.5905,96.3391
302.1063,288.9876,61.5258,231.8924,302.1063,308.1076
83.1803,85.8128,83.8769,83.6609,105.5905,83.6609
122.1063,251.0124,118.4742,128.1076,122.1063,51.8924
6
5.1234e-08,8.1393e-08,5.6983e-08,5.4999e-08,5.2772e-08,5.4999e-08
-91.7383,-105.759,-102.6622,-102.3543,-101.9953,-102.3543
0,3.1416,3.1416,3.1416,3.1416,3.1416
96.7257,94.2277,96.0444,96.2634,105.384,96.2634
301.6075,289.179,61.9275,232.4314,301.6075,307.5686
83.2743,85.7723,83.9556,83.7366,105.384,83.7366
121.6075,250.821,118.0725,127.5686,121.6075,52.4314
6
5.194e-08,8.0609e-08,5.7716e-08,5.5658e-08,5.3458e-08,5.5658e-08
-91.8573,-105.6749,-102.7732,-102.4578,-102.1075,-102.4578
0,3.1416,3.1416,3.1416,3.1416,3.1416
96.6338,94.2689,95.9674,96.1889,105.1816,96.1889
301.1225,289.3741,62.3189,232.9575,301.1225,307.0425
83.3662,85.7311,84.0326,83.8111,105.1816,83.8111
121.1225,250.6259,117.6811,127.0425,121.1225,52.9575
6
5.2651e-08,7.9826e-08,5.8451e-08,5.6322e-08,5.4149e-08,5.6322e-08
-91.9753,-105.5901,-102.8831,-102.5607,-102.219,-102.5607
0,3.1416,3.1416,3.1416,3.1416,3.1416
96.5439,94.3109,95.8921,96.1157,104.9835,96.1157
300.6507,289.5731,62.7004,233.4711,300.6507,306.5289
83.4561,85.6891,84.1079,83.8843,104.9835,83.8843
120.6507,250.4269,117.2996,126.5289,120.6507,53.4711
6
5.3365e-08,7.9043e-08,5.9189e-08,5.699e-08,5.4843e-08,5.699e-08
-92.0923,-105.5045,-102.9921,-102.6631,-102.3297,-102.6631
0,3.1416,3.1416,3.1416,3.1416,3.1416
96.456,94.3536,95.8184,96.0438,104.7894,96.0438
300.1916,289.7761,63.0723,233.9726,300.1916,306.0274
83.544,85.6464,84.1816,83.9562,104.7894,83.9562
120.1916,250.2239,116.9277,126.0274,120.1916,53.9726
6
5.4082e-08,7.8262e-08,5.993e-08,5.7662e-08,5.5542e-08,5.7662e-08
-92.2083,-105.4182,-103.1001,-102.765,-102.4396,-102.765
0,3.1416,3.1416,3.1416,3.1416,3.1416
96.37,94.3972,95.7463,95.973,104.5993,95.973
299.7449,289.9831,63.4349,234.4623,299.7449,305.5377
83.63,85.6028,84.2537,84.027,104.5993,84.027
119.7449,250.0169,116.5651,125.5377,119.7449,54.4623
6
5.4803e-08,7.7481e-08,6.0672e-08,5.8338e-08,5.6244e-08,5.8338e-08
-92.3233,-105.3312,-103.207,-102.8663,-102.5487,-102.8663
0,3.1416,3.1416,3.1416,3.1416,3.1416
96.2859,94.4416,95.6757,95.9035,104.4131,95.9035
299.31,290.1943,63.7886,234.9406,299.31,305.0594
83.7141,85.5584,84.3243,84.0965,104.4131,84.0965
119.31,249.8057,116.2114,125.0594,119.31,54.9406
6
5.5527e-08,7.6702e-08,6.1418e-08,5.9019e-08,5.6949e-08,5.9019e-08
-92.4373,-105.2434,-103.3131,-102.967,-102.657,-102.967
0,3.1416,3.1416,3.1416,3.1416,3.1416
96.2036,94.4868,95.6066,95.8352,104.2307,95.8352
298.8866,290.4099,64.1336,235.4077,298.8866,304.5923
83.7964,85.5132,84.3934,84.1648,104.2307,84.1648
118.8866,249.5901,115.8664,124.5923,118.8866,55.4077
6
5.6254e-08,7.5924e-08,6.2165e-08,5.9703e-08,5.7658e-08,5.9703e-08
-92.5502,-105.1548,-103.4181,-103.0672,-102.7644,-103.0672
0,3.1416,3.1416,3.1416,3.1416,3.1416
96.1231,94.5328,95.539,95.7681,104.0521,95.7681
298.4742,290.6299,64.4703,235.8641,298.4742,304.1359
83.8769,85.4672,84.461,84.2319,104.0521,84.2319
118.4742,249.3701,115.5297,124.1359,118.4742,55.8641
6
5.6983e-08,7.5147e-08,6.2914e-08,6.0391e-08,5.837e-08,6.0391e-08
-92.6622,-105.0655,-103.5222,-103.1667,-102.8711,-103.1667
0,3.1416,3.1416,3.1416,3.1416,3.1416
96.0444,94.5798,95.4728,95.7022,103.8772,95.7022
298.0725,290.8545,64.7989,236.3099,298.0725,303.6901
83.9556,85.4202,84.5272,84.2978,103.8772,84.2978
118.0725,249.1455,115.2011,123.6901,118.0725,56.3099
6
5.7716e-08,7.4372e-08,6.3666e-08,6.1083e-08,5.9086e-08,6.1083e-08
-92.7732,-104.9754,-103.6254,-103.2656,-102.9769,-103.2656
0,3.1416,3.1416,3.1416,3.1416,3.1416
95.9674,94.6277,95.408,95.6374,103.7059,95.6374
297.6811,291.0838,65.1196,236.7456,297.6811,303.2544
84.0326,85.3723,84.592,84.3626,103.7059,84.3626
117.6811,248.9162,114.8804,123.2544,117.6811,56.7456
6
5.8451e-08,7.3597e-08,6.442e-08,6.1778e-08,5.9804e-08,6.1778e-08
-92.8831,-104.8845,-103.7276,-103.3639,-103.0819,-103.3639
0,3.1416,3.1416,3.1416,3.1416,3.1416
95.8921,94.6765,95.3445,95.5737,103.5381,95.5737
297.2996,291.3179,65.4328,237.1715,297.2996,302.8285
84.1079,85.3235,84.6555,84.4263,103.5381,84.4263
117.2996,248.6821,114.5672,122.8285,117.2996,57.1715
6
5.9189e-08,7.2824e-08,6.5175e-08,6.2477e-08,6.0526e-08,6.2477e-08
-92.9921,-104.7927,-103.8289,-103.4616,-103.186,-103.4616
0,3.1416,3.1416,3.1416,3.1416,3.1416
95.8184,94.7262,95.2824,95.5112,103.3737,95.5112
296.9277,291.5571,65.7387,237.5877,296.9277,302.4123
84.1816,85.2738,84.7176,84.4888,103.3737,84.4888
116.9277,248.4429,114.2613,122.4123,116.9277,57.5877
6
5.993e-08,7.2052e-08,6.5933e-08,6.3179e-08,6.125e-08,6.3179e-08
-93.1001,-104.7002,-103.9292,-103.5586,-103.2893,-103.5586
0,3.1416,3.1416,3.1416,3.1416,3.1416
95.7463,94.777,95.2215,95.4498,103.2127,95.4498
296.5651,291.8014,66.0375,237.9946,296.5651,302.0054
84.2537,85.223,84.7785,84.5502,103.2127,84.5502
116.5651,248.1986,113.9625,122.0054,116.5651,57.9946
6
6.0672e-08,7.1282e-08,6.6692e-08,6.3884e-08,6.1977e-08,6.3884e-08
-93.207,-104.6068,-104.0287,-103.655,-103.3918,-103.655
0,3.1416,3.1416,3.1416,3.1416,3.1416
95.6757,94.8287,95.1619,95.3895,103.055,95.3895
296.2114,292.0511,66.3295,238.3925,296.2114,301.6075
84.3243,85.1713,84.8381,84.6105,103.055,84.6105
116.2114,247.9489,113.6705,121.6075,116.2114,58.3925
6
6.1418e-08,7.0513e-08,6.7453e-08,6.4592e-08,6.2706e-08,6.4592e-08
-93.3131,-104.5126,-104.1272,-103.7508,-103.4935,-103.7508
0,3.1416,3.1416,3.1416,3.1416,3.1416
95.6066,94.8815,95.1035,95.3302,102.9004,95.3302
295.8664,292.3062,66.6148,238.7816,295.8664,301.2184
84.3934,85.1185,84.8965,84.6698,102.9004,84.6698
115.8664,247.6938,113.3852,121.2184,115.8664,58.7816
6
6.2165e-08,6.9746e-08,6.8216e-08,6.5303e-08,6.3439e-08,6.5303e-08
-93.4181,-104.4176,-104.2249,-103.8459,-103.5943,-103.8459
0,3.1416,3.1416,3.1416,3.1416,3.1416
95.539,94.9353,95.0463,95.272,102.749,95.272
295.5297,292.567,66.8937,239.1622,295.5297,300.8378
84.461,85.0647,84.9537,84.728,102.749,84.728
115.5297,247.433,113.1063,120.8378,115.5297,59.1622
6
6.2914e-08,6.898e-08,6.898e-08,6.6017e-08,6.4173e-08,6.6017e-08
-93.5222,-104.3217,-104.3217,-103.9403,-103.6943,-103.9403
0,3.1416,3.1416,3.1416,3.1416,3.1416
95.4728,94.9903,94.9903,95.2149,102.6006,95.2149
295.2011,292.8337,67.1663,239.5345,295.2011,300.4655
84.5272,85.0097,85.0097,84.7851,102.6006,84.7851
115.2011,247.1663,112.8337,120.4655,115.2011,59.5345
6
6.3666e-08,6.8216e-08,6.9746e-08,6.6734e-08,6.491e-08,6.6734e-08
-93.6254,-104.2249,-104.4176,-104.0341,-103.7935,-104.0341
0,3.1416,3.1416,3.1416,3.1416,3.1416
95.408,95.0463,94.9353,95.1587,102.4552,95.1587
294.8804,293.1063,67.433,239.8987,294.8804,300.1013
84.592,84.9537,85.0647,84.8413,102.4552,84.8413
114.8804,246.8937,112.567,120.1013,114.8804,59.8987
6
6.2914e-08,6.898e-08,6.898e-08,6.6017e-08,6.4173e-08,6.6017e-08
-93.5222,-104.3217,-104.3217,-103.9403,-103.6943,-103.9403
0,3.1416,3.1416,3.1416,3.1416,3.1416
95.4728,94.9903,94.9903,95.2149,102.6006,95.2149
295.2011,292.8337,67.1663,239.5345,295.2011,300.4655
84.5272,85.0097,85.0097,84.7851,102.6006,84.7851
115.2011,247.1663,112.8337,120.4655,115.2011,59.5345
6
6.2165e-08,6.9746e-08,6.8216e-08,6.5303e-08,6.3439e-08,6.5303e-08
-93.4181,-104.4176,-104.2249,-103.8459,-103.5943,-103.8459
0,3.1416,3.1416,3.1416,3.1416,3.1416
95.539,94.9353,95.0463,95.272,102.749,95.272
295.5297,292.567,66.8937,239.1622,295.5297,300.8378
84.461,85.0647,84.9537,84.728,102.749,84.728
115.5297,247.433,113.1063,120.8378,115.5297,59.1622
6
6.1418e-08,7.0513e-08,6.7453e-08,6.4592e-08,6.2706e-08,6.4592e-08
-93.3131,-104.5126,-104.1272,-103.7508,-103.4935,-103.7508
0,3.1416,3.1416,3.1416,3.1416,3.1416
95.6066,94.8815,95.1035,95.3302,102.9004,95.3302
295.8664,292.3062,66.6148,238.7816,295.8664,301.2184
84.3934,85.1185,84.8965,84.6698,102.9004,84.6698
115.8664,247.6938,113.3852,121.2184,115.8664,58.7816
6
6.0672e-08,7.1282e-08,6.6692e-08,6.3884e-08,6.1977e-08,6.3884e-08
-93.207,-104.6068,-104.0287,-103.655,-103.3918,-103.655
0,3.1416,3.1416,3.1416,3.1416,3.1416
95.6757,94.8287,95.1619,95.3895,103.055,95.3895
296.2114,292.0511,66.3295,238.3925,296.2114,301.6075
84.3243,85.1713,84.8381,84.6105,103.055,84.6105
116.2114,247.9489,113.6705,121.6075,116.2114,58.3925
6
5.993e-08,7.2052e-08,6.5933e-08,6.3179e-08,6.125e-08,6.3179e-08
-93.1001,-104.7002,-103.9292,-103.5586,-103.2893,-103.5586
0,3.1416,3.1416,3.1416,3.1416,3.1416
95.7463,94.777,95.2215,95.4498,103.2127,95.4498
296.5651,291.8014,66.0375,237.9946,296.5651,302.0054
84.2537,85.223,84.7785,84.5502,103.2127,84.5502
116.5651,248.1986,113.9625,122.0054,116.5651,57.9946
6
5.9189e-08,7.2824e-08,6.5175e-08,6.2477e-08,6.0526e-08,6.2477e-08
-92.9921,-104.7927,-103.8289,-103.4616,-103.186,-103.4616
0,3.1416,3.1416,3.1416,3.1416,3.1416
95.8184,94.7262,95.2824,95.5112,103.3737,95.5112
296.9277,291.5571,65.7387,237.5877,296.9277,302.4123
84.1816,85.2738,84.7176,84.4888,103.3737,84.4888
116.9277,248.4429,114.2613,122.4123,116.9277,57.5877
6
5.8451e-08,7.3597e-08,6.442e-08,6.1778e-08,5.9804e-08,6.1778e-08
-92.8831,-104.8845,-103.7276,-103.3639,-103.0819,-103.3639
0,3.1416,3.1416,3.1416,3.1416,3.1416
95.8921,94.6765,95.3445,95.5737,103.5381,95.5737
297.2996,291.3179,65.4328,237.1715,297.2996,302.8285
84.1079,85.3235,84.6555,84.4263,103.5381,84.4263
117.2996,248.6821,114.5672,122.8285,117.2996,57.1715
6
5.7716e-08,7.4372e-08,6.3666e-08,6.1083e-08,5.9086e-08,6.1083e-08
-92.7732,-104.9754,-103.6254,-103.2656,-102.9769,-103.2656
0,3.1416,3.1416,3.1416,3.1416,3.1416
95.9674,94.6277,95.408,95.6374,103.7059,95.6374
297.6811,291.0838,65.1196,236.7456,297.6811,303.2544
84.0326,85.3723,84.592,84.3626,103.7059,84.3626
117.6811,248.9162,114.8804,123.2544,117.6811,56.7456
6
5.6983e-08,7.5147e-08,6.2914e-08,6.0391e-08,5.837e-08,6.0391e-08
-92.6622,-105.0655,-103.5222,-103.1667,-102.8711,-103.1667
0,3.1416,3.1416,3.1416,3.1416,3.1416
96.0444,94.5798,95.4728,95.7022,103.8772,95.7022
298.0725,290.8545,64.7989,236.3099,298.0725,303.6901
83.9556,85.4202,84.5272,84.2978,103.8772,84.2978
118.0725,249.1455,115.2011,123.6901,118.0725,56.3099
6
5.6254e-08,7.5924e-08,6.2165e-08,5.9703e-08,5.7658e-08,5.9703e-08
-92.5502,-105.1548,-103.4181,-103.0672,-102.7644,-103.0672
0,3.1416,3.1416,3.1416,3.1416,3.1416
96.1231,94.5328,95.539,95.7681,104.0521,95.7681
298.4742,290.6299,64.4703,235.8641,298.4742,304.1359
83.8769,85.4672,84.461,84.2319,104.0521,84.2319
118.4742,249.3701,115.5297,124.1359,118.4742,55.8641
6
5.5527e-08,7.6702e-08,6.1418e-08,5.9019e-08,5.6949e-08,5.9019e-08
-92.4373,-105.2434,-103.3131,-102.967,-102.657,-102.967
0,3.1416,3.1416,3.1416,3.1416,3.1416
96.2036,94.4868,95.6066,95.8352,104.2307,95.8352
298.8866,290.4099,64.1336,235.4077,298.8866,304.5923
83.7964,85.5132,84.3934,84.1648,104.2307,84.1648
118.8866,249.5901,115.8664,124.5923,118.8866,55.4077
6
5.4803e-08,7.7481e-08,6.0672e-08,5.8338e-08,5.6244e-08,5.8338e-08
-92.3233,-105.3312,-103.207,-102.8663,-102.5487,-102.8663
0,3.1416,3.1416,3.1416,3.1416,3.1416
96.2859,94.4416,95.6757,95.9035,104.4131,95.9035
299.31,290.1943,63.7886,234.9406,299.31,305.0594
83.7141,85.5584,84.3243,84.0965,104.4131,84.0965
119.31,249.8057,116.2114,125.0594,119.31,54.9406
6
5.4082e-08,7.8262e-08,5.993e-08,5.7662e-08,5.5542e-08,5.7662e-08
-92.2083,-105.4182,-103.1001,-102.765,-102.4396,-102.765
0,3.1416,3.1416,3.1416,3.1416,3.1416
96.37,94.3972,95.7463,95.973,104.5993,95.973
299.7449,289.9831,63.4349,234.4623,299.7449,305.5377
83.63,85.6028,84.2537,84.027,104.5993,84.027
119.7449,250.0169,116.5651,125.5377,119.7449,54.4623
6
5.3365e-08,7.9043e-08,5.9189e-08,5.699e-08,5.4843e-08,5.699e-08
-92.0923,-105.5045,-102.9921,-102.6631,-102.3297,-102.6631
0,3.1416,3.1416,3.1416,3.1416,3.1416
96.456,94.3536,95.8184,96.0438,104.7894,96.0438
300.1916,289.7761,63.0723,233.9726,300.1916,306.0274
83.544,85.6464,84.1816,83.9562,104.7894,83.9562
120.1916,250.2239,116.9277,126.0274,120.1916,53.9726
6
5.2651e-08,7.9826e-08,5.8451e-08,5.6322e-08,5.4149e-08,5.6322e-08
-91.9753,-105.5901,-102.8831,-102.5607,-102.219,-102.5607
0,3.1416,3.1416,3.1416,3.1416,3.1416
96.5439,94.3109,95.8921,96.1157,104.9835,96.1157
300.6507,289.5731,62.7004,233.4711,300.6507,306.5289
83.4561,85.6891,84.1079,83.8843,104.9835,83.8843
120.6507,250.4269,117.2996,126.5289,120.6507,53.4711
6
5.194e-08,8.0609e-08,5.7716e-08,5.5658e-08,5.3458e-08,5.5658e-08
-91.8573,-105.6749,-102.7732,-102.4578,-102.1075,-102.4578
0,3.1416,3.1416,3.1416,3.1416,3.1416
96.6338,94.2689,95.9674,96.1889,105.1816,96.1889
301.1225,289.3741,62.3189,232.9575,301.1225,307.0425
83.3662,85.7311,84.0326,83.8111,105.1816,83.8111
121.1225,250.6259,117.6811,127.0425,121.1225,52.9575
6
5.1234e-08,8.1393e-08,5.6983e-08,5.4999e-08,5.2772e-08,5.4999e-08
-91.7383,-105.759,-102.6622,-102.3543,-101.9953,-102.3543
0,3.1416,3.1416,3.1416,3.1416,3.1416
96.7257,94.2277,96.0444,96.2634,105.384,96.2634
301.6075,289.179,61.9275,232.4314,301.6075,307.5686
83.2743,85.7723,83.9556,83.7366,105.384,83.7366
121.6075,250.821,118.0725,127.5686,121.6075,52.4314
6
5.0531e-08,8.2179e-08,5.6254e-08,5.4345e-08,5.209e-08,5.4345e-08
-91.6184,-105.8424,-102.5502,-102.2504,-101.8823,-102.2504
0,3.1416,3.1416,3.1416,3.1416,3.1416
96.8197,94.1872,96.1231,96.3391,105.5905,96.3391
302.1063,288.9876,61.5258,231.8924,302.1063,308.1076
83.1803,85.8128,83.8769,83.6609,105.5905,83.6609
122.1063,251.0124,118.4742,128.1076,122.1063,51.8924
6
4.9832e-08,8.2965e-08,5.5527e-08,5.3696e-08,5.1412e-08,5.3696e-08
-91.4974,-105.9251,-102.4373,-102.146,-101.7685,-102.146
0,3.1416,3.1416,3.1416,3.1416,3.1416
96.9158,94.1475,96.2036,96.416,105.8013,96.416
302.6192,288.7999,61.1134,231.3402,302.6192,308.6598
83.0842,85.8525,83.7964,83.584,105.8013,83.584
122.6192,251.2001,118.8866,128.6598,122.6192,51.3402
6
4.9137e-08,8.3752e-08,5.4803e-08,5.3052e-08,5.0739e-08,5.3052e-08
-91.3755,-106.0072,-102.3233,-102.0412,-101.6541,-102.0412
0,3.1416,3.1416,3.1416,3.1416,3.1416
97.0141,94.1084,96.2859,96.4943,106.0165,96.4943
303.147,288.6157,60.69,230.7743,303.147,309.2257
82.9859,85.8916,83.7141,83.5057,106.0165,83.5057
123.147,251.3843,119.31,129.2257,123.147,50.7743
6
4.8447e-08,8.4541e-08,5.4082e-08,5.2413e-08,5.0071e-08,5.2413e-08
-91.2526,-106.0885,-102.2083,-101.936,-101.5389,-101.936
0,3.1416,3.1416,3.1416,3.1416,3.1416
97.1146,94.07,96.37,96.5737,106.2361,96.5737
303.6901,288.4349,60.2551,230.1944,303.6901,309.8056
82.8854,85.93,83.63,83.4263,106.2361,83.4263
123.6901,251.5651,119.7449,129.8056,123.6901,50.1944
6
4.7761e-08,8.533e-08,5.3365e-08,5.178e-08,4.9408e-08,5.178e-08
-91.1287,-106.1692,-102.0923,-101.8304,-101.4231,-101.8304
0,3.1416,3.1416,3.1416,3.1416,3.1416
97.2172,94.0323,96.456,96.6545,106.4602,96.6545
304.249,288.2576,59.8084,229.6001,304.249,310.3999
82.7828,85.9677,83.544,83.3455,106.4602,83.3455
124.249,251.7424,120.1916,130.3999,124.249,49.6001
6
4.708e-08,8.6119e-08,5.2651e-08,5.1152e-08,4.875e-08,5.1152e-08
-91.004,-106.2492,-101.9753,-101.7245,-101.3067,-101.7245
0,3.1416,3.1416,3.1416,3.1416,3.1416
97.3222,93.9953,96.5439,96.7365,106.6888,96.7365
304.8245,288.0834,59.3493,228.9909,304.8245,311.0091
82.6778,86.0047,83.4561,83.2635,106.6888,83.2635
124.8245,251.9166,120.6507,131.0091,124.8245,48.9909
6
4.6404e-08,8.691e-08,5.194e-08,5.0531e-08,4.8097e-08,5.0531e-08
-90.8784,-106.3286,-101.8573,-101.6184,-101.1896,-101.6184
0,3.1416,3.1416,3.1416,3.1416,3.1416
97.4295,93.9589,96.6338,96.8197,106.922,96.8197
305.4171,287.9125,58.8775,228.3665,305.4171,311.6335
82.5705,86.0411,83.3662,83.1803,106.922,83.1803
125.4171,252.0875,121.1225,131.6335,125.4171,48.3665
6
4.5734e-08,8.7702e-08,5.1234e-08,4.9916e-08,4.745e-08,4.9916e-08
-90.7519,-106.4074,-101.7383,-101.5119,-101.072,-101.5119
0,3.1416,3.1416,3.1416,3.1416,3.1416
97.5391,93.9231,96.7257,96.9042,107.1598,96.9042
306.0274,287.7447,58.3925,227.7263,306.0274,312.2737
82.4609,86.0769,83.2743,83.0958,107.1598,83.0958
126.0274,252.2553,121.6075,132.2737,126.0274,47.7263
6
4.5068e-08,8.8494e-08,5.0531e-08,4.9307e-08,4.681e-08,4.9307e-08
-90.6246,-106.4855,-101.6184,-101.4053,-100.9539,-101.4053
0,3.1416,3.1416,3.1416,3.1416,3.1416
97.651,93.8879,96.8197,96.9899,107.4022,96.9899
306.6561,287.5799,57.8937,227.07,306.6561,312.93
82.349,86.1121,83.1803,83.0101,107.4022,83.0101
126.6561,252.4201,122.1063,132.93,126.6561,47.07
6
4.4409e-08,8.9287e-08,4.9832e-08,4.8704e-08,4.6175e-08,4.8704e-08
-90.4965,-106.563,-101.4974,-101.2986,-100.8353,-101.2986
0,3.1416,3.1416,3.1416,3.1416,3.1416
97.7654,93.8534,96.9158,97.0768,107.6493,97.0768
307.3039,287.418,57.3808,226.3972,307.3039,313.6028
82.2346,86.1466,83.0842,82.9232,107.6493,82.9232
127.3039,252.582,122.6192,133.6028,127.3039,46.3972
6
4.3755e-08,9.008e-08,4.9137e-08,4.8109e-08,4.5546e-08,4.8109e-08
-90.3677,-106.6398,-101.3755,-101.1917,-100.7163,-101.1917
0,3.1416,3.1416,3.1416,3.1416,3.1416
97.8821,93.8193,97.0141,97.1648,107.9009,97.1648
307.9716,287.259,56.853,225.7073,307.9716,314.2927
82.1179,86.1807,82.9859,82.8352,107.9009,82.8352
127.9716,252.741,123.147,134.2927,127.9716,45.7073
6
4.3107e-08,9.0875e-08,4.8447e-08,4.7521e-08,4.4925e-08,4.7521e-08
-90.2382,-106.7161,-101.2526,-101.0849,-100.5969,-101.0849
0,3.1416,3.1416,3.1416,3.1416,3.1416
98.0013,93.7859,97.1146,97.254,108.1573,97.254
308.6598,287.1027,56.3099,225,308.6598,315
81.9987,86.2141,82.8854,82.746,108.1573,82.746
128.6598,252.8973,123.6901,135,128.6598,45
6
4.2466e-08,9.167e-08,4.7761e-08,4.694e-08,4.431e-08,4.694e-08
-90.1081,-106.7918,-101.1287,-100.9781,-100.4772,-100.9781
0,3.1416,3.1416,3.1416,3.1416,3.1416
98.1229,93.753,97.2172,97.3442,108.4182,97.3442
309.3693,286.9492,55.751,224.2748,309.3693,315.7252
81.8771,86.247,82.7828,82.6558,108.4182,82.6558
129.3693,253.0508,124.249,135.7252,129.3693,44.2748
6
4.1832e-08,9.2466e-08,4.708e-08,4.6367e-08,4.3702e-08,4.6367e-08
-89.9773,-106.8668,-101.004,-100.8714,-100.3573,-100.8714
0,3.1416,3.1416,3.1416,3.1416,3.1416
98.2469,93.7207,97.3222,97.4355,108.6836,97.4355
310.1009,286.7984,55.1755,223.5312,310.1009,316.4688
81.7531,86.2793,82.6778,82.5645,108.6836,82.5645
130.1009,253.2016,124.8245,136.4688,130.1009,43.5312
6
4.1204e-08,9.3262e-08,4.6404e-08,4.5802e-08,4.3102e-08,4.5802e-08
-89.8461,-106.9413,-100.8784,-100.7649,-100.2372,-100.7649
0,3.1416,3.1416,3.1416,3.1416,3.1416
98.3734,93.6889,97.4295,97.5277,108.9536,97.5277
310.8554,286.6501,54.5829,222.7688,310.8554,317.2312
81.6266,86.3111,82.5705,82.4723,108.9536,82.4723
130.8554,253.3499,125.4171,137.2312,130.8554,42.7688
6
4.0585e-08,9.4059e-08,4.5734e-08,4.5245e-08,4.251e-08,4.5245e-08
-89.7145,-107.0152,-100.7519,-100.6586,-100.117,-100.6586
0,3.1416,3.1416,3.1416,3.1416,3.1416
98.5022,93.6576,97.5391,97.6209,109.2279,97.6209
311.6335,286.5044,53.9726,221.9872,311.6335,318.0128
81.4978,86.3424,82.4609,82.3791,109.2279,82.3791
131.6335,253.4956,126.0274,138.0128,131.6335,41.9872
6
3.9973e-08,9.4857e-08,4.5068e-08,4.4697e-08,4.1926e-08,4.4697e-08
-89.5825,-107.0886,-100.6246,-100.5528,-99.9969,-100.5528
0,3.1416,3.1416,3.1416,3.1416,3.1416
98.6334,93.6268,97.651,97.715,109.5065,97.715
312.4362,286.3611,53.3439,221.1859,312.4362,318.8141
81.3666,86.3732,82.349,82.285,109.5065,82.285
132.4362,253.6389,126.6561,138.8141,132.4362,41.1859
6
3.9369e-08,9.5655e-08,4.4409e-08,4.4158e-08,4.1351e-08,4.4158e-08
-89.4502,-107.1614,-100.4965,-100.4473,-99.8769,-100.4473
0,3.1416,3.1416,3.1416,3.1416,3.1416
98.7668,93.5965,97.7654,97.8098,109.7891,97.8098
313.2643,286.2202,52.6961,220.3645,313.2643,319.6355
81.2332,86.4035,82.2346,82.1902,109.7891,82.1902
133.2643,253.7798,127.3039,139.6355,133.2643,40.3645
6
3.8773e-08,9.6454e-08,4.3755e-08,4.3628e-08,4.0784e-08,4.3628e-08
-89.3179,-107.2336,-100.3677,-100.3424,-99.7571,-100.3424
0,3.1416,3.1416,3.1416,3.1416,3.1416
98.9026,93.5666,97.8821,97.9053,110.0757,97.9053
314.1186,286.0817,52.0284,219.5226,314.1186,320.4774
81.0974,86.4334,82.1179,82.0947,110.0757,82.0947
134.1186,253.9183,127.9716,140.4774,134.1186,39.5226
6
3.8187e-08,9.7253e-08,4.3107e-08,4.3107e-08,4.0227e-08,4.3107e-08
-89.1855,-107.3053,-100.2382,-100.2382,-99.6376,-100.2382
0,3.1416,3.1416,3.1416,3.1416,3.1416
99.0404,93.5373,98.0013,98.0013,110.366,98.0013
315,285.9454,51.3402,218.6598,315,321.3402
80.9596,86.4627,81.9987,81.9987,110.366,81.9987
135,254.0546,128.6598,141.3402,135,38.6598
6
3.761e-08,9.8053e-08,4.2466e-08,4.2597e-08,3.968e-08,4.2597e-08
-89.0532,-107.3765,-100.1081,-100.1347,-99.5185,-100.1347
0,3.1416,3.1416,3.1416,3.1416,3.1416
99.1804,93.5084,98.1229,98.0978,110.6598,98.0978
315.9094,285.8114,50.6307,217.7757,315.9094,322.2243
80.8196,86.4916,81.8771,81.9022,110.6598,81.9022
135.9094,254.1886,129.3693,142.2243,135.9094,37.7757
6
3.7042e-08,9.8854e-08,4.1832e-08,4.2096e-08,3.9142e-08,4.2096e-08
-88.9211,-107.4471,-99.9773,-100.0321,-99.4001,-100.0321
0,3.1416,3.1416,3.1416,3.1416,3.1416
99.3222,93.4799,98.2469,98.1947,110.9567,98.1947
316.8476,285.6795,49.8991,216.8699,316.8476,323.1301
80.6778,86.5201,81.7531,81.8053,110.9567,81.8053
136.8476,254.3205,130.1009,143.1301,136.8476,36.8699
6
3.6485e-08,9.9655e-08,4.1204e-08,4.1607e-08,3.8615e-08,4.1607e-08
-88.7895,-107.5172,-99.8461,-99.9306,-99.2824,-99.9306
0,3.1416,3.1416,3.1416,3.1416,3.1416
99.4659,93.4519,98.3734,98.2918,111.2565,98.2918
317.8156,285.5498,49.1446,215.9421,317.8156,324.0579
80.5341,86.5481,81.6266,81.7082,111.2565,81.7082
137.8156,254.4502,130.8554,144.0579,137.8156,35.9421
6
3.5938e-08,1.0046e-07,4.0585e-08,4.1129e-08,3.8099e-08,4.1129e-08
-88.6584,-107.5868,-99.7145,-99.8301,-99.1655,-99.8301
0,3.1416,3.1416,3.1416,3.1416,3.1416
99.6112,93.4243,98.5022,98.3889,111.5586,98.3889
318.8141,285.4222,48.3665,214.992,318.8141,325.008
80.3888,86.5757,81.4978,81.6111,111.5586,81.6111
138.8141,254.5778,131.6335,145.008,138.8141,34.992
6
3.5403e-08,1.0126e-07,3.9973e-08,4.0662e-08,3.7595e-08,4.0662e-08
-88.528,-107.6559,-99.5825,-99.7309,-99.0497,-99.7309
0,3.1416,3.1416,3.1416,3.1416,3.1416
99.758,93.3972,98.6334,98.486,111.8628,98.486
319.844,285.2965,47.5638,214.0193,319.844,325.9807
80.242,86.6028,81.3666,81.514,111.8628,81.514
139.844,254.7035,132.4362,145.9807,139.844,34.0193
6
3.4879e-08,1.0206e-07,3.9369e-08,4.0206e-08,3.7102e-08,4.0206e-08
-88.3986,-107.7245,-99.4502,-99.6331,-98.9351,-99.6331
0,3.1416,3.1416,3.1416,3.1416,3.1416
99.906,93.3704,98.7668,98.5828,112.1684,98.5828
320.9061,285.1729,46.7357,213.0239,320.9061,326.9761
80.094,86.6296,81.2332,81.4172,112.1684,81.4172
140.9061,254.8271,133.2643,146.9761,140.9061,33.0239
6
3.4368e-08,1.0286e-07,3.8773e-08,3.9764e-08,3.6621e-08,3.9764e-08
-88.2702,-107.7925,-99.3179,-99.5369,-98.8219,-99.5369
0,3.1416,3.1416,3.1416,3.1416,3.1416
100.0549,93.3441,98.9026,98.6791,112.475,98.6791
322.0013,285.0512,45.8814,212.0054,322.0013,327.9946
79.9451,86.6559,81.0974,81.3209,112.475,81.3209
142.0013,254.9488,134.1186,147.9946,142.0013,32.0054
6
3.3869e-08,1.0367e-07,3.8187e-08,3.9333e-08,3.6154e-08,3.9333e-08
-88.1433,-107.8601,-99.1855,-99.4424,-98.7103,-99.4424
0,3.1416,3.1416,3.1416,3.1416,3.1416
100.2045,93.3181,99.0404,98.7748,112.7819,98.7748
323.1301,284.9314,45,210.9638,323.1301,329.0362
79.7955,86.6819,80.9596,81.2252,112.7819,81.2252
143.1301,255.0686,135,149.0362,143.1301,30.9638
6
3.3384e-08,1.0447e-07,3.761e-08,3.8916e-08,3.57e-08,3.8916e-08
-88.0179,-107.9273,-99.0532,-99.3498,-98.6005,-99.3498
0,3.1416,3.1416,3.1416,3.1416,3.1416
100.3545,93.2926,99.1804,98.8696,113.0885,98.8696
324.2933,284.8135,44.0906,209.8989,324.2933,330.1011
79.6455,86.7074,80.8196,81.1304,113.0885,81.1304
144.2933,255.1865,135.9094,150.1011,144.2933,29.8989
6
3.2912e-08,1.0528e-07,3.7042e-08,3.8513e-08,3.5259e-08,3.8513e-08
-87.8944,-107.9939,-98.9211,-99.2593,-98.4927,-99.2593
0,3.1416,3.1416,3.1416,3.1416,3.1416
100.5045,93.2674,99.3222,98.9633,113.3939,98.9633
325.4915,284.6973,43.1524,208.8108,325.4915,331.1892
79.4955,86.7326,80.6778,81.0367,113.3939,81.0367
145.4915,255.3027,136.8476,151.1892,145.4915,28.8108
6
3.2456e-08,1.0608e-07,3.6485e-08,3.8123e-08,3.4833e-08,3.8123e-08
-87.773,-108.06,-98.7895,-99.171,-98.3871,-99.171
0,3.1416,3.1416,3.1416,3.1416,3.1416
100.654,93.2426,99.4659,99.0557,113.6974,99.0557
326.7251,284.5829,42.1844,207.6995,326.7251,332.3005
79.346,86.7574,80.5341,80.9443,113.6974,80.9443
146.7251,255.4171,137.8156,152.3005,146.7251,27.6995
6
3.2014e-08,1.0689e-07,3.5938e-08,3.7748e-08,3.4422e-08,3.7748e-08
-87.654,-108.1257,-98.6584,-99.085,-98.284,-99.085
0,3.1416,3.1416,3.1416,3.1416,3.1416
100.8028,93.2181,99.6112,99.1465,113.9981,99.1465
327.9946,284.4703,41.1859,206.5651,327.9946,333.4349
79.1972,86.7819,80.3888,80.8535,113.9981,80.8535
147.9946,255.5297,138.8141,153.4349,147.9946,26.5651
6
3.1588e-08,1.0769e-07,3.5403e-08,3.7387e-08,3.4026e-08,3.7387e-08
-87.5377,-108.191,-98.528,-99.0017,-98.1835,-99.0017
0,3.1416,3.1416,3.1416,3.1416,3.1416
100.9502,93.194,99.758,99.2354,114.295,99.2354
329.3003,284.3593,40.156,205.4077,329.3003,334.5923
79.0498,86.806,80.242,80.7646,114.295,80.7646
149.3003,255.6407,139.844,154.5923,149.3003,25.4077
6
3.1179e-08,1.085e-07,3.4879e-08,3.7042e-08,3.3647e-08,3.7042e-08
-87.4244,-108.2558,-98.3986,-98.9211,-98.0861,-98.9211
0,3.1416,3.1416,3.1416,3.1416,3.1416
101.0958,93.1702,99.906,99.3222,114.5872,99.3222
330.6422,284.25,39.0939,204.2277,330.6422,335.7723
78.9042,86.8298,80.094,80.6778,114.5872,80.6778
150.6422,255.75,140.9061,155.7723,150.6422,24.2277
6
3.0787e-08,1.0931e-07,3.4368e-08,3.6713e-08,3.3284e-08,3.6713e-08
-87.3144,-108.3201,-98.2702,-98.8435,-97.9918,-98.8435
0,3.1416,3.1416,3.1416,3.1416,3.1416
101.239,93.1468,100.0549,99.4067,114.8736,99.4067
332.0205,284.1423,37.9987,203.0255,332.0205,336.9745
78.761,86.8532,79.9451,80.5933,114.8736,80.5933
152.0205,255.8577,142.0013,156.9745,152.0205,23.0255
6
3.0412e-08,1.1011e-07,3.3869e-08,3.6399e-08,3.2938e-08,3.6399e-08
-87.2081,-108.384,-98.1433,-98.769,-97.901,-98.769
0,3.1416,3.1416,3.1416,3.1416,3.1416
101.3792,93.1237,100.2045,99.4884,115.153,99.4884
333.4349,284.0362,36.8699,201.8014,333.4349,338.1986
78.6208,86.8763,79.7955,80.5116,115.153,80.5116
153.4349,255.9638,143.1301,158.1986,153.4349,21.8014
6
3.0056e-08,1.1092e-07,3.3384e-08,3.6102e-08,3.2609e-08,3.6102e-08
-87.1059,-108.4475,-98.0179,-98.6979,-97.814,-98.6979
0,3.1416,3.1416,3.1416,3.1416,3.1416
101.5158,93.101,100.3545,99.5672,115.4243,99.5672
334.8852,283.9317,35.7067,200.556,334.8852,339.444
78.4842,86.899,79.6455,80.4328,115.4243,80.4328
154.8852,256.0683,144.2933,159.444,154.8852,20.556
6
2.9719e-08,1.1173e-07,3.2912e-08,3.5822e-08,3.2299e-08,3.5822e-08
-87.0079,-108.5105,-97.8944,-98.6303,-97.731,-98.6303
0,3.1416,3.1416,3.1416,3.1416,3.1416
101.6482,93.0785,100.5045,99.6427,115.6862,99.6427
336.3706,283.8287,34.5085,199.29,336.3706,340.71
78.3518,86.9215,79.4955,80.3573,115.6862,80.3573
156.3706,256.1713,145.4915,160.71,156.3706,19.29
6
2.9402e-08,1.1254e-07,3.2456e-08,3.5559e-08,3.2007e-08,3.5559e-08
-86.9148,-108.5731,-97.773,-98.5663,-97.6522,-98.5663
0,3.1416,3.1416,3.1416,3.1416,3.1416
101.7756,93.0564,100.654,99.7146,115.9375,99.7146
337.8906,283.7271,33.2749,198.0042,337.8906,341.9958
78.2244,86.9436,79.346,80.2854,115.9375,80.2854
157.8906,256.2729,146.7251,161.9958,157.8906,18.0042
6
2.9105e-08,1.1335e-07,3.2014e-08,3.5315e-08,3.1735e-08,3.5315e-08
-86.8266,-108.6353,-97.654,-98.5063,-97.578,-98.5063
0,3.1416,3.1416,3.1416,3.1416,3.1416
101.8974,93.0346,100.8028,99.7827,116.1769,99.7827
339.444,283.627,32.0054,196.6992,339.444,343.3008
78.1026,86.9654,79.1972,80.2173,116.1769,80.2173
159.444,256.373,147.9946,163.3008,159.444,16.6992
6
2.883e-08,1.1415e-07,3.1588e-08,3.5088e-08,3.1482e-08,3.5088e-08
-86.744,-108.697,-97.5377,-98.4503,-97.5085,-98.4503
0,3.1416,3.1416,3.1416,3.1416,3.1416
102.0129,93.0131,100.9502,99.8465,116.4032,99.8465
341.0296,283.5283,30.6997,195.3763,341.0296,344.6237
77.9871,86.9869,79.0498,80.1535,116.4032,80.1535
161.0296,256.4717,149.3003,164.6237,161.0296,15.3763
6
2.8576e-08,1.1496e-07,3.1179e-08,3.4879e-08,3.125e-08,3.4879e-08
-86.6671,-108.7584,-97.4244,-98.3986,-97.4442,-98.3986
0,3.1416,3.1416,3.1416,3.1416,3.1416
102.1213,92.9918,101.0958,99.906,116.615,99.906
342.646,283.431,29.3578,194.0362,342.646,345.9638
77.8787,87.0082,78.9042,80.094,116.615,80.094
162.646,256.569,150.6422,165.9638,162.646,14.0362
6
2.8344e-08,1.1577e-07,3.0787e-08,3.469e-08,3.1038e-08,3.469e-08
-86.5964,-108.8194,-97.3144,-98.3512,-97.3851,-98.3512
0,3.1416,3.1416,3.1416,3.1416,3.1416
102.2219,92.9709,101.239,99.9607,116.8111,99.9607
344.2914,283.3351,27.9795,192.6804,344.2914,347.3196
77.7781,87.0291,78.761,80.0393,116.8111,80.0393
164.2914,256.6649,152.0205,167.3196,164.2914,12.6804
6
2.8135e-08,1.1658e-07,3.0412e-08,3.4519e-08,3.0847e-08,3.4519e-08
-86.5321,-108.8799,-97.2081,-98.3084,-97.3315,-98.3084
0,3.1416,3.1416,3.1416,3.1416,3.1416
102.3142,92.9502,101.3792,100.0104,116.9903,100.0104
345.9638,283.2405,26.5651,191.3099,345.9638,348.6901
77.6858,87.0498,78.6208,79.9896,116.9903,79.9896
165.9638,256.7595,153.4349,168.6901,165.9638,11.3099
6
2.7949e-08,1.1739e-07,3.0056e-08,3.4368e-08,3.0678e-08,3.4368e-08
-86.4745,-108.9401,-97.1059,-98.2702,-97.2837,-98.2702
0,3.1416,3.1416,3.1416,3.1416,3.1416
102.3973,92.9298,101.5158,100.0549,117.1515,100.0549
347.6609,283.1472,25.1148,189.9262,347.6609,350.0738
77.6027,87.0702,78.4842,79.9451,117.1515,79.9451
167.6609,256.8528,154.8852,170.0738,167.6609,9.9262
6
2.7787e-08,1.182e-07,2.9719e-08,3.4236e-08,3.053e-08,3.4236e-08
-86.424,-108.9998,-97.0079,-98.2369,-97.2419,-98.2369
0,3.1416,3.1416,3.1416,3.1416,3.1416
102.4707,92.9097,101.6482,100.094,117.2935,100.094
349.3803,283.0552,23.6294,188.5308,349.3803,351.4692
77.5293,87.0903,78.3518,79.906,117.2935,79.906
169.3803,256.9448,156.3706,171.4692,169.3803,8.5308
6
2.7649e-08,1.1901e-07,2.9402e-08,3.4124e-08,3.0405e-08,3.4124e-08
-86.3809,-109.0592,-96.9148,-98.2085,-97.2061,-98.2085
0,3.1416,3.1416,3.1416,3.1416,3.1416
102.5339,92.8899,101.7756,100.1274,117.4155,100.1274
351.1193,282.9645,22.1094,187.125,351.1193,352.875
77.4661,87.1101,78.2244,79.8726,117.4155,79.8726
171.1193,257.0355,157.8906,172.875,171.1193,7.125
6
2.7536e-08,1.1983e-07,2.9105e-08,3.4033e-08,3.0302e-08,3.4033e-08
-86.3452,-109.1182,-96.8266,-98.1852,-97.1767,-98.1852
0,3.1416,3.1416,3.1416,3.1416,3.1416
102.5863,92.8703,101.8974,100.1549,117.5165,100.1549
352.875,282.875,20.556,185.7106,352.875,354.2894
77.4137,87.1297,78.1026,79.8451,117.5165,79.8451
172.875,257.125,159.444,174.2894,172.875,5.7106
6
2.7447e-08,1.2064e-07,2.883e-08,3.3961e-08,3.0222e-08,3.3961e-08
-86.3173,-109.1769,-96.744,-98.1669,-97.1536,-98.1669
0,3.1416,3.1416,3.1416,3.1416,3.1416
102.6275,92.851,102.0129,100.1765,117.5959,100.1765
354.6442,282.7867,18.9704,184.2892,354.6442,355.7108
77.3725,87.149,77.9871,79.8235,117.5959,79.8235
174.6442,257.2133,161.0296,175.7108,174.6442,4.2892
6
2.7384e-08,1.2145e-07,2.8576e-08,3.391e-08,3.0164e-08,3.391e-08
-86.2972,-109.2351,-96.6671,-98.1538,-97.1371,-98.1538
0,3.1416,3.1416,3.1416,3.1416,3.1416
102.6572,92.8319,102.1213,100.1921,117.653,100.1921
356.4237,282.6996,17.354,182.8624,356.4237,357.1376
77.3428,87.1681,77.8787,79.8079,117.653,79.8079
176.4237,257.3004,162.646,177.1376,176.4237,2.8624
6
2.7346e-08,1.2226e-07,2.8344e-08,3.3879e-08,3.013e-08,3.3879e-08
-86.2851,-109.293,-96.5964,-98.1459,-97.1271,-98.1459
0,3.1416,3.1416,3.1416,3.1416,3.1416
102.6751,92.8131,102.2219,100.2014,117.6874,100.2014
358.2101,282.6136,15.7086,181.4321,358.2101,358.5679
77.3249,87.1869,77.7781,79.7986,117.6874,79.7986
178.2101,257.3864,164.2914,178.5679,178.2101,1.4321
6
2.7333e-08,1.2307e-07,2.8135e-08,3.3869e-08,3.0118e-08,3.3869e-08
-86.2811,-109.3505,-96.5321,-98.1433,-97.1238,-98.1433
0,3.1416,3.1416,3.1416,3.1416,3.1416
102.6811,92.7945,102.3142,100.2045,117.6989,100.2045
0,282.5288,14.0362,180,0,0
77.3189,87.2055,77.6858,79.7955,117.6989,79.7955
180,257.4712,165.9638,180,180,0
6
2.7333e-08,1.2307e-07,2.8135e-08,3.3869e-08,3.0118e-08,3.3869e-08
-86.2811,-109.3505,-96.5321,-98.1433,-97.1238,-98.1433
0,3.1416,3.1416,3.1416,3.1416,3.1416
102.6811,92.7945,102.3142,100.2045,117.6989,100.2045
0,282.5288,14.0362,180,0,0
77.3189,87.2055,77.6858,79.7955,117.6989,79.7955
180,257.4712,165.9638,180,180,0
6
2.7333e-08,1.2307e-07,2.8135e-08,3.3869e-08,3.0118e-08,3.3869e-08
-86.2811,-109.3505,-96.5321,-98.1433,-97.1238,-98.1433
0,3.1416,3.1416,3.1416,3.1416,3.1416
102.6811,92.7945,102.3142,100.2045,117.6989,100.2045
0,282.5288,14.0362,180,0,0
77.3189,87.2055,77.6858,79.7955,117.6989,79.7955
180,257.4712,165.9638,180,180,0
6
2.7333e-08,1.2307e-07,2.8135e-08,3.3869e-08,3.0118e-08,3.3869e-08
-86.2811,-109.3505,-96.5321,-98.1433,-97.1238,-98.1433
0,3.1416,3.1416,3.1416,3.1416,3.1416
102.6811,92.7945,102.3142,100.2045,117.6989,100.2045
0,282.5288,14.0362,180,0,0
77.3189,87.2055,77.6858,79.7955,117.6989,79.7955
180,257.4712,165.9638,180,180,0
6
2.7333e-08,1.2307e-07,2.8135e-08,3.3869e-08,3.0118e-08,3.3869e-08
-86.2811,-109.3505,-96.5321,-98.1433,-97.1238,-98.1433
0,3.1416,3.1416,3.1416,3.1416,3.1416
102.6811,92.7945,102.3142,100.2045,117.6989,100.2045
0,282.5288,14.0362,180,0,0
77.3189,87.2055,77.6858,79.7955,117.6989,79.7955
180,257.4712,165.9638,180,180,0
6
2.7333e-08,1.2307e-07,2.8135e-08,3.3869e-08,3.0118e-08,3.3869e-08
-86.2811,-109.3505,-96.5321,-98.1433,-97.1238,-98.1433
0,3.1416,3.1416,3.1416,3.1416,3.1416
102.6811,92.7945,102.3142,100.2045,117.6989,100.2045
0,282.5288,14.0362,180,0,0
77.3189,87.2055,77.6858,79.7955,117.6989,79.7955
180,257.4712,165.9638,180,180,0
6
2.7333e-08,1.2307e-07,2.8135e-08,3.3869e-08,3.0118e-08,3.3869e-08
-86.2811,-109.3505,-96.5321,-98.1433,-97.1238,-98.1433
0,3.1416,3.1416,3.1416,3.1416,3.1416
102.6811,92.7945,102.3142,100.2045,117.6989,100.2045
0,282.5288,14.0362,180,0,0
77.3189,87.2055,77.6858,79.7955,117.6989,79.7955
180,257.4712,165.9638,180,180,0
6
2.7333e-08,1.2307e-07,2.8135e-08,3.3869e-08,3.0118e-08,3.3869e-08
-86.2811,-109.3505,-96.5321,-98.1433,-97.1238,-98.1433
0,3.1416,3.1416,3.1416,3.1416,3.1416
102.6811,92.7945,102.3142,100.2045,117.6989,100.2045
0,282.5288,14.0362,180,0,0
77.3189,87.2055,77.6858,79.7955,117.6989,79.7955
180,257.4712,165.9638,180,180,0
6
2.7333e-08,1.2307e-07,2.8135e-08,3.3869e-08,3.0118e-08,3.3869e-08
-86.2811,-109.3505,-96.5321,-98.1433,-97.1238,-98.1433
0,3.1416,3.1416,3.1416,3.1416,3.1416
102.6811,92.7945,102.3142,100.2045,117.6989,100.2045
0,282.5288,14.0362,180,0,0
77.3189,87.2055,77.6858,79.7955,117.6989,79.7955
180,257.4712,165.9638,180,180,0
6
2.7333e-08,1.2307e-07,2.8135e-08,3.3869e-08,3.0118e-08,3.3869e-08
-86.2811,-109.3505,-96.5321,-98.1433,-97.1238,-98.1433
0,3.1416,3.1416,3.1416,3.1416,3.1416
102.6811,92.7945,102.3142,100.2045,117.6989,100.2045
0,282.5288,14.0362,180,0,0
77.3189,87.2055,77.6858,79.7955,117.6989,79.7955
180,257.4712,165.9638,180,180,0
6
2.7333e-08,1.2307e-07,2.8135e-08,3.3869e-08,3.0118e-08,3.3869e-08
-86.2811,-109.3505,-96.5321,-98.1433,-97.1238,-98.1433
0,3.1416,3.1416,3.1416,3.1416,3.1416
102.6811,92.7945,102.3142,100.2045,117.6989,100.2045
0,282.5288,14.0362,180,0,0
77.3189,87.2055,77.6858,79.7955,117.6989,79.7955
180,257.4712,165.9638,180,180,0
6
2.7333e-08,1.2307e-07,2.8135e-08,3.3869e-08,3.0118e-08,3.3869e-08
-86.2811,-109.3505,-96.5321,-98.1433,-97.1238,-98.1433
0,3.1416,3.1416,3.1416,3.1416,3.1416
102.6811,92.7945,102.3142,100.2045,117.6989,100.2045
0,282.5288,14.0362,180,0,0
77.3189,87.2055,77.6858,79.7955,117.6989,79.7955
180,257.4712,165.9638,180,180,0
6
2.7333e-08,1.2307e-07,2.8135e-08,3.3869e-08,3.0118e-08,3.3869e-08
-86.2811,-109.3505,-96.5321,-98.1433,-97.1238,-98.1433
0,3.1416,3.1416,3.1416,3.1416,3.1416
102.6811,92.7945,102.3142,100.2045,117.6989,100.2045
0,282.5288,14.0362,180,0,0
77.3189,87.2055,77.6858,79.7955,117.6989,79.7955
180,257.4712,165.9638,180,180,0
6
2.7333e-08,1.2307e-07,2.8135e-08,3.3869e-08,3.0118e-08,3.3869e-08
-86.2811,-109.3505,-96.5321,-98.1433,-97.1238,-98.1433
0,3.1416,3.1416,3.1416,3.1416,3.1416
102.6811,92.7945,102.3142,100.2045,117.6989,100.2045
0,282.5288,14.0362,180,0,0
77.3189,87.2055,77.6858,79.7955,117.6989,79.7955
180,257.4712,165.9638,180,180,0
6
2.7333e-08,1.2307e-07,2.8135e-08,3.3869e-08,3.0118e-08,3.3869e-08
-86.2811,-109.3505,-96.5321,-98.1433,-97.1238,-98.1433
0,3.1416,3.1416,3.1416,3.1416,3.1416
102.6811,92.7945,102.3142,100.2045,117.6989,100.2045
0,282.5288,14.0362,180,0,0
77.3189,87.2055,77.6858,79.7955,117.6989,79.7955
180,257.4712,165.9638,180,180,0
6
2.7333e-08,1.2307e-07,2.8135e-08,3.3869e-08,3.0118e-08,3.3869e-08
-86.2811,-109.3505,-96.5321,-98.1433,-97.1238,-98.1433
0,3.1416,3.1416,3.1416,3.1416,3.1416
102.6811,92.7945,102.3142,100.2045,117.6989,100.2045
0,282.5288,14.0362,180,0,0
77.3189,87.2055,77.6858,79.7955,117.6989,79.7955
180,257.4712,165.9638,180,180,0
6
2.7333e-08,1.2307e-07,2.8135e-08,3.3869e-08,3.0118e-08,3.3869e-08
-86.2811,-109.3505,-96.5321,-98.1433,-97.1238,-98.1433
0,3.1416,3.1416,3.1416,3.1416,3.1416
102.6811,92.7945,102.3142,100.2045,117.6989,100.2045
0,282.5288,14.0362,180,0,0
77.3189,87.2055,77.6858,79.7955,117.6989,79.7955
180,257.4712,165.9638,180,180,0
6
2.7333e-08,1.2307e-07,2.8135e-08,3.3869e-08,3.0118e-08,3.3869e-08
-86.2811,-109.3505,-96.5321,-98.1433,-97.1238,-98.1433
0,3.1416,3.1416,3.1416,3.1416,3.1416
102.6811,92.7945,102.3142,100.2045,117.6989,100.2045
0,282.5288,14.0362,180,0,0
77.3189,87.2055,77.6858,79.7955,117.6989,79.7955
180,257.4712,165.9638,180,180,0
6
2.7333e-08,1.2307e-07,2.8135e-08,3.3869e-08,3.0118e-08,3.3869e-08
-86.2811,-109.3505,-96.5321,-98.1433,-97.1238,-98.1433
0,3.1416,3.1416,3.1416,3.1416,3.1416
102.6811,92.7945,102.3142,100.2045,117.6989,100.2045
0,282.5288,14.0362,180,0,0
77.3189,87.2055,77.6858,79.7955,117.6989,79.7955
180,257.4712,165.9638,180,180,0
6
2.7333e-08,1.2307e-07,2.8135e-08,3.3869e-08,3.0118e-08,3.3869e-08
-86.2811,-109.3505,-96.5321,-98.1433,-97.1238,-98.1433
0,3.1416,3.1416,3.1416,3.1416,3.1416
102.6811,92.7945,102.3142,100.2045,117.6989,100.2045
0,282.5288,14.0362,180,0,0
77.3189,87.2055,77.6858,79.7955,117.6989,79.7955
180,257.4712,165.9638,180,180,0
6
2.7333e-08,1.2307e-07,2.8135e-08,3.3869e-08,3.0118e-08,3.3869e-08
-86.2811,-109.3505,-96.5321,-98.1433,-97.1238,-98.1433
0,3.1416,3.1416,3.1416,3.1416,3.1416
102.6811,92.7945,102.3142,100.2045,117.6989,100.2045
0,282.5288,14.0362,180,0,0
77.3189,87.2055,77.6858,79.7955,117.6989,79.7955
180,257.4712,165.9638,180,180,0
6
2.7333e-08,1.2307e-07,2.8135e-08,3.3869e-08,3.0118e-08,3.3869e-08
-86.2811,-109.3505,-96.5321,-98.1433,-97.1238,-98.1433
0,3.1416,3.1416,3.1416,3.1416,3.1416
102.6811,92.7945,102.3142,100.2045,117.6989,100.2045
0,282.5288,14.0362,180,0,0
77.3189,87.2055,77.6858,79.7955,117.6989,79.7955
180,257.4712,165.9638,180,180,0
6
2.7333e-08,1.2307e-07,2.8135e-08,3.3869e-08,3.0118e-08,3.3869e-08
-86.2811,-109.3505,-96.5321,-98.1433,-97.1238,-98.1433
0,3.1416,3.1416,3.1416,3.1416,3.1416
102.6811,92.7945,102.3142,100.2045,117.6989,100.2045
0,282.5288,14.0362,180,0,0
77.3189,87.2055,77.6858,79.7955,117.6989,79.7955
180,257.4712,165.9638,180,180,0
6
2.7333e-08,1.2307e-07,2.8135e-08,3.3869e-08,3.0118e-08,3.3869e-08
-86.2811,-109.3505,-96.5321,-98.1433,-97.1238,-98.1433
0,3.1416,3.1416,3.1416,3.1416,3.1416
102.6811,92.7945,102.3142,100.2045,117.6989,100.2045
0,282.5288,14.0362,180,0,0
77.3189,87.2055,77.6858,79.7955,117.6989,79.7955
180,257.4712,165.9638,180,180,0
6
2.7333e-08,1.2307e-07,2.8135e-08,3.3869e-08,3.0118e-08,3.3869e-08
-86.2811,-109.3505,-96.5321,-98.1433,-97.1238,-98.1433
0,3.1416,3.1416,3.1416,3.1416,3.1416
102.6811,92.7945,102.3142,100.2045,117.6989,100.2045
0,282.5288,14.0362,180,0,0
77.3189,87.2055,77.6858,79.7955,117.6989,79.7955
180,257.4712,165.9638,180,180,0
6
2.7333e-08,1.2307e-07,2.8135e-08,3.3869e-08,3.0118e-08,3.3869e-08
-86.2811,-109.3505,-96.5321,-98.1433,-97.1238,-98.1433
0,3.1416,3.1416,3.1416,3.1416,3.1416
102.6811,92.7945,102.3142,100.2045,117.6989,100.2045
0,282.5288,14.0362,180,0,0
77.3189,87.2055,77.6858,79.7955,117.6989,79.7955
180,257.4712,165.9638,180,180,0
6
2.7333e-08,1.2307e-07,2.8135e-08,3.3869e-08,3.0118e-08,3.3869e-08
-86.2811,-109.3505,-96.5321,-98.1433,-97.1238,-98.1433
0,3.1416,3.1416,3.1416,3.1416,3.1416
102.6811,92.7945,102.3142,100.2045,117.6989,100.2045
0,282.5288,14.0362,180,0,0
77.3189,87.2055,77.6858,79.7955,117.6989,79.7955
180,257.4712,165.9638,180,180,0
6
2.7333e-08,1.2307e-07,2.8135e-08,3.3869e-08,3.0118e-08,3.3869e-08
-86.2811,-109.3505,-96.5321,-98.1433,-97.1238,-98.1433
0,3.1416,3.1416,3.1416,3.1416,3.1416
102.6811,92.7945,102.3142,100.2045,117.6989,100.2045
0,282.5288,14.0362,180,0,0
77.3189,87.2055,77.6858,79.7955,117.6989,79.7955
180,257.4712,165.9638,180,180,0
6
2.7333e-08,1.2307e-07,2.8135e-08,3.3869e-08,3.0118e-08,3.3869e-08
-86.2811,-109.3505,-96.5321,-98.1433,-97.1238,-98.1433
0,3.1416,3.1416,3.1416,3.1416,3.1416
102.6811,92.7945,102.3142,100.2045,117.6989,100.2045
0,282.5288,14.0362,180,0,0
77.3189,87.2055,77.6858,79.7955,117.6989,79.7955
180,257.4712,165.9638,180,180,0
6
2.7333e-08,1.2307e-07,2.8135e-08,3.3869e-08,3.0118e-08,3.3869e-08
-86.2811,-109.3505,-96.5321,-98.1433,-97.1238,-98.1433
0,3.1416,3.1416,3.1416,3.1416,3.1416
102.6811,92.7945,102.3142,100.2045,117.6989,100.2045
0,282.5288,14.0362,180,0,0
77.3189,87.2055,77.6858,79.7955,117.6989,79.7955
180,257.4712,165.9638,180,180,0
6
2.7333e-08,1.2307e-07,2.8135e-08,3.3869e-08,3.0118e-08,3.3869e-08
-86.2811,-109.3505,-96.5321,-98.1433,-97.1238,-98.1433
0,3.1416,3.1416,3.1416,3.1416,3.1416
102.6811,92.7945,102.3142,100.2045,117.6989,100.2045
0,282.5288,14.0362,180,0,0
77.3189,87.2055,77.6858,79.7955,117.6989,79.7955
180,257.4712,165.9638,180,180,0
