6
8.9691e-09,9.5685e-09,1.1662e-08,1.5506e-08,5.6983e-08,3.7748e-08
-76.6022,-87.1641,-88.8826,-91.3574,-102.6622,-99.085
0,0,0,0,0,0
131.9872,128.8335,120.9638,154.5367,96.0441,99.146
0,333.4349,180,0,0,79.6952
48.0128,51.1665,59.0362,154.5367,83.9559,80.854
180,206.5651,180,180,0,100.3048
6
9.2195e-09,9.8036e-09,1.1949e-08,1.5652e-08,5.6652e-08,3.7808e-08
-76.8414,-87.375,-89.0938,-91.4389,-102.6115,-99.0989
0,0,0,0,0,0
130.6013,127.7356,120.1414,153.4349,96.0796,99.1313
0,334.5367,180,0,0,79.1918
49.3987,52.2644,59.8586,153.4349,83.9204,80.8687
180,205.4633,180,180,0,100.8082
6
9.4751e-09,1.0044e-08,1.2238e-08,1.5804e-08,5.6321e-08,3.7871e-08
-77.0789,-87.5857,-89.3017,-91.5228,-102.5606,-99.1134
0,0,0,0,0,0
129.2894,126.6804,119.3578,152.354,96.1155,99.1159
0,335.556,180,0,0,78.6901
50.7106,53.3196,60.6422,152.354,83.8845,80.8841
180,204.444,180,180,0,101.3099
6
9.7354e-09,1.029e-08,1.253e-08,1.5962e-08,5.5989e-08,3.7937e-08
-77.3143,-87.7957,-89.5062,-91.6088,-102.5093,-99.1285
0,0,0,0,0,0
128.047,125.6673,118.6105,151.294,96.1518,99.0999
0,336.5014,180,0,0,78.1901
51.953,54.3327,61.3895,151.294,83.8482,80.9001
180,203.4986,180,180,0,101.8099
6
1e-08,1.0541e-08,1.2824e-08,1.6125e-08,5.5658e-08,3.8006e-08
-77.5472,-88.0048,-89.7074,-91.697,-102.4577,-99.1442
0,0,0,0,0,0
126.8699,124.6952,117.8973,150.2551,96.1886,99.0833
0,337.3801,180,0,0,77.692
53.1301,55.3048,62.1027,150.2551,83.8114,80.9167
180,202.6199,180,180,0,102.308
6
1.0269e-08,1.0796e-08,1.3119e-08,1.6292e-08,5.5326e-08,3.8077e-08
-77.7775,-88.2126,-89.9053,-91.787,-102.4059,-99.1606
0,0,0,0,0,0
125.7539,123.7629,117.2161,149.2373,96.2258,99.0661
0,338.1986,180,0,0,77.1957
54.2461,56.2371,62.7839,149.2373,83.7742,80.9339
180,201.8014,180,180,0,102.8043
6
1.0541e-08,1.1055e-08,1.3416e-08,1.6465e-08,5.4995e-08,3.8152e-08
-78.0048,-88.4187,-90.0999,-91.8787,-102.3537,-99.1775
0,0,0,0,0,0
124.6952,122.869,116.5651,148.2405,96.2635,99.0483
0,338.9625,180,0,0,76.7014
55.3048,57.131,63.4349,148.2405,83.7365,80.9517
180,201.0375,180,180,0,103.2986
6
1.0817e-08,1.1319e-08,1.3715e-08,1.6643e-08,5.4664e-08,3.8229e-08
-78.2291,-88.6231,-90.2914,-91.972,-102.3012,-99.195
0,0,0,0,0,0
123.6901,122.0122,115.9423,147.2648,96.3016,99.0299
0,339.6769,180,0,0,76.2091
56.3099,57.9878,64.0577,147.2648,83.6984,80.9701
180,200.3231,180,180,0,103.7909
6
1.1096e-08,1.1585e-08,1.4016e-08,1.6826e-08,5.4332e-08,3.8309e-08
-78.4502,-88.8255,-90.4796,-92.0668,-102.2484,-99.2132
0,0,0,0,0,0
122.7352,121.1909,115.3462,146.3099,96.3402,99.0109
0,340.3462,180,0,0,75.7189
57.2648,58.8091,64.6538,146.3099,83.6598,80.9891
180,199.6538,180,180,0,104.2811
6
1.1377e-08,1.1856e-08,1.4318e-08,1.7013e-08,5.4001e-08,3.8391e-08
-78.6681,-89.0257,-90.6648,-92.1629,-102.1953,-99.2319
0,0,0,0,0,0
121.8274,120.4037,114.7751,145.3758,96.3792,98.9914
0,340.9744,180,0,0,75.2308
58.1726,59.5963,65.2249,145.3758,83.6208,81.0086
180,199.0256,180,180,0,104.7692
6
1.1662e-08,1.2129e-08,1.4621e-08,1.7205e-08,5.367e-08,3.8477e-08
-78.8826,-89.2237,-90.8468,-92.2601,-102.1418,-99.2511
0,0,0,0,0,0
120.9638,119.649,114.2277,144.4623,96.4188,98.9713
0,341.5651,180,0,0,74.7449
59.0362,60.351,65.7723,144.4623,83.5812,81.0287
180,198.4349,180,180,0,105.2551
6
1.1949e-08,1.2405e-08,1.4926e-08,1.7401e-08,5.3339e-08,3.8565e-08
-79.0938,-89.4193,-91.0259,-92.3585,-102.088,-99.271
0,0,0,0,0,0
120.1414,118.9253,113.7026,143.5691,96.4588,98.9506
0,342.1213,180,0,0,74.2612
59.8586,61.0747,66.2974,143.5691,83.5412,81.0494
180,197.8787,180,180,0,105.7388
6
1.2238e-08,1.2684e-08,1.5232e-08,1.7601e-08,5.3007e-08,3.8655e-08
-79.3017,-89.6125,-91.2021,-92.4577,-102.0339,-99.2914
0,0,0,0,0,0
119.3578,118.2311,113.1986,142.6961,96.4993,98.9295
0,342.646,180,0,0,73.7798
60.6422,61.7689,66.8014,142.6961,83.5007,81.0705
180,197.354,180,180,0,106.2202
6
1.253e-08,1.2966e-08,1.5538e-08,1.7804e-08,5.2676e-08,3.8748e-08
-79.5062,-89.8032,-91.3754,-92.5578,-101.9795,-99.3123
0,0,0,0,0,0
118.6105,117.5652,112.7144,141.8428,96.5404,98.9078
0,343.1416,180,0,0,73.3008
61.3895,62.4348,67.2856,141.8428,83.4596,81.0922
180,196.8584,180,180,0,106.6992
6
1.2824e-08,1.325e-08,1.5846e-08,1.8012e-08,5.2345e-08,3.8844e-08
-79.7074,-89.9914,-91.5459,-92.6586,-101.9247,-99.3338
0,0,0,0,0,0
117.8973,116.926,112.249,141.009,96.5819,98.8856
0,343.6105,180,0,0,72.8241
62.1027,63.074,67.751,141.009,83.4181,81.1144
180,196.3895,180,180,0,107.1759
6
1.3119e-08,1.3536e-08,1.6155e-08,1.8224e-08,5.2014e-08,3.8943e-08
-79.9053,-90.177,-91.7136,-92.7601,-101.8696,-99.3558
0,0,0,0,0,0
117.2161,116.3123,111.8014,140.1944,96.624,98.8629
0,344.0546,180,0,0,72.3499
62.7839,63.6877,68.1986,140.1944,83.376,81.1371
180,195.9454,180,180,0,107.6501
6
1.3416e-08,1.3824e-08,1.6465e-08,1.8439e-08,5.1683e-08,3.9044e-08
-80.0999,-90.3601,-91.8787,-92.862,-101.8141,-99.3783
0,0,0,0,0,0
116.5651,115.7229,111.3706,139.3987,96.6667,98.8398
0,344.4759,180,0,0,71.8781
63.4349,64.2771,68.6294,139.3987,83.3333,81.1602
180,195.5241,180,180,0,108.1219
6
1.3715e-08,1.4115e-08,1.6776e-08,1.8658e-08,5.1352e-08,3.9148e-08
-80.2914,-90.5406,-92.0411,-92.9644,-101.7583,-99.4014
0,0,0,0,0,0
115.9423,115.1565,110.9558,138.6215,96.7098,98.8162
0,344.876,180,0,0,71.4089
64.0577,64.8435,69.0442,138.6215,83.2902,81.1838
180,195.124,180,180,0,108.5911
6
1.4016e-08,1.4407e-08,1.7088e-08,1.888e-08,5.1021e-08,3.9254e-08
-80.4796,-90.7186,-92.2011,-93.0671,-101.7021,-99.4249
0,0,0,0,0,0
115.3462,114.6119,110.556,137.8624,96.7536,98.7921
0,345.2564,180,0,0,70.9423
64.6538,65.3881,69.444,137.8624,83.2464,81.2079
180,194.7436,180,180,0,109.0577
6
1.4318e-08,1.4701e-08,1.7401e-08,1.9105e-08,5.069e-08,3.9363e-08
-80.6648,-90.894,-92.3585,-93.1702,-101.6456,-99.449
0,0,0,0,0,0
114.7751,114.0883,110.1707,137.1211,96.7979,98.7676
0,345.6186,180,0,0,70.4783
65.2249,65.9117,69.8293,137.1211,83.2021,81.2324
180,194.3814,180,180,0,109.5217
6
1.4621e-08,1.4996e-08,1.7714e-08,1.9333e-08,5.0359e-08,3.9474e-08
-80.8468,-91.0669,-92.5134,-93.2734,-101.5887,-99.4735
0,0,0,0,0,0
114.2277,113.5844,109.7989,136.3972,96.8428,98.7427
0,345.9638,180,0,0,70.0169
65.7723,66.4156,70.2011,136.3972,83.1572,81.2573
180,194.0362,180,180,0,109.9831
6
1.4926e-08,1.5293e-08,1.8028e-08,1.9565e-08,5.0028e-08,3.9588e-08
-81.0259,-91.2373,-92.6661,-93.3767,-101.5314,-99.4985
0,0,0,0,0,0
113.7026,113.0993,109.44,135.6903,96.8883,98.7174
0,346.293,180,0,0,69.5582
66.2974,66.9007,70.56,135.6903,83.1117,81.2826
180,193.707,180,180,0,110.4418
6
1.5232e-08,1.5592e-08,1.8342e-08,1.9799e-08,4.9697e-08,3.9704e-08
-81.2021,-91.4053,-92.8164,-93.4801,-101.4738,-99.524
0,0,0,0,0,0
113.1986,112.6321,109.0935,135,96.9343,98.6916
0,346.6075,180,0,0,69.1022
66.8014,67.3679,70.9065,135,83.0657,81.3084
180,193.3925,180,180,0,110.8978
6
1.5538e-08,1.5892e-08,1.8658e-08,2.0036e-08,4.9366e-08,3.9823e-08
-81.3754,-91.5708,-92.9644,-93.5835,-101.4158,-99.5499
0,0,0,0,0,0
112.7144,112.1819,108.7587,134.326,96.9811,98.6655
0,346.9081,180,0,0,68.649
67.2856,67.8181,71.2413,134.326,83.0189,81.3345
180,193.0919,180,180,0,111.351
6
1.5846e-08,1.6193e-08,1.8974e-08,2.0276e-08,4.9035e-08,3.9944e-08
-81.5459,-91.7339,-93.1102,-93.6868,-101.3574,-99.5763
0,0,0,0,0,0
112.249,111.7479,108.4349,133.6678,97.0284,98.639
0,347.1957,180,0,0,68.1986
67.751,68.2521,71.5651,133.6678,82.9716,81.361
180,192.8043,180,180,0,111.8014
6
1.6155e-08,1.6496e-08,1.929e-08,2.0518e-08,4.8704e-08,4.0068e-08
-81.7136,-91.8947,-93.2539,-93.79,-101.2986,-99.6032
0,0,0,0,0,0
111.8014,111.3294,108.1219,133.0251,97.0764,98.6122
0,347.4712,180,0,0,67.751
68.1986,68.6706,71.8781,133.0251,82.9236,81.3878
180,192.5288,180,180,0,112.249
6
1.6465e-08,1.6799e-08,1.9607e-08,2.0763e-08,4.8374e-08,4.0194e-08
-81.8787,-92.0531,-93.3956,-93.8931,-101.2394,-99.6304
0,0,0,0,0,0
111.3706,110.9255,107.8189,132.3974,97.125,98.585
0,347.7352,180,0,0,67.3062
68.6294,69.0745,72.1811,132.3974,82.875,81.415
180,192.2648,180,180,0,112.6938
6
1.6776e-08,1.7104e-08,1.9925e-08,2.1011e-08,4.8043e-08,4.0322e-08
-82.0411,-92.2093,-93.5351,-93.996,-101.1798,-99.6581
0,0,0,0,0,0
110.9558,110.5356,107.5256,131.7845,97.1743,98.5574
0,347.9885,180,0,0,66.8643
69.0442,69.4644,72.4744,131.7845,82.8257,81.4426
180,192.0115,180,180,0,113.1357
6
1.7088e-08,1.741e-08,2.0243e-08,2.126e-08,4.7712e-08,4.0453e-08
-82.2011,-92.3632,-93.6727,-94.0986,-101.1198,-99.6862
0,0,0,0,0,0
110.556,110.1591,107.2415,131.1859,97.2243,98.5296
0,348.2317,180,0,0,66.4253
69.444,69.8409,72.7585,131.1859,82.7757,81.4704
180,191.7683,180,180,0,113.5747
6
1.7401e-08,1.7717e-08,2.0562e-08,2.1512e-08,4.7381e-08,4.0586e-08
-82.3585,-92.515,-93.8083,-94.2009,-101.0594,-99.7147
0,0,0,0,0,0
110.1707,109.7952,106.9661,130.6013,97.275,98.5014
0,348.4654,180,0,0,65.9892
69.8293,70.2048,73.0339,130.6013,82.725,81.4986
180,191.5346,180,180,0,114.0108
5
1.7714e-08,2.0881e-08,2.1766e-08,4.7051e-08,4.0721e-08
-82.5134,-93.9421,-94.303,-100.9986,-99.7436
0,0,0,0,0
109.7989,106.6992,130.0303,97.3264,98.473
0,180,0,0,65.556
70.2011,73.3008,130.0303,82.6736,81.527
180,180,180,0,114.444
6
1.8028e-08,1.8333e-08,2.12e-08,2.2023e-08,4.672e-08,4.0859e-08
-82.6661,-92.8121,-94.074,-94.4046,-100.9373,-99.7729
0,0,0,0,0,0
109.44,109.1033,106.4404,129.4725,97.3785,98.4443
0,348.9063,180,0,0,65.1258
70.56,70.8967,73.5596,129.4725,82.6215,81.5557
180,191.0937,180,180,0,114.8742
6
1.8342e-08,1.8643e-08,2.152e-08,2.2281e-08,4.639e-08,4.0999e-08
-82.8164,-92.9575,-94.2041,-94.5059,-100.8756,-99.8026
0,0,0,0,0,0
109.0935,108.7742,106.1892,128.9275,97.4314,98.4152
0,349.1145,180,0,0,64.6986
70.9065,71.2258,73.8108,128.9275,82.5686,81.5848
180,190.8855,180,180,0,115.3014
6
1.8658e-08,1.8953e-08,2.184e-08,2.2541e-08,4.6059e-08,4.1141e-08
-82.9644,-93.1009,-94.3324,-94.6068,-100.8135,-99.8327
0,0,0,0,0,0
108.7587,108.4556,105.9454,128.3952,97.485,98.386
0,349.3151,180,0,0,64.2744
71.2413,71.5444,74.0546,128.3952,82.515,81.614
180,190.6849,180,180,0,115.7256
6
1.8974e-08,1.9264e-08,2.2161e-08,2.2804e-08,4.5729e-08,4.1285e-08
-83.1102,-93.2423,-94.459,-94.7073,-100.751,-99.8631
0,0,0,0,0,0
108.4349,108.1471,105.7086,127.875,97.5394,98.3565
0,349.5085,180,0,0,63.8532
71.5651,71.8529,74.2914,127.875,82.4606,81.6435
180,190.4915,180,180,0,116.1468
6
1.929e-08,1.9576e-08,2.2482e-08,2.3068e-08,4.5398e-08,4.1431e-08
-83.2539,-93.3817,-94.584,-94.8072,-100.688,-99.8938
0,0,0,0,0,0
108.1219,107.8482,105.4786,127.3667,97.5946,98.3267
0,349.6952,180,0,0,63.4349
71.8781,72.1518,74.5214,127.3667,82.4054,81.6733
180,190.3048,180,180,0,116.5651
6
1.9607e-08,1.9889e-08,2.2804e-08,2.3333e-08,4.5068e-08,4.158e-08
-83.3956,-93.5193,-94.7073,-94.9068,-100.6246,-99.9249
0,0,0,0,0,0
107.8189,107.5586,105.2551,126.8699,97.6507,98.2968
0,349.8753,180,0,0,63.0198
72.1811,72.4414,74.7449,126.8699,82.3493,81.7032
180,190.1247,180,180,0,116.9802
6
1.9925e-08,2.0202e-08,2.3125e-08,2.3601e-08,4.4738e-08,4.1731e-08
-83.5351,-93.655,-94.829,-95.0058,-100.5607,-99.9563
0,0,0,0,0,0
107.5256,107.2777,105.0378,126.3844,97.7075,98.2666
0,350.0494,180,0,0,62.6076
72.4744,72.7223,74.9622,126.3844,82.2925,81.7334
180,189.9506,180,180,0,117.3924
6
2.0243e-08,2.0516e-08,2.3447e-08,2.387e-08,4.4407e-08,4.1883e-08
-83.6727,-93.7889,-94.9491,-95.1043,-100.4963,-99.9881
0,0,0,0,0,0
107.2415,107.0053,104.8265,125.9097,97.7652,98.2362
0,350.2176,180,0,0,62.1985
72.7585,72.9947,75.1735,125.9097,82.2348,81.7638
180,189.7824,180,180,0,117.8015
6
2.0562e-08,2.083e-08,2.377e-08,2.4141e-08,4.4077e-08,4.2038e-08
-83.8083,-93.921,-95.0677,-95.2023,-100.4315,-100.0201
0,0,0,0,0,0
106.9661,106.741,104.6209,125.4457,97.8237,98.2057
0,350.3803,180,0,0,61.7925
73.0339,73.259,75.3791,125.4457,82.1763,81.7943
180,189.6197,180,180,0,118.2075
6
2.0881e-08,2.1145e-08,2.4092e-08,2.4413e-08,4.3747e-08,4.2195e-08
-83.9421,-94.0514,-95.1848,-95.2997,-100.3661,-100.0525
0,0,0,0,0,0
106.6992,106.4844,104.4208,124.992,97.8831,98.1749
0,350.5377,180,0,0,61.3895
73.3008,73.5156,75.5792,124.992,82.1169,81.8251
180,189.4623,180,180,0,118.6105
6
2.12e-08,2.1461e-08,2.4415e-08,2.4687e-08,4.3417e-08,4.2354e-08
-84.074,-94.18,-95.3005,-95.3966,-100.3003,-100.0852
0,0,0,0,0,0
106.4404,106.2353,104.226,124.5484,97.9435,98.144
0,350.6901,180,0,0,60.9896
73.5596,73.7647,75.774,124.5484,82.0565,81.856
180,189.3099,180,180,0,119.0104
6
2.152e-08,2.1777e-08,2.4739e-08,2.4962e-08,4.3086e-08,4.2515e-08
-84.2041,-94.307,-95.4147,-95.4929,-100.234,-100.1181
0,0,0,0,0,0
106.1892,105.9933,104.0362,124.1145,98.0047,98.113
0,350.8377,180,0,0,60.5928
73.8108,74.0067,75.9638,124.1145,81.9953,81.887
180,189.1623,180,180,0,119.4072
6
2.184e-08,2.2093e-08,2.5062e-08,2.5239e-08,4.2756e-08,4.2678e-08
-84.3324,-94.4324,-95.5276,-95.5886,-100.1672,-100.1514
0,0,0,0,0,0
105.9454,105.7581,103.8514,123.6901,98.0669,98.0818
0,350.9807,180,0,0,60.1991
74.0546,74.2419,76.1486,123.6901,81.9331,81.9182
180,189.0193,180,180,0,119.8009
6
2.2161e-08,2.241e-08,2.5386e-08,2.5517e-08,4.2426e-08,4.2843e-08
-84.459,-94.5562,-95.6391,-95.6838,-100.0999,-100.1849
0,0,0,0,0,0
105.7086,105.5295,103.6713,123.2749,98.1301,98.0504
0,351.1193,180,0,0,59.8084
74.2914,74.4705,76.3287,123.2749,81.8699,81.9496
180,188.8807,180,180,0,120.1916
6
2.2482e-08,2.2728e-08,2.571e-08,2.5796e-08,4.2096e-08,4.301e-08
-84.584,-94.6784,-95.7492,-95.7783,-100.0321,-100.2187
0,0,0,0,0,0
105.4786,105.3071,103.4957,122.8687,98.1943,98.019
0,351.2538,180,0,0,59.4208
74.5214,74.6929,76.5043,122.8687,81.8057,81.981
180,188.7462,180,180,0,120.5792
6
2.2804e-08,2.3046e-08,2.6034e-08,2.6077e-08,4.1767e-08,4.3179e-08
-84.7073,-94.7991,-95.8581,-95.8723,-99.9638,-100.2527
0,0,0,0,0,0
105.2551,105.0909,103.3245,122.4712,98.2594,97.9874
0,351.3844,180,0,0,59.0362
74.7449,74.9091,76.6755,122.4712,81.7406,82.0126
180,188.6156,180,180,0,120.9638
6
2.3125e-08,2.3364e-08,2.6359e-08,2.6359e-08,4.1437e-08,4.335e-08
-84.829,-94.9183,-95.9657,-95.9657,-99.8949,-100.287
0,0,0,0,0,0
105.0378,104.8804,103.1575,122.0822,98.3257,97.9558
0,351.5111,180,0,0,58.6548
74.9622,75.1196,76.8425,122.0822,81.6743,82.0442
180,188.4889,180,180,0,121.3452
6
2.3447e-08,2.3683e-08,2.6683e-08,2.6642e-08,4.1107e-08,4.3523e-08
-84.9491,-95.036,-96.072,-96.0584,-99.8255,-100.3215
0,0,0,0,0,0
104.8265,104.6756,102.9946,121.7014,98.3929,97.924
0,351.6341,180,0,0,58.2764
75.1735,75.3244,77.0054,121.7014,81.6071,82.076
180,188.3659,180,180,0,121.7236
6
2.377e-08,2.4002e-08,2.7008e-08,2.6926e-08,4.0777e-08,4.3697e-08
-85.0677,-95.1523,-96.1771,-96.1506,-99.7556,-100.3563
0,0,0,0,0,0
104.6209,104.4761,102.8356,121.3287,98.4613,97.8921
0,351.7537,180,0,0,57.9011
75.3791,75.5239,77.1644,121.3287,81.5387,82.1079
180,188.2463,180,180,0,122.0989
6
2.4092e-08,2.4322e-08,2.7333e-08,2.7211e-08,4.0447e-08,4.3874e-08
-85.1848,-95.2672,-96.2811,-96.2421,-99.6851,-100.3913
0,0,0,0,0,0
104.4208,104.2818,102.6804,120.9638,98.5308,97.8602
0,351.8699,180,0,0,57.5288
75.5792,75.7182,77.3196,120.9638,81.4692,82.1398
180,188.1301,180,180,0,122.4712
6
2.4415e-08,2.4642e-08,2.7659e-08,2.7497e-08,4.0118e-08,4.4052e-08
-85.3005,-95.3807,-96.3838,-96.3331,-99.614,-100.4265
0,0,0,0,0,0
104.226,104.0925,102.5288,120.6064,98.6014,97.8282
0,351.9829,180,0,0,57.1596
75.774,75.9075,77.4712,120.6064,81.3986,82.1718
180,188.0171,180,180,0,122.8404
6
2.4739e-08,2.4962e-08,2.7984e-08,2.7785e-08,3.9788e-08,4.4232e-08
-85.4147,-95.4929,-96.4855,-96.4234,-99.5423,-100.4619
0,0,0,0,0,0
104.0362,103.908,102.3808,120.2564,98.6732,97.7962
0,352.0928,180,0,0,56.7934
75.9638,76.092,77.6192,120.2564,81.3268,82.2038
180,187.9072,180,180,0,123.2066
6
2.5062e-08,2.5283e-08,2.831e-08,2.8073e-08,3.9459e-08,4.4413e-08
-85.5276,-95.6037,-96.586,-96.5131,-99.4701,-100.4975
0,0,0,0,0,0
103.8514,103.7281,102.2361,119.9136,98.7462,97.7641
0,352.1998,180,0,0,56.4303
76.1486,76.2719,77.7639,119.9136,81.2538,82.2359
180,187.8002,180,180,0,123.5697
6
2.5386e-08,2.5604e-08,2.8636e-08,2.8363e-08,3.9129e-08,4.4597e-08
-85.6391,-95.7133,-96.6854,-96.6022,-99.3973,-100.5333
0,0,0,0,0,0
103.6713,103.5527,102.0948,119.5778,98.8204,97.7319
0,352.3039,180,0,0,56.0702
76.3287,76.4473,77.9052,119.5778,81.1796,82.2681
180,187.6961,180,180,0,123.9298
6
2.571e-08,2.5925e-08,2.8962e-08,2.8653e-08,3.88e-08,4.4782e-08
-85.7492,-95.8216,-96.7837,-96.6907,-99.3239,-100.5693
0,0,0,0,0,0
103.4957,103.3816,101.9566,119.2488,98.8959,97.6997
0,352.4054,180,0,0,55.7131
76.5043,76.6184,78.0434,119.2488,81.1041,82.3003
180,187.5946,180,180,0,124.2869
6
2.5712e-08,2.597e-08,2.8964e-08,2.8655e-08,3.8801e-08,4.451e-08
-85.75,-95.8367,-96.7843,-96.6912,-99.3242,-100.5163
0,0,0,0,0,0
103.4946,103.358,101.9558,119.2467,98.8955,97.7472
0.7639,351.6561,179.326,0.7639,0.49821,55.4692
76.5054,76.642,78.0442,119.2467,81.1045,82.2528
180.7639,188.3439,180.674,180.7639,359.5018,124.5308
6
2.5719e-08,2.6019e-08,2.8969e-08,2.8661e-08,3.8806e-08,4.4238e-08
-85.7522,-95.8531,-96.786,-96.693,-99.3252,-100.4631
0,0,0,0,0,0
103.4911,103.3323,101.9534,119.2401,98.8945,97.7951
1.5275,350.9097,178.6521,1.5275,0.99635,55.2222
76.5089,76.6677,78.0466,119.2401,81.1055,82.2049
181.5275,189.0903,181.3479,181.5275,359.0037,124.7778
6
2.5729e-08,2.6073e-08,2.8979e-08,2.8671e-08,3.8813e-08,4.3967e-08
-85.7558,-95.8709,-96.7889,-96.6959,-99.3268,-100.4098
0,0,0,0,0,0
103.4853,103.3046,101.9494,119.2293,98.8929,97.8434
2.2906,350.1664,177.9786,2.2906,1.4943,54.9721
76.5147,76.6954,78.0506,119.2293,81.1071,82.1566
182.2906,189.8336,182.0214,182.2906,358.5057,125.0279
6
2.5744e-08,2.613e-08,2.8992e-08,2.8684e-08,3.8823e-08,4.3697e-08
-85.7609,-95.89,-96.7929,-96.7,-99.329,-100.3563
0,0,0,0,0,0
103.4773,103.2748,101.9437,119.2141,98.8906,97.8921
3.0529,349.4265,177.3057,3.0529,1.9921,54.7188
76.5227,76.7252,78.0563,119.2141,81.1094,82.1079
183.0529,190.5735,182.6943,183.0529,358.0079,125.2812
6
2.5764e-08,2.6192e-08,2.901e-08,2.8702e-08,3.8836e-08,4.3428e-08
-85.7674,-95.9105,-96.7981,-96.7053,-99.3319,-100.3026
0,0,0,0,0,0
103.4669,103.243,101.9365,119.1947,98.8876,97.9414
3.8141,348.6901,176.6335,3.8141,2.4896,54.4623
76.5331,76.757,78.0635,119.1947,81.1124,82.0586
183.8141,191.3099,183.3665,183.8141,357.5104,125.5377
6
2.5788e-08,2.6257e-08,2.9031e-08,2.8723e-08,3.8852e-08,4.316e-08
-85.7754,-95.9322,-96.8044,-96.7118,-99.3354,-100.2488
0,0,0,0,0,0
103.4543,103.2093,101.9278,119.171,98.884,97.991
4.5739,347.9574,175.9623,4.5739,2.9866,54.2026
76.5457,76.7907,78.0722,119.171,81.116,82.009
184.5739,192.0426,184.0377,184.5739,357.0134,125.7974
6
2.5816e-08,2.6327e-08,2.9056e-08,2.8748e-08,3.887e-08,4.2893e-08
-85.7849,-95.9553,-96.8118,-96.7194,-99.3395,-100.1949
0,0,0,0,0,0
103.4395,103.1736,101.9174,119.143,98.8797,98.0411
5.3322,347.2288,175.2921,5.3322,3.4833,53.9396
76.5605,76.8264,78.0826,119.143,81.1203,81.9589
185.3322,192.7712,184.7079,185.3322,356.5167,126.0604
6
2.5848e-08,2.6401e-08,2.9084e-08,2.8777e-08,3.8892e-08,4.2626e-08
-85.7957,-95.9796,-96.8204,-96.7281,-99.3443,-100.1408
0,0,0,0,0,0
103.4224,103.1362,101.9055,119.1109,98.8748,98.0917
6.0885,346.5043,174.6233,6.0885,3.9794,53.6732
76.5776,76.8638,78.0945,119.1109,81.1252,81.9083
186.0885,193.4957,185.3767,186.0885,356.0206,126.3268
6
2.5884e-08,2.6479e-08,2.9117e-08,2.881e-08,3.8916e-08,4.2361e-08
-85.808,-96.0051,-96.83,-96.738,-99.3498,-100.0865
0,0,0,0,0,0
103.4031,103.0969,101.892,119.0745,98.8692,98.1428
6.8428,345.7841,173.9559,6.8428,4.4749,53.4034
76.5969,76.9031,78.108,119.0745,81.1308,81.8572
186.8428,194.2159,186.0441,186.8428,355.5251,126.5966
6
2.5925e-08,2.656e-08,2.9153e-08,2.8846e-08,3.8943e-08,4.2096e-08
-85.8216,-96.0319,-96.8408,-96.749,-99.3558,-100.0321
0,0,0,0,0,0
103.3816,103.0559,101.877,119.0341,98.8629,98.1943
7.5946,345.0686,173.2902,7.5946,4.9697,53.1301
76.6184,76.9441,78.123,119.0341,81.1371,81.8057
187.5946,194.9314,186.7098,187.5946,355.0303,126.8699
6
2.597e-08,2.6646e-08,2.9193e-08,2.8887e-08,3.8973e-08,4.1833e-08
-85.8367,-96.0598,-96.8528,-96.7612,-99.3625,-99.9776
0,0,0,0,0,0
103.358,103.0132,101.8605,118.9896,98.8561,98.2462
8.3439,344.3578,172.6262,8.3439,5.4638,52.8533
76.642,76.9868,78.1395,118.9896,81.1439,81.7538
188.3439,195.6422,187.3738,188.3439,354.5362,127.1467
6
2.6019e-08,2.6735e-08,2.9237e-08,2.8931e-08,3.9006e-08,4.1571e-08
-85.8531,-96.0889,-96.8658,-96.7745,-99.3698,-99.9229
0,0,0,0,0,0
103.3323,102.9689,101.8425,118.9411,98.8486,98.2987
9.0903,343.6518,171.9643,9.0903,5.9571,52.5729
76.6677,77.0311,78.1575,118.9411,81.1514,81.7013
189.0903,196.3482,188.0357,189.0903,354.0429,127.4271
6
2.6073e-08,2.6829e-08,2.9284e-08,2.8979e-08,3.9041e-08,4.1309e-08
-85.8709,-96.1192,-96.8798,-96.7889,-99.3777,-99.8681
0,0,0,0,0,0
103.3046,102.923,101.823,118.8887,98.8404,98.3515
9.8336,342.951,171.3045,9.8336,6.4495,52.289
76.6954,77.077,78.177,118.8887,81.1596,81.6485
189.8336,197.049,188.6955,189.8336,353.5505,127.711
6
2.613e-08,2.6926e-08,2.9335e-08,2.9031e-08,3.908e-08,4.1049e-08
-85.89,-96.1506,-96.895,-96.8044,-99.3862,-99.8132
0,0,0,0,0,0
103.2748,102.8756,101.8021,118.8324,98.8317,98.4049
10.5735,342.2553,170.647,10.5735,6.941,52.0013
76.7252,77.1244,78.1979,118.8324,81.1683,81.5951
190.5735,197.7447,189.353,190.5735,353.059,127.9987
6
2.6192e-08,2.7027e-08,2.939e-08,2.9086e-08,3.9121e-08,4.0789e-08
-85.9105,-96.1831,-96.9112,-96.8209,-99.3954,-99.7582
0,0,0,0,0,0
103.243,102.8267,101.7798,118.7723,98.8223,98.4587
11.3099,341.5651,169.992,11.3099,7.4314,51.7098
76.757,77.1733,78.2202,118.7723,81.1777,81.5413
191.3099,198.4349,190.008,191.3099,352.5686,128.2902
6
2.6257e-08,2.7131e-08,2.9449e-08,2.9145e-08,3.9165e-08,4.0531e-08
-85.9322,-96.2167,-96.9285,-96.8386,-99.4052,-99.703
0,0,0,0,0,0
103.2093,102.7764,101.756,118.7085,98.8123,98.513
12.0426,340.8803,169.3397,12.0426,7.9207,51.4146
76.7907,77.2236,78.244,118.7085,81.1877,81.487
192.0426,199.1197,190.6603,192.0426,352.0793,128.5854
6
2.6327e-08,2.724e-08,2.9511e-08,2.9208e-08,3.9212e-08,4.0274e-08
-85.9553,-96.2513,-96.9468,-96.8573,-99.4155,-99.6477
0,0,0,0,0,0
103.1736,102.7247,101.7309,118.641,98.8017,98.5678
12.7712,340.2011,168.6901,12.7712,8.4089,51.1155
76.8264,77.2753,78.2691,118.641,81.1983,81.4322
192.7712,199.7989,191.3099,192.7712,351.5911,128.8845
6
2.6401e-08,2.7352e-08,2.9577e-08,2.9275e-08,3.9261e-08,4.0018e-08
-85.9796,-96.2869,-96.9662,-96.877,-99.4265,-99.5923
0,0,0,0,0,0
103.1362,102.6718,101.7044,118.5699,98.7905,98.623
13.4957,339.5277,168.0434,13.4957,8.8959,50.8125
76.8638,77.3282,78.2956,118.5699,81.2095,81.377
193.4957,200.4723,191.9566,193.4957,351.1041,129.1875
6
2.6479e-08,2.7467e-08,2.9646e-08,2.9345e-08,3.9314e-08,3.9763e-08
-86.0051,-96.3235,-96.9866,-96.8978,-99.4381,-99.5368
0,0,0,0,0,0
103.0969,102.6176,101.6766,118.4954,98.7787,98.6787
14.2159,338.8602,167.3998,14.2159,9.3815,50.5055
76.9031,77.3824,78.3234,118.4954,81.2213,81.3213
194.2159,201.1398,192.6002,194.2159,350.6185,129.4945
6
2.656e-08,2.7586e-08,2.9719e-08,2.9418e-08,3.9369e-08,3.9509e-08
-86.0319,-96.3611,-97.0079,-96.9196,-99.4502,-99.4813
0,0,0,0,0,0
103.0559,102.5622,101.6475,118.4174,98.7664,98.7349
14.9314,338.1986,166.7595,14.9314,9.8658,50.1944
76.9441,77.4378,78.3525,118.4174,81.2336,81.2651
194.9314,201.8014,193.2405,194.9314,350.1342,129.8056
6
2.6646e-08,2.7709e-08,2.9796e-08,2.9496e-08,3.9426e-08,3.9257e-08
-86.0598,-96.3996,-97.0303,-96.9424,-99.463,-99.4256
0,0,0,0,0,0
103.0132,102.5058,101.6172,118.3362,98.7534,98.7915
15.6422,337.5431,166.1225,15.6422,10.3487,49.8793
76.9868,77.4942,78.3828,118.3362,81.2466,81.2085
195.6422,202.4569,193.8775,195.6422,349.6513,130.1207
6
2.6735e-08,2.7835e-08,2.9876e-08,2.9577e-08,3.9487e-08,3.9006e-08
-86.0889,-96.439,-97.0536,-96.9662,-99.4763,-99.3698
0,0,0,0,0,0
102.9689,102.4482,101.5856,118.2517,98.7399,98.8486
16.3482,336.8937,165.4889,16.3482,10.8301,49.56
77.0311,77.5518,78.4144,118.2517,81.2601,81.1514
196.3482,203.1063,194.5111,196.3482,349.1699,130.44
6
2.6829e-08,2.7964e-08,2.9959e-08,2.9661e-08,3.955e-08,3.8756e-08
-86.1192,-96.4793,-97.0778,-96.991,-99.4902,-99.3139
0,0,0,0,0,0
102.923,102.3897,101.5529,118.1642,98.7258,98.9061
17.049,336.2505,164.859,17.049,11.3099,49.2364
77.077,77.6103,78.4471,118.1642,81.2742,81.0939
197.049,203.7495,195.141,197.049,348.6901,130.7636
6
2.6926e-08,2.8097e-08,3.0046e-08,2.9749e-08,3.9616e-08,3.8507e-08
-86.1506,-96.5204,-97.103,-97.0167,-99.5047,-99.258
0,0,0,0,0,0
102.8756,102.3302,101.519,118.0736,98.7111,98.9641
17.7447,335.6136,164.2328,17.7447,11.7882,48.9085
77.1244,77.6698,78.481,118.0736,81.2889,81.0359
197.7447,204.3864,195.7672,197.7447,348.2118,131.0915
6
2.7027e-08,2.8233e-08,3.0137e-08,2.984e-08,3.9685e-08,3.8259e-08
-86.1831,-96.5624,-97.1291,-97.0433,-99.5197,-99.202
0,0,0,0,0,0
102.8267,102.2698,101.4839,117.98,98.696,99.0226
18.4349,334.9831,163.6105,18.4349,12.2648,48.5763
77.1733,77.7302,78.5161,117.98,81.304,80.9774
198.4349,205.0169,196.3895,198.4349,347.7352,131.4237
6
2.7131e-08,2.8373e-08,3.0231e-08,2.9935e-08,3.9756e-08,3.8013e-08
-86.2167,-96.6052,-97.1562,-97.0708,-99.5353,-99.1459
0,0,0,0,0,0
102.7764,102.2086,101.4478,117.8837,98.6802,99.0815
19.1197,334.359,162.9921,19.1197,12.7396,48.2397
77.2236,77.7914,78.5522,117.8837,81.3198,80.9185
199.1197,205.641,197.0079,199.1197,347.2604,131.7603
6
2.724e-08,2.8515e-08,3.0328e-08,3.0033e-08,3.983e-08,3.7768e-08
-86.2513,-96.6487,-97.1841,-97.0993,-99.5515,-99.0898
0,0,0,0,0,0
102.7247,102.1467,101.4106,117.7846,98.664,99.1409
19.7989,333.7413,162.3777,19.7989,13.2127,47.8986
77.2753,77.8533,78.5894,117.7846,81.336,80.8591
199.7989,206.2587,197.6223,199.7989,346.7873,132.1014
6
2.7352e-08,2.8661e-08,3.0428e-08,3.0135e-08,3.9907e-08,3.7525e-08
-86.2869,-96.693,-97.2128,-97.1286,-99.5682,-99.0336
0,0,0,0,0,0
102.6718,102.084,101.3723,117.6829,98.6472,99.2008
20.4723,333.1302,161.7675,20.4723,13.684,47.5529
77.3282,77.916,78.6277,117.6829,81.3528,80.7992
200.4723,206.8698,198.2325,200.4723,346.316,132.4471
6
2.7467e-08,2.881e-08,3.0532e-08,3.024e-08,3.9986e-08,3.7283e-08
-86.3235,-96.738,-97.2424,-97.1588,-99.5854,-98.9774
0,0,0,0,0,0
102.6176,102.0206,101.3331,117.5787,98.6299,99.261
21.1398,332.5256,161.1616,21.1398,14.1534,47.2026
77.3824,77.9794,78.6669,117.5787,81.3701,80.739
201.1398,207.4744,198.8384,201.1398,345.8466,132.7974
6
2.7586e-08,2.8962e-08,3.0639e-08,3.0348e-08,4.0068e-08,3.7042e-08
-86.3611,-96.7837,-97.2729,-97.1898,-99.6032,-98.9211
0,0,0,0,0,0
102.5622,101.9566,101.293,117.472,98.6122,99.3217
21.8014,331.9275,160.56,21.8014,14.6209,46.8476
77.4378,78.0434,78.707,117.472,81.3878,80.6783
201.8014,208.0725,199.44,201.8014,345.3791,133.1524
6
2.7709e-08,2.9117e-08,3.075e-08,3.0459e-08,4.0152e-08,3.6803e-08
-86.3996,-96.83,-97.3041,-97.2217,-99.6215,-98.8648
0,0,0,0,0,0
102.5058,101.892,101.2519,117.3631,98.5939,99.3829
22.4569,331.336,159.9628,22.4569,15.0864,46.4879
77.4942,78.108,78.7481,117.3631,81.4061,80.6171
202.4569,208.664,200.0372,202.4569,344.9136,133.5121
6
2.7835e-08,2.9275e-08,3.0863e-08,3.0574e-08,4.024e-08,3.6565e-08
-86.439,-96.877,-97.3361,-97.2543,-99.6403,-98.8085
0,0,0,0,0,0
102.4482,101.8269,101.2099,117.2519,98.5752,99.4445
23.1063,330.7512,159.3701,23.1063,15.5498,46.1233
77.5518,78.1731,78.7901,117.2519,81.4248,80.5555
203.1063,209.2488,200.6299,203.1063,344.4502,133.8767
6
2.7964e-08,2.9435e-08,3.098e-08,3.0692e-08,4.0329e-08,3.6329e-08
-86.4793,-96.9246,-97.3689,-97.2877,-99.6596,-98.7522
0,0,0,0,0,0
102.3897,101.7614,101.1671,117.1386,98.556,99.5064
23.7495,330.1729,158.782,23.7495,16.0112,45.7538
77.6103,78.2386,78.8329,117.1386,81.444,80.4936
203.7495,209.8271,201.218,203.7495,343.9888,134.2462
6
2.8097e-08,2.9599e-08,3.11e-08,3.0813e-08,4.0421e-08,3.6094e-08
-86.5204,-96.9728,-97.4025,-97.3219,-99.6794,-98.6959
0,0,0,0,0,0
102.3302,101.6954,101.1235,117.0233,98.5363,99.5688
24.3864,329.6013,158.1986,24.3864,16.4704,45.3794
77.6698,78.3046,78.8765,117.0233,81.4637,80.4312
204.3864,210.3987,201.8014,204.3864,343.5296,134.6206
7
2.8233e-08,2.9766e-08,3.1223e-08,3.0937e-08,4.0516e-08,3.5861e-08,1.7556e-08
-86.5624,-97.0216,-97.4368,-97.3568,-99.6998,-98.6396,-92.4359
0,0,0,0,0,0,0
102.2698,101.629,101.0791,116.9061,98.5162,99.6317,109.984
25.0169,329.0362,157.6199,25.0169,16.9275,45,45
77.7302,78.371,78.9209,116.9061,81.4838,80.3683,109.984
205.0169,210.9638,202.3801,205.0169,343.0725,135,135
5
2.8373e-08,2.9935e-08,3.1349e-08,3.1064e-08,4.0613e-08
-86.6052,-97.0708,-97.4718,-97.3925,-99.7206
0,0,0,0,0
102.2086,101.5623,101.034,116.7871,98.4957
25.641,328.4778,157.0459,25.641,17.3824
77.7914,78.4377,78.966,116.7871,81.5043
205.641,211.5222,202.9541,205.641,342.6176
5
2.8515e-08,3.0107e-08,3.1478e-08,3.1195e-08,4.0713e-08
-86.6487,-97.1206,-97.5075,-97.4288,-99.7419
0,0,0,0,0
102.1467,101.4953,100.9882,116.6663,98.4747
26.2587,327.926,156.4768,26.2587,17.835
77.8533,78.5047,79.0118,116.6663,81.5253
206.2587,212.074,203.5232,206.2587,342.165
5
2.8661e-08,3.0282e-08,3.161e-08,3.1328e-08,4.0815e-08
-86.693,-97.1709,-97.5438,-97.4659,-99.7637
0,0,0,0,0
102.084,101.4281,100.9417,116.544,98.4533
26.8698,327.3808,155.9125,26.8698,18.2854
77.916,78.5719,79.0583,116.544,81.5467
206.8698,212.6192,204.0875,206.8698,341.7146
5
2.881e-08,3.0459e-08,3.1746e-08,3.1464e-08,4.092e-08
-86.738,-97.2217,-97.5809,-97.5036,-99.7859
0,0,0,0,0
102.0206,101.3606,100.8946,116.4201,98.4315
27.4744,326.8421,155.3532,27.4744,18.7334
77.9794,78.6394,79.1054,116.4201,81.5685
207.4744,213.1579,204.6468,207.4744,341.2666
5
2.8962e-08,3.0639e-08,3.1883e-08,3.1603e-08,4.1027e-08
-86.7837,-97.2729,-97.6185,-97.5419,-99.8086
0,0,0,0,0
101.9566,101.293,100.8469,116.2948,98.4094
28.0725,326.3099,154.7989,28.0725,19.179
78.0434,78.707,79.1531,116.2948,81.5906
208.0725,213.6901,205.2011,208.0725,340.821
5
2.9117e-08,3.0822e-08,3.2024e-08,3.1746e-08,4.1137e-08
-86.83,-97.3245,-97.6568,-97.5809,-99.8318
0,0,0,0,0
101.892,101.2252,100.7986,116.1682,98.3868
28.664,325.7843,154.2495,28.664,19.6223
78.108,78.7748,79.2014,116.1682,81.6132
208.664,214.2157,205.7505,208.664,340.3777
5
2.9275e-08,3.1007e-08,3.2168e-08,3.189e-08,4.1249e-08
-86.877,-97.3765,-97.6957,-97.6204,-99.8554
0,0,0,0,0
101.8269,101.1573,100.7498,116.0403,98.3639
29.2488,325.2651,153.7052,29.2488,20.0631
78.1731,78.8427,79.2502,116.0403,81.6361
209.2488,214.7349,206.2948,209.2488,339.9369
5
2.9435e-08,3.1195e-08,3.2314e-08,3.2038e-08,4.1363e-08
-86.9246,-97.4288,-97.7352,-97.6606,-99.8794
0,0,0,0,0
101.7614,101.0894,100.7005,115.9113,98.3406
29.8271,324.7524,153.166,29.8271,20.5014
78.2386,78.9106,79.2995,115.9113,81.6594
209.8271,215.2476,206.834,209.8271,339.4986
5
2.9599e-08,3.1385e-08,3.2464e-08,3.2189e-08,4.148e-08
-86.9728,-97.4816,-97.7752,-97.7013,-99.9039
0,0,0,0,0
101.6954,101.0214,100.6508,115.7812,98.317
30.3987,324.2461,152.6318,30.3987,20.9373
78.3046,78.9786,79.3492,115.7812,81.683
210.3987,215.7539,207.3682,210.3987,339.0627
5
2.9766e-08,3.1577e-08,3.2616e-08,3.2342e-08,4.1599e-08
-87.0216,-97.5347,-97.8157,-97.7425,-99.9288
0,0,0,0,0
101.629,100.9534,100.6006,115.6501,98.293
30.9638,323.7462,152.1027,30.9638,21.3706
78.371,79.0466,79.3994,115.6501,81.707
210.9638,216.2538,207.8973,210.9638,338.6294
5
2.9935e-08,3.1772e-08,3.277e-08,3.2498e-08,4.172e-08
-87.0708,-97.588,-97.8568,-97.7843,-99.9541
0,0,0,0,0
101.5623,100.8855,100.55,115.5182,98.2687
31.5222,323.2525,151.5788,31.5222,21.8014
78.4377,79.1145,79.45,115.5182,81.7313
211.5222,216.7475,208.4212,211.5222,338.1986
5
3.0107e-08,3.1969e-08,3.2928e-08,3.2656e-08,4.1844e-08
-87.1206,-97.6417,-97.8984,-97.8266,-99.9798
0,0,0,0,0
101.4953,100.8176,100.499,115.3854,98.2441
32.074,322.7652,151.06,32.074,22.2296
78.5047,79.1824,79.501,115.3854,81.7559
212.074,217.2348,208.94,212.074,337.7704
5
3.0282e-08,3.2168e-08,3.3087e-08,3.2818e-08,4.197e-08
-87.1709,-97.6957,-97.9405,-97.8694,-100.0059
0,0,0,0,0
101.4281,100.7498,100.4477,115.2519,98.2192
32.6192,322.284,150.5463,32.6192,22.6552
78.5719,79.2502,79.5523,115.2519,81.7808
212.6192,217.716,209.4537,212.6192,337.3448
5
3.0459e-08,3.2369e-08,3.325e-08,3.2981e-08,4.2098e-08
-87.2217,-97.7499,-97.983,-97.9126,-100.0324
0,0,0,0,0
101.3606,100.6821,100.3961,115.1178,98.194
33.1579,321.8091,150.0378,33.1579,23.0782
78.6394,79.3179,79.6039,115.1178,81.806
213.1579,218.1909,209.9622,213.1579,336.9218
5
3.0639e-08,3.2573e-08,3.3415e-08,3.3148e-08,4.2228e-08
-87.2729,-97.8044,-98.026,-97.9563,-100.0593
0,0,0,0,0
101.293,100.6146,100.3442,114.9831,98.1685
33.6901,321.3402,149.5345,33.6901,23.4986
78.707,79.3854,79.6558,114.9831,81.8315
213.6901,218.6598,210.4655,213.6901,336.5014
5
3.0822e-08,3.2779e-08,3.3582e-08,3.3317e-08,4.2361e-08
-87.3245,-97.8591,-98.0695,-98.0005,-100.0865
0,0,0,0,0
101.2252,100.5472,100.292,114.8479,98.1428
34.2157,320.8774,149.0362,34.2157,23.9162
78.7748,79.4528,79.708,114.8479,81.8572
214.2157,219.1226,210.9638,214.2157,336.0838
5
3.1007e-08,3.2987e-08,3.3752e-08,3.3488e-08,4.2496e-08
-87.3765,-97.914,-98.1133,-98.045,-100.1141
0,0,0,0,0
101.1573,100.48,100.2396,114.7122,98.1167
34.7349,320.4206,148.5432,34.7349,24.3312
78.8427,79.52,79.7604,114.7122,81.8833
214.7349,219.5794,211.4568,214.7349,335.6688
5
3.1195e-08,3.3196e-08,3.3925e-08,3.3662e-08,4.2633e-08
-87.4288,-97.969,-98.1576,-98.0899,-100.1421
0,0,0,0,0
101.0894,100.413,100.187,114.5762,98.0905
35.2476,319.9697,148.0552,35.2476,24.7435
78.9106,79.587,79.813,114.5762,81.9095
215.2476,220.0303,211.9448,215.2476,335.2565
5
3.1385e-08,3.3408e-08,3.41e-08,3.3838e-08,4.2772e-08
-87.4816,-98.0243,-98.2022,-98.1353,-100.1704
0,0,0,0,0
101.0214,100.3462,100.1343,114.4399,98.064
35.7539,319.5248,147.5724,35.7539,25.1531
78.9786,79.6538,79.8657,114.4399,81.936
215.7539,220.4752,212.4276,215.7539,334.8469
5
3.1577e-08,3.3622e-08,3.4277e-08,3.4016e-08,4.2913e-08
-87.5347,-98.0797,-98.2472,-98.181,-100.1991
0,0,0,0,0
100.9534,100.2797,100.0814,114.3033,98.0372
36.2538,319.0856,147.0948,36.2538,25.56
79.0466,79.7203,79.9186,114.3033,81.9628
216.2538,220.9144,212.9052,216.2538,334.44
5
3.1772e-08,3.3838e-08,3.4456e-08,3.4197e-08,4.3057e-08
-87.588,-98.1353,-98.2925,-98.227,-100.2281
0,0,0,0,0
100.8855,100.2135,100.0283,114.1666,98.0103
36.7475,318.6522,146.6222,36.7475,25.9641
79.1145,79.7865,79.9717,114.1666,81.9897
216.7475,221.3478,213.3778,216.7475,334.0359
5
3.1969e-08,3.4056e-08,3.4638e-08,3.438e-08,4.3202e-08
-87.6417,-98.191,-98.3382,-98.2734,-100.2574
0,0,0,0,0
100.8176,100.1475,99.9752,114.0297,97.9831
37.2348,318.2245,146.1547,37.2348,26.3654
79.1824,79.8525,80.0248,114.0297,82.0169
217.2348,221.7755,213.8453,217.2348,333.6346
5
3.2168e-08,3.4275e-08,3.4822e-08,3.4566e-08,4.335e-08
-87.6957,-98.2468,-98.3842,-98.3201,-100.287
0,0,0,0,0
100.7498,100.0818,99.9219,113.8928,97.9558
37.716,317.8025,145.6922,37.716,26.764
79.2502,79.9182,80.0781,113.8928,82.0442
217.716,222.1975,214.3078,217.716,333.236
5
3.2369e-08,3.4496e-08,3.5008e-08,3.4753e-08,4.35e-08
-87.7499,-98.3027,-98.4306,-98.3671,-100.3169
0,0,0,0,0
100.6821,100.0165,99.8686,113.756,97.9282
38.1909,317.3859,145.2348,38.1909,27.1598
79.3179,79.9835,80.1314,113.756,82.0718
218.1909,222.6141,214.7652,218.1909,332.8402
5
3.2573e-08,3.472e-08,3.5196e-08,3.4943e-08,4.3651e-08
-87.8044,-98.3587,-98.4772,-98.4144,-100.3472
0,0,0,0,0
100.6146,99.9514,99.8153,113.6191,97.9005
38.6598,316.9749,144.7824,38.6598,27.5528
79.3854,80.0486,80.1847,113.6191,82.0995
218.6598,223.0251,215.2176,218.6598,332.4472
5
3.2779e-08,3.4944e-08,3.5387e-08,3.5135e-08,4.3805e-08
-87.8591,-98.4148,-98.524,-98.4619,-100.3777
0,0,0,0,0
100.5472,99.8868,99.7619,113.4824,97.8726
39.1226,316.5694,144.335,39.1226,27.943
79.4528,80.1132,80.2381,113.4824,82.1274
219.1226,223.4306,215.665,219.1226,332.057
5
3.2987e-08,3.5171e-08,3.5579e-08,3.5329e-08,4.3961e-08
-87.914,-98.4709,-98.5712,-98.5098,-100.4085
0,0,0,0,0
100.48,99.8224,99.7086,113.3458,97.8445
39.5794,316.1691,143.8925,39.5794,28.3305
79.52,80.1776,80.2914,113.3458,82.1555
219.5794,223.8309,216.1075,219.5794,331.6695
5
3.3196e-08,3.5399e-08,3.5774e-08,3.5525e-08,4.4119e-08
-87.969,-98.5271,-98.6186,-98.5578,-100.4396
0,0,0,0,0
100.413,99.7584,99.6553,113.2094,97.8163
40.0303,315.7742,143.455,40.0303,28.7151
79.587,80.2416,80.3447,113.2094,82.1837
220.0303,224.2258,216.545,220.0303,331.2849
5
3.3408e-08,3.5629e-08,3.5971e-08,3.5723e-08,4.4278e-08
-88.0243,-98.5834,-98.6662,-98.6061,-100.471
0,0,0,0,0
100.3462,99.6949,99.602,113.0733,97.7879
40.4752,315.3845,143.0224,40.4752,29.0969
79.6538,80.3051,80.398,113.0733,82.2121
220.4752,224.6155,216.9776,220.4752,330.9031
5
3.3622e-08,3.5861e-08,3.6169e-08,3.5923e-08,4.444e-08
-88.0797,-98.6396,-98.714,-98.6546,-100.5026
0,0,0,0,0
100.2797,99.6317,99.5487,112.9374,97.7594
40.9144,315,142.5946,40.9144,29.4759
79.7203,80.3683,80.4513,112.9374,82.2406
220.9144,225,217.4054,220.9144,330.5241
5
3.3838e-08,3.6094e-08,3.637e-08,3.6125e-08,4.4603e-08
-88.1353,-98.6959,-98.7621,-98.7033,-100.5345
0,0,0,0,0
100.2135,99.5688,99.4956,112.8019,97.7308
41.3478,314.6206,142.1717,41.3478,29.8521
79.7865,80.4312,80.5044,112.8019,82.2692
221.3478,225.3794,217.8283,221.3478,330.1479
5
3.4056e-08,3.6329e-08,3.6573e-08,3.6329e-08,4.4769e-08
-88.191,-98.7522,-98.8103,-98.7522,-100.5667
0,0,0,0,0
100.1475,99.5064,99.4425,112.6667,97.7021
41.7755,314.2462,141.7536,41.7755,30.2254
79.8525,80.4936,80.5575,112.6667,82.2979
221.7755,225.7538,218.2464,221.7755,329.7746
5
3.4275e-08,3.6565e-08,3.6777e-08,3.6535e-08,4.4936e-08
-88.2468,-98.8085,-98.8588,-98.8013,-100.5991
0,0,0,0,0
100.0818,99.4445,99.3895,112.5319,97.6733
42.1975,313.8767,141.3402,42.1975,30.596
79.9182,80.5555,80.6105,112.5319,82.3267
222.1975,226.1233,218.6598,222.1975,329.404
5
3.4496e-08,3.6803e-08,3.6983e-08,3.6742e-08,4.5105e-08
-88.3027,-98.8648,-98.9074,-98.8506,-100.6317
0,0,0,0,0
100.0165,99.3829,99.3366,112.3976,97.6443
42.6141,313.5121,140.9315,42.6141,30.9638
79.9835,80.6171,80.6634,112.3976,82.3557
222.6141,226.4879,219.0685,222.6141,329.0362
5
3.472e-08,3.7042e-08,3.7192e-08,3.6952e-08,4.5276e-08
-88.3587,-98.9211,-98.9561,-98.9,-100.6645
0,0,0,0,0
99.9514,99.3217,99.2839,112.2637,97.6153
43.0251,313.1524,140.5275,43.0251,31.3287
80.0486,80.6783,80.7161,112.2637,82.3847
223.0251,226.8476,219.4725,223.0251,328.6713
6
3.4944e-08,3.7283e-08,3.7402e-08,3.7163e-08,4.5448e-08,2.706e-08
-88.4148,-98.9774,-99.0051,-98.9495,-100.6976,-96.1937
0,0,0,0,0,0
99.8868,99.261,99.2313,112.1304,97.5862,102.8108
43.4306,312.7974,140.1282,43.4306,31.6908,63.7587
80.1132,80.739,80.7687,112.1304,82.4138,102.8108
223.4306,227.2026,219.8718,223.4306,328.3092,116.2413
4
3.5171e-08,3.7525e-08,3.7376e-08,4.5623e-08
-88.4709,-99.0336,-98.9992,-100.7309
0,0,0,0
99.8224,99.2008,111.9976,97.557
43.8309,312.4471,43.8309,32.0501
80.1776,80.7992,111.9976,82.443
223.8309,227.5529,223.8309,327.9499
4
3.5399e-08,3.7768e-08,3.7591e-08,4.5799e-08
-88.5271,-99.0898,-99.049,-100.7644
0,0,0,0
99.7584,99.1409,111.8653,97.5278
44.2258,312.1014,44.2258,32.4067
80.2416,80.8591,111.8653,82.4722
224.2258,227.8986,224.2258,327.5933
4
3.5629e-08,3.8013e-08,3.7808e-08,4.5977e-08
-88.5834,-99.1459,-99.0989,-100.798
0,0,0,0
99.6949,99.0815,111.7336,97.4985
44.6155,311.7603,44.6155,32.7604
80.3051,80.9185,111.7336,82.5015
224.6155,228.2397,224.6155,327.2396
2
3.8259e-08,4.6157e-08
-99.202,-100.8319
0,0
99.0226,97.4691
311.4237,33.1113
80.9774,82.5309
228.5763,326.8887
2
3.8507e-08,4.6338e-08
-99.258,-100.866
0,0
98.9641,97.4397
311.0915,33.4595
81.0359,82.5603
228.9085,326.5405
2
3.8756e-08,4.6521e-08
-99.3139,-100.9002
0,0
98.9061,97.4103
310.7636,33.8049
81.0939,82.5897
229.2364,326.1951
2
3.9006e-08,4.6706e-08
-99.3698,-100.9347
0,0
98.8486,97.3808
310.44,34.1475
81.1514,82.6192
229.56,325.8525
1
4.6892e-08
-100.9693
0
97.3513
34.4874
82.6487
325.5126
1
4.708e-08
-101.004
0
97.3218
34.8245
82.6782
325.1755
1
4.727e-08
-101.0389
0
97.2923
35.1589
82.7077
324.8411
1
4.7461e-08
-101.074
0
97.2627
35.4905
82.7373
324.5095
1
4.7654e-08
-101.1092
0
97.2332
35.8195
82.7668
324.1805
1
4.7848e-08
-101.1445
0
97.2037
36.1457
82.7963
323.8543
1
4.8044e-08
-101.18
0
97.1742
36.4692
82.8258
323.5308
1
4.8241e-08
-101.2156
0
97.1447
36.7901
82.8553
323.2099
1
4.844e-08
-101.2513
0
97.1152
37.1083
82.8848
322.8917
1
4.864e-08
-101.2872
0
97.0857
37.4238
82.9143
322.5762
1
4.8842e-08
-101.3231
0
97.0563
37.7368
82.9437
322.2632
1
4.9045e-08
-101.3592
0
97.0269
38.047
82.9731
321.953
1
4.925e-08
-101.3953
0
96.9976
38.3547
83.0024
321.6453
1
4.9456e-08
-101.4316
0
96.9683
38.6598
83.0317
321.3402
1
4.9663e-08
-101.4679
0
96.9391
38.9623
83.0609
321.0377
1
4.9872e-08
-101.5044
0
96.9099
39.2623
83.0901
320.7377
1
5.0082e-08
-101.5409
0
96.8807
39.5597
83.1193
320.4403
1
5.0294e-08
-101.5775
0
96.8517
39.8545
83.1483
320.1455
1
5.0506e-08
-101.6141
0
96.8227
40.1469
83.1773
319.8531
1
5.072e-08
-101.6509
0
96.7938
40.4368
83.2062
319.5632
1
5.0936e-08
-101.6877
0
96.7649
40.7242
83.2351
319.2758
1
5.1152e-08
-101.7245
0
96.7361
41.0091
83.2639
318.9909
1
5.137e-08
-101.7614
0
96.7074
41.2916
83.2926
318.7084
1
5.1589e-08
-101.7984
0
96.6788
41.5716
83.3212
318.4284
1
5.1809e-08
-101.8354
0
96.6503
41.8493
83.3497
318.1507
1
5.2031e-08
-101.8725
0
96.6218
42.1245
83.3782
317.8755
1
5.2254e-08
-101.9096
0
96.5935
42.3974
83.4065
317.6026
1
5.2478e-08
-101.9467
0
96.5653
42.668
83.4347
317.332
1
5.2703e-08
-101.9838
0
96.5371
42.9362
83.4629
317.0638
1
5.2929e-08
-102.021
0
96.509
43.2021
83.491
316.7979
1
5.3156e-08
-102.0583
0
96.4811
43.4657
83.5189
316.5343
1
5.3384e-08
-102.0955
0
96.4533
43.727
83.5467
316.273
1
5.3614e-08
-102.1328
0
96.4255
43.986
83.5745
316.014
1
5.3844e-08
-102.17
0
96.3979
44.2428
83.6021
315.7572
1
5.4076e-08
-102.2073
0
96.3704
44.4974
83.6296
315.5026
1
5.4309e-08
-102.2446
0
96.3429
44.7498
83.6571
315.2502
0
0
0
0
0
0
0
0
0
0
0
0
0
0
0
0
0
0
0
0
0
0
0
0
0
0
0
0
0
