7
1.00007e-08,3.51364e-08,1.66671e-08,1.66671e-08,1.41426e-08,3.44659e-08,1.41426e-08
-77.5478,-98.3024,-92.7844,-92.6844,-87.4578,-97.565,-87.4578
0,3.14159,3.14159,3.14159,3.14159,3.14159,3.14159
90,90,90,90,134.998,90,45.0019
179.332,253.465,0.401064,179.599,179.332,106.866,179.332
90,90,90,90,134.998,90,45.0019
359.332,286.535,359.599,180.401,359.332,73.1336,359.332
7
1.00007e-08,3.49128e-08,1.66671e-08,1.66671e-08,1.41426e-08,3.46893e-08,1.41426e-08
-77.5478,-98.2469,-92.7844,-92.6844,-87.4578,-97.6211,-87.4578
0,3.14159,3.14159,3.14159,3.14159,3.14159,3.14159
90,90,90,90,134.998,90,45.0019
180.668,253.356,359.599,180.401,180.668,106.755,180.668
90,90,90,90,134.998,90,45.0019
0.66842,286.644,0.401064,179.599,0.66842,73.2454,0.66842
7
1.00061e-08,3.46893e-08,1.66703e-08,1.66703e-08,1.41465e-08,3.49128e-08,1.41465e-08
-77.5525,-98.1911,-92.7861,-92.6861,-87.4602,-97.6769,-87.4602
0,3.14159,3.14159,3.14159,3.14159,3.14159,3.14159
90,90,90,90,134.982,90,45.0175
182.005,253.245,358.797,181.203,182.005,106.644,182.005
90,90,90,90,134.982,90,45.0175
2.00453,286.755,1.20303,178.797,2.00453,73.3558,2.00453
7
1.00061e-08,3.49128e-08,1.66703e-08,1.66703e-08,1.41465e-08,3.46893e-08,1.41465e-08
-77.5525,-98.2469,-92.7861,-92.6861,-87.4602,-97.6211,-87.4602
0,3.14159,3.14159,3.14159,3.14159,3.14159,3.14159
90,90,90,90,134.982,90,45.0175
177.995,253.356,1.20303,178.797,177.995,106.755,177.995
90,90,90,90,134.982,90,45.0175
357.995,286.644,358.797,181.203,357.995,73.2454,357.995
7
1.00007e-08,3.46893e-08,1.66671e-08,1.66671e-08,1.41426e-08,3.49128e-08,1.41426e-08
-77.5478,-98.1911,-92.7844,-92.6844,-87.4578,-97.6769,-87.4578
0,3.14159,3.14159,3.14159,3.14159,3.14159,3.14159
90,90,90,90,134.998,90,45.0019
179.332,253.245,0.401064,179.599,179.332,106.644,179.332
90,90,90,90,134.998,90,45.0019
359.332,286.755,359.599,180.401,359.332,73.3558,359.332
7
1.00007e-08,3.44659e-08,1.66671e-08,1.66671e-08,1.41426e-08,3.51364e-08,1.41426e-08
-77.5478,-98.135,-92.7844,-92.6844,-87.4578,-97.7324,-87.4578
0,3.14159,3.14159,3.14159,3.14159,3.14159,3.14159
90,90,90,90,134.998,90,45.0019
180.668,253.134,359.599,180.401,180.668,106.535,180.668
90,90,90,90,134.998,90,45.0019
0.66842,286.866,0.401064,179.599,0.66842,73.4648,0.66842
7
9.66737e-09,3.5043e-08,1.70004e-08,1.63337e-08,1.39089e-08,3.43707e-08,1.39089e-08
-77.2534,-98.2792,-92.9564,-92.5089,-87.3131,-97.541,-87.3131
0,3.14159,3.14159,3.14159,3.14159,3.14159,3.14159
90,90,90,90,135.969,90,44.0311
179.309,253.987,0.3932,179.591,179.309,106.335,179.309
90,90,90,90,135.969,90,44.0311
359.309,286.013,359.607,180.409,359.309,73.6653,359.309
7
9.66737e-09,3.48188e-08,1.70004e-08,1.63337e-08,1.39089e-08,3.45947e-08,1.39089e-08
-77.2534,-98.2235,-92.9564,-92.5089,-87.3131,-97.5974,-87.3131
0,3.14159,3.14159,3.14159,3.14159,3.14159,3.14159
90,90,90,90,135.969,90,44.0311
180.691,253.881,359.607,180.409,180.691,106.226,180.691
90,90,90,90,135.969,90,44.0311
0.691467,286.119,0.3932,179.591,0.691467,73.774,0.691467
7
9.673e-09,3.45947e-08,1.70036e-08,1.63371e-08,1.39128e-08,3.48188e-08,1.39128e-08
-77.2584,-98.1674,-92.958,-92.5107,-87.3155,-97.6535,-87.3155
0,3.14159,3.14159,3.14159,3.14159,3.14159,3.14159
90,90,90,90,135.952,90,44.0477
182.074,253.774,358.821,181.228,182.074,106.119,182.074
90,90,90,90,135.952,90,44.0477
2.0736,286.226,1.17945,178.772,2.0736,73.8813,2.0736
7
9.673e-09,3.48188e-08,1.70036e-08,1.63371e-08,1.39128e-08,3.45947e-08,1.39128e-08
-77.2584,-98.2235,-92.958,-92.5107,-87.3155,-97.5974,-87.3155
0,3.14159,3.14159,3.14159,3.14159,3.14159,3.14159
90,90,90,90,135.952,90,44.0477
177.926,253.881,1.17945,178.772,177.926,106.226,177.926
90,90,90,90,135.952,90,44.0477
357.926,286.119,358.821,181.228,357.926,73.774,357.926
7
9.66737e-09,3.45947e-08,1.70004e-08,1.63337e-08,1.39089e-08,3.48188e-08,1.39089e-08
-77.2534,-98.1674,-92.9564,-92.5089,-87.3131,-97.6535,-87.3131
0,3.14159,3.14159,3.14159,3.14159,3.14159,3.14159
90,90,90,90,135.969,90,44.0311
179.309,253.774,0.3932,179.591,179.309,106.119,179.309
90,90,90,90,135.969,90,44.0311
359.309,286.226,359.607,180.409,359.309,73.8813,359.309
7
9.66737e-09,3.43707e-08,1.70004e-08,1.63337e-08,1.39089e-08,3.5043e-08,1.39089e-08
-77.2534,-98.111,-92.9564,-92.5089,-87.3131,-97.7092,-87.3131
0,3.14159,3.14159,3.14159,3.14159,3.14159,3.14159
90,90,90,90,135.969,90,44.0311
180.691,253.665,359.607,180.409,180.691,106.013,180.691
90,90,90,90,135.969,90,44.0311
0.691467,286.335,0.3932,179.591,0.691467,73.9872,0.691467
7
9.33406e-09,3.49525e-08,1.73337e-08,1.60004e-08,1.36794e-08,3.42784e-08,1.36794e-08
-76.9486,-98.2568,-93.1251,-92.3299,-87.1685,-97.5176,-87.1685
0,3.14159,3.14159,3.14159,3.14159,3.14159,3.14159
90,90,90,90,136.973,90,43.0273
179.284,254.512,0.385639,179.582,179.284,105.8,179.284
90,90,90,90,136.973,90,43.0273
359.284,285.488,359.614,180.418,359.284,74.2,359.284
7
9.33406e-09,3.47277e-08,1.73337e-08,1.60004e-08,1.36794e-08,3.4503e-08,1.36794e-08
-76.9486,-98.2007,-93.1251,-92.3299,-87.1685,-97.5744,-87.1685
0,3.14159,3.14159,3.14159,3.14159,3.14159,3.14159
90,90,90,90,136.973,90,43.0273
180.716,254.41,359.614,180.418,180.716,105.694,180.716
90,90,90,90,136.973,90,43.0273
0.71616,285.59,0.385639,179.582,0.71616,74.3055,0.71616
7
9.33989e-09,3.4503e-08,1.73369e-08,1.60038e-08,1.36833e-08,3.47277e-08,1.36833e-08
-76.9541,-98.1444,-93.1266,-92.3317,-87.1711,-97.6307,-87.1711
0,3.14159,3.14159,3.14159,3.14159,3.14159,3.14159
90,90,90,90,136.955,90,43.0451
182.148,254.306,358.843,181.253,182.148,105.59,182.148
90,90,90,90,136.955,90,43.0451
2.14759,285.694,1.15678,178.747,2.14759,74.4097,2.14759
7
9.33989e-09,3.47277e-08,1.73369e-08,1.60038e-08,1.36833e-08,3.4503e-08,1.36833e-08
-76.9541,-98.2007,-93.1266,-92.3317,-87.1711,-97.5744,-87.1711
0,3.14159,3.14159,3.14159,3.14159,3.14159,3.14159
90,90,90,90,136.955,90,43.0451
177.852,254.41,1.15678,178.747,177.852,105.694,177.852
90,90,90,90,136.955,90,43.0451
357.852,285.59,358.843,181.253,357.852,74.3055,357.852
7
9.33406e-09,3.4503e-08,1.73337e-08,1.60004e-08,1.36794e-08,3.47277e-08,1.36794e-08
-76.9486,-98.1444,-93.1251,-92.3299,-87.1685,-97.6307,-87.1685
0,3.14159,3.14159,3.14159,3.14159,3.14159,3.14159
90,90,90,90,136.973,90,43.0273
179.284,254.306,0.385639,179.582,179.284,105.59,179.284
90,90,90,90,136.973,90,43.0273
359.284,285.694,359.614,180.418,359.284,74.4097,359.284
7
9.33406e-09,3.42784e-08,1.73337e-08,1.60004e-08,1.36794e-08,3.49525e-08,1.36794e-08
-76.9486,-98.0876,-93.1251,-92.3299,-87.1685,-97.6868,-87.1685
0,3.14159,3.14159,3.14159,3.14159,3.14159,3.14159
90,90,90,90,136.973,90,43.0273
180.716,254.2,359.614,180.418,180.716,105.488,180.716
90,90,90,90,136.973,90,43.0273
0.71616,285.8,0.385639,179.582,0.71616,74.5125,0.71616
7
9.00076e-09,3.4865e-08,1.76671e-08,1.56671e-08,1.34541e-08,3.41892e-08,1.34541e-08
-76.6328,-98.235,-93.2905,-92.147,-87.0243,-97.495,-87.0243
0,3.14159,3.14159,3.14159,3.14159,3.14159,3.14159
90,90,90,90,138.01,90,41.9896
179.257,255.04,0.378363,179.573,179.257,105.262,179.257
90,90,90,90,138.01,90,41.9896
359.257,284.96,359.622,180.427,359.257,74.7375,359.257
7
9.00076e-09,3.46396e-08,1.76671e-08,1.56671e-08,1.34541e-08,3.44143e-08,1.34541e-08
-76.6328,-98.1787,-93.2905,-92.147,-87.0243,-97.552,-87.0243
0,3.14159,3.14159,3.14159,3.14159,3.14159,3.14159
90,90,90,90,138.01,90,41.9896
180.743,254.941,359.622,180.427,180.743,105.16,180.743
90,90,90,90,138.01,90,41.9896
0.742681,285.059,0.378363,179.573,0.742681,74.8398,0.742681
7
9.0068e-09,3.44143e-08,1.76701e-08,1.56706e-08,1.34582e-08,3.46396e-08,1.34582e-08
-76.6386,-98.122,-93.292,-92.1489,-87.0269,-97.6087,-87.0269
0,3.14159,3.14159,3.14159,3.14159,3.14159,3.14159
90,90,90,90,137.991,90,42.0087
182.227,254.84,358.865,181.28,182.227,105.059,182.227
90,90,90,90,137.991,90,42.0087
2.22705,285.16,1.13496,178.72,2.22705,74.9407,2.22705
7
9.0068e-09,3.46396e-08,1.76701e-08,1.56706e-08,1.34582e-08,3.44143e-08,1.34582e-08
-76.6386,-98.1787,-93.292,-92.1489,-87.0269,-97.552,-87.0269
0,3.14159,3.14159,3.14159,3.14159,3.14159,3.14159
90,90,90,90,137.991,90,42.0087
177.773,254.941,1.13496,178.72,177.773,105.16,177.773
90,90,90,90,137.991,90,42.0087
357.773,285.059,358.865,181.28,357.773,74.8398,357.773
7
9.00076e-09,3.44143e-08,1.76671e-08,1.56671e-08,1.34541e-08,3.46396e-08,1.34541e-08
-76.6328,-98.122,-93.2905,-92.147,-87.0243,-97.6087,-87.0243
0,3.14159,3.14159,3.14159,3.14159,3.14159,3.14159
90,90,90,90,138.01,90,41.9896
179.257,254.84,0.378363,179.573,179.257,105.059,179.257
90,90,90,90,138.01,90,41.9896
359.257,285.16,359.622,180.427,359.257,74.9407,359.257
7
9.00076e-09,3.41892e-08,1.76671e-08,1.56671e-08,1.34541e-08,3.4865e-08,1.34541e-08
-76.6328,-98.065,-93.2905,-92.147,-87.0243,-97.665,-87.0243
0,3.14159,3.14159,3.14159,3.14159,3.14159,3.14159
90,90,90,90,138.01,90,41.9896
180.743,254.738,359.622,180.427,180.743,104.96,180.743
90,90,90,90,138.01,90,41.9896
0.742681,285.262,0.378363,179.573,0.742681,75.0404,0.742681
7
8.66745e-09,3.47804e-08,1.80004e-08,1.53338e-08,1.32335e-08,3.4103e-08,1.32335e-08
-76.3051,-98.2139,-93.4529,-91.9602,-86.8807,-97.4731,-86.8807
0,3.14159,3.14159,3.14159,3.14159,3.14159,3.14159
90,90,90,90,139.083,90,40.917
179.229,255.571,0.371356,179.564,179.229,104.722,179.229
90,90,90,90,139.083,90,40.917
359.229,284.429,359.629,180.436,359.229,75.2778,359.229
7
8.66745e-09,3.45545e-08,1.80004e-08,1.53338e-08,1.32335e-08,3.43287e-08,1.32335e-08
-76.3051,-98.1573,-93.4529,-91.9602,-86.8807,-97.5304,-86.8807
0,3.14159,3.14159,3.14159,3.14159,3.14159,3.14159
90,90,90,90,139.083,90,40.917
180.771,255.474,359.629,180.436,180.771,104.623,180.771
90,90,90,90,139.083,90,40.917
0.771243,284.526,0.371356,179.564,0.771243,75.3768,0.771243
7
8.67373e-09,3.43287e-08,1.80034e-08,1.53373e-08,1.32376e-08,3.45545e-08,1.32376e-08
-76.3113,-98.1004,-93.4543,-91.9622,-86.8834,-97.5873,-86.8834
0,3.14159,3.14159,3.14159,3.14159,3.14159,3.14159
90,90,90,90,139.063,90,40.9375
182.313,255.377,358.886,181.308,182.313,104.526,182.313
90,90,90,90,139.063,90,40.9375
2.31261,284.623,1.11394,178.692,2.31261,75.4745,2.31261
7
8.67373e-09,3.45545e-08,1.80034e-08,1.53373e-08,1.32376e-08,3.43287e-08,1.32376e-08
-76.3113,-98.1573,-93.4543,-91.9622,-86.8834,-97.5304,-86.8834
0,3.14159,3.14159,3.14159,3.14159,3.14159,3.14159
90,90,90,90,139.063,90,40.9375
177.687,255.474,1.11394,178.692,177.687,104.623,177.687
90,90,90,90,139.063,90,40.9375
357.687,284.526,358.886,181.308,357.687,75.3768,357.687
7
8.66745e-09,3.43287e-08,1.80004e-08,1.53338e-08,1.32335e-08,3.45545e-08,1.32335e-08
-76.3051,-98.1004,-93.4529,-91.9602,-86.8807,-97.5873,-86.8807
0,3.14159,3.14159,3.14159,3.14159,3.14159,3.14159
90,90,90,90,139.083,90,40.917
179.229,255.377,0.371356,179.564,179.229,104.526,179.229
90,90,90,90,139.083,90,40.917
359.229,284.623,359.629,180.436,359.229,75.4745,359.229
7
8.66745e-09,3.4103e-08,1.80004e-08,1.53338e-08,1.32335e-08,3.47804e-08,1.32335e-08
-76.3051,-98.0431,-93.4529,-91.9602,-86.8807,-97.6439,-86.8807
0,3.14159,3.14159,3.14159,3.14159,3.14159,3.14159
90,90,90,90,139.083,90,40.917
180.771,255.278,359.629,180.436,180.771,104.429,180.771
90,90,90,90,139.083,90,40.917
0.771243,284.722,0.371356,179.564,0.771243,75.5709,0.771243
7
8.33415e-09,3.46989e-08,1.83337e-08,1.50005e-08,1.30176e-08,3.40198e-08,1.30176e-08
-75.9644,-98.1935,-93.6122,-91.7693,-86.7378,-97.4518,-86.7378
0,3.14159,3.14159,3.14159,3.14159,3.14159,3.14159
90,90,90,90,140.192,90,39.8083
179.198,256.104,0.364605,179.554,179.198,104.179,179.198
90,90,90,90,140.192,90,39.8083
359.198,283.896,359.635,180.446,359.198,75.8208,359.198
7
8.33415e-09,3.44724e-08,1.83337e-08,1.50005e-08,1.30176e-08,3.4246e-08,1.30176e-08
-75.9644,-98.1367,-93.6122,-91.7693,-86.7378,-97.5094,-86.7378
0,3.14159,3.14159,3.14159,3.14159,3.14159,3.14159
90,90,90,90,140.192,90,39.8083
180.802,256.011,359.635,180.446,180.802,104.084,180.802
90,90,90,90,140.192,90,39.8083
0.802089,283.989,0.364605,179.554,0.802089,75.9164,0.802089
7
8.34068e-09,3.4246e-08,1.83367e-08,1.50041e-08,1.30218e-08,3.44724e-08,1.30218e-08
-75.9713,-98.0794,-93.6136,-91.7714,-86.7406,-97.5667,-86.7406
0,3.14159,3.14159,3.14159,3.14159,3.14159,3.14159
90,90,90,90,140.17,90,39.8304
182.405,255.916,358.906,181.337,182.405,103.989,182.405
90,90,90,90,140.17,90,39.8304
2.40501,284.084,1.0937,178.663,2.40501,76.0108,2.40501
7
8.34068e-09,3.44724e-08,1.83367e-08,1.50041e-08,1.30218e-08,3.4246e-08,1.30218e-08
-75.9713,-98.1367,-93.6136,-91.7714,-86.7406,-97.5094,-86.7406
0,3.14159,3.14159,3.14159,3.14159,3.14159,3.14159
90,90,90,90,140.17,90,39.8304
177.595,256.011,1.0937,178.663,177.595,104.084,177.595
90,90,90,90,140.17,90,39.8304
357.595,283.989,358.906,181.337,357.595,75.9164,357.595
7
8.33415e-09,3.4246e-08,1.83337e-08,1.50005e-08,1.30176e-08,3.44724e-08,1.30176e-08
-75.9644,-98.0794,-93.6122,-91.7693,-86.7378,-97.5667,-86.7378
0,3.14159,3.14159,3.14159,3.14159,3.14159,3.14159
90,90,90,90,140.192,90,39.8083
179.198,255.916,0.364605,179.554,179.198,103.989,179.198
90,90,90,90,140.192,90,39.8083
359.198,284.084,359.635,180.446,359.198,76.0108,359.198
7
8.33415e-09,3.40198e-08,1.83337e-08,1.50005e-08,1.30176e-08,3.46989e-08,1.30176e-08
-75.9644,-98.0218,-93.6122,-91.7693,-86.7378,-97.6235,-86.7378
0,3.14159,3.14159,3.14159,3.14159,3.14159,3.14159
90,90,90,90,140.192,90,39.8083
180.802,255.821,359.635,180.446,180.802,103.896,180.802
90,90,90,90,140.192,90,39.8083
0.802089,284.179,0.364605,179.554,0.802089,76.1039,0.802089
7
8.00085e-09,3.46203e-08,1.8667e-08,1.46671e-08,1.28068e-08,3.39397e-08,1.28068e-08
-75.6099,-98.1738,-93.7687,-91.5741,-86.596,-97.4314,-86.596
0,3.14159,3.14159,3.14159,3.14159,3.14159,3.14159
90,90,90,90,141.337,90,38.6628
179.164,256.639,0.358094,179.544,179.164,103.634,179.164
90,90,90,90,141.337,90,38.6628
359.164,283.361,359.642,180.456,359.164,76.3664,359.164
7
8.00085e-09,3.43933e-08,1.8667e-08,1.46671e-08,1.28068e-08,3.41665e-08,1.28068e-08
-75.6099,-98.1167,-93.7687,-91.5741,-86.596,-97.4892,-86.596
0,3.14159,3.14159,3.14159,3.14159,3.14159,3.14159
90,90,90,90,141.337,90,38.6628
180.836,256.55,359.642,180.456,180.836,103.541,180.836
90,90,90,90,141.337,90,38.6628
0.835504,283.45,0.358094,179.544,0.835504,76.4586,0.835504
7
8.00765e-09,3.41665e-08,1.86699e-08,1.46708e-08,1.2811e-08,3.43933e-08,1.2811e-08
-75.6173,-98.0592,-93.7701,-91.5763,-86.5989,-97.5467,-86.5989
0,3.14159,3.14159,3.14159,3.14159,3.14159,3.14159
90,90,90,90,141.313,90,38.6865
182.505,256.459,358.926,181.367,182.505,103.45,182.505
90,90,90,90,141.313,90,38.6865
2.50509,283.541,1.07417,178.633,2.50509,76.5496,2.50509
7
8.00765e-09,3.43933e-08,1.86699e-08,1.46708e-08,1.2811e-08,3.41665e-08,1.2811e-08
-75.6173,-98.1167,-93.7701,-91.5763,-86.5989,-97.4892,-86.5989
0,3.14159,3.14159,3.14159,3.14159,3.14159,3.14159
90,90,90,90,141.313,90,38.6865
177.495,256.55,1.07417,178.633,177.495,103.541,177.495
90,90,90,90,141.313,90,38.6865
357.495,283.45,358.926,181.367,357.495,76.4586,357.495
7
8.00085e-09,3.41665e-08,1.8667e-08,1.46671e-08,1.28068e-08,3.43933e-08,1.28068e-08
-75.6099,-98.0592,-93.7687,-91.5741,-86.596,-97.5467,-86.596
0,3.14159,3.14159,3.14159,3.14159,3.14159,3.14159
90,90,90,90,141.337,90,38.6628
179.164,256.459,0.358094,179.544,179.164,103.45,179.164
90,90,90,90,141.337,90,38.6628
359.164,283.541,359.642,180.456,359.164,76.5496,359.164
7
8.00085e-09,3.39397e-08,1.8667e-08,1.46671e-08,1.28068e-08,3.46203e-08,1.28068e-08
-75.6099,-98.0014,-93.7687,-91.5741,-86.596,-97.6038,-86.596
0,3.14159,3.14159,3.14159,3.14159,3.14159,3.14159
90,90,90,90,141.337,90,38.6628
180.836,256.366,359.642,180.456,180.836,103.361,180.836
90,90,90,90,141.337,90,38.6628
0.835504,283.634,0.358094,179.544,0.835504,76.6394,0.835504
7
7.66755e-09,3.45448e-08,1.90004e-08,1.43338e-08,1.26012e-08,3.38626e-08,1.26012e-08
-75.2404,-98.1549,-93.9225,-91.3745,-86.4555,-97.4116,-86.4555
0,3.14159,3.14159,3.14159,3.14159,3.14159,3.14159
90,90,90,90,142.521,90,37.4794
179.128,257.177,0.351812,179.534,179.128,103.086,179.128
90,90,90,90,142.521,90,37.4794
359.128,282.823,359.648,180.466,359.128,76.9145,359.128
7
7.66755e-09,3.43173e-08,1.90004e-08,1.43338e-08,1.26012e-08,3.409e-08,1.26012e-08
-75.2404,-98.0975,-93.9225,-91.3745,-86.4555,-97.4697,-86.4555
0,3.14159,3.14159,3.14159,3.14159,3.14159,3.14159
90,90,90,90,142.521,90,37.4794
180.872,257.091,359.648,180.466,180.872,102.997,180.872
90,90,90,90,142.521,90,37.4794
0.871825,282.909,0.351812,179.534,0.871825,77.0033,0.871825
7
7.67465e-09,3.409e-08,1.90032e-08,1.43376e-08,1.26056e-08,3.43173e-08,1.26056e-08
-75.2484,-98.0397,-93.9238,-91.3768,-86.4585,-97.5275,-86.4585
0,3.14159,3.14159,3.14159,3.14159,3.14159,3.14159
90,90,90,90,142.495,90,37.505
182.614,257.003,358.945,181.399,182.614,102.909,182.614
90,90,90,90,142.495,90,37.505
2.61386,282.997,1.05533,178.601,2.61386,77.0909,2.61386
7
7.67465e-09,3.43173e-08,1.90032e-08,1.43376e-08,1.26056e-08,3.409e-08,1.26056e-08
-75.2484,-98.0975,-93.9238,-91.3768,-86.4585,-97.4697,-86.4585
0,3.14159,3.14159,3.14159,3.14159,3.14159,3.14159
90,90,90,90,142.495,90,37.505
177.386,257.091,1.05533,178.601,177.386,102.997,177.386
90,90,90,90,142.495,90,37.505
357.386,282.909,358.945,181.399,357.386,77.0033,357.386
7
7.66755e-09,3.409e-08,1.90004e-08,1.43338e-08,1.26012e-08,3.43173e-08,1.26012e-08
-75.2404,-98.0397,-93.9225,-91.3745,-86.4555,-97.5275,-86.4555
0,3.14159,3.14159,3.14159,3.14159,3.14159,3.14159
90,90,90,90,142.521,90,37.4794
179.128,257.003,0.351812,179.534,179.128,102.909,179.128
90,90,90,90,142.521,90,37.4794
359.128,282.997,359.648,180.466,359.128,77.0909,359.128
7
7.66755e-09,3.38626e-08,1.90004e-08,1.43338e-08,1.26012e-08,3.45448e-08,1.26012e-08
-75.2404,-97.9816,-93.9225,-91.3745,-86.4555,-97.5849,-86.4555
0,3.14159,3.14159,3.14159,3.14159,3.14159,3.14159
90,90,90,90,142.521,90,37.4794
180.872,256.914,359.648,180.466,180.872,102.823,180.872
90,90,90,90,142.521,90,37.4794
0.871825,283.086,0.351812,179.534,0.871825,77.1774,0.871825
7
7.33426e-09,3.44724e-08,1.93337e-08,1.40005e-08,1.24013e-08,3.37887e-08,1.24013e-08
-74.8543,-98.1366,-94.0735,-91.1701,-86.3165,-97.3927,-86.3165
0,3.14159,3.14159,3.14159,3.14159,3.14159,3.14159
90,90,90,90,143.743,90,36.2573
179.089,257.718,0.345746,179.523,179.089,102.535,179.089
90,90,90,90,143.743,90,36.2573
359.089,282.282,359.654,180.477,359.089,77.4651,359.089
7
7.33426e-09,3.42444e-08,1.93337e-08,1.40005e-08,1.24013e-08,3.40165e-08,1.24013e-08
-74.8543,-98.079,-94.0735,-91.1701,-86.3165,-97.451,-86.3165
0,3.14159,3.14159,3.14159,3.14159,3.14159,3.14159
90,90,90,90,143.743,90,36.2573
180.911,257.635,359.654,180.477,180.911,102.45,180.911
90,90,90,90,143.743,90,36.2573
0.911447,282.365,0.345746,179.523,0.911447,77.5504,0.911447
7
7.34168e-09,3.40165e-08,1.93365e-08,1.40044e-08,1.24057e-08,3.42444e-08,1.24057e-08
-74.8631,-98.021,-94.0748,-91.1725,-86.3196,-97.509,-86.3196
0,3.14159,3.14159,3.14159,3.14159,3.14159,3.14159
90,90,90,90,143.715,90,36.2849
182.732,257.55,358.963,181.432,182.732,102.365,182.732
90,90,90,90,143.715,90,36.2849
2.7325,282.45,1.03714,178.568,2.7325,77.6345,2.7325
7
7.34168e-09,3.42444e-08,1.93365e-08,1.40044e-08,1.24057e-08,3.40165e-08,1.24057e-08
-74.8631,-98.079,-94.0748,-91.1725,-86.3196,-97.451,-86.3196
0,3.14159,3.14159,3.14159,3.14159,3.14159,3.14159
90,90,90,90,143.715,90,36.2849
177.268,257.635,1.03714,178.568,177.268,102.45,177.268
90,90,90,90,143.715,90,36.2849
357.268,282.365,358.963,181.432,357.268,77.5504,357.268
7
7.33426e-09,3.40165e-08,1.93337e-08,1.40005e-08,1.24013e-08,3.42444e-08,1.24013e-08
-74.8543,-98.021,-94.0735,-91.1701,-86.3165,-97.509,-86.3165
0,3.14159,3.14159,3.14159,3.14159,3.14159,3.14159
90,90,90,90,143.743,90,36.2573
179.089,257.55,0.345746,179.523,179.089,102.365,179.089
90,90,90,90,143.743,90,36.2573
359.089,282.45,359.654,180.477,359.089,77.6345,359.089
7
7.33426e-09,3.37887e-08,1.93337e-08,1.40005e-08,1.24013e-08,3.44724e-08,1.24013e-08
-74.8543,-97.9627,-94.0735,-91.1701,-86.3165,-97.5666,-86.3165
0,3.14159,3.14159,3.14159,3.14159,3.14159,3.14159
90,90,90,90,143.743,90,36.2573
180.911,257.465,359.654,180.477,180.911,102.282,180.911
90,90,90,90,143.743,90,36.2573
0.911447,282.535,0.345746,179.523,0.911447,77.7176,0.911447
7
7.00097e-09,3.4403e-08,1.9667e-08,1.36672e-08,1.22071e-08,3.3718e-08,1.22071e-08
-74.4504,-98.1192,-94.222,-90.9608,-86.1795,-97.3744,-86.1795
0,3.14159,3.14159,3.14159,3.14159,3.14159,3.14159
90,90,90,90,145.004,90,34.9958
179.045,258.26,0.339886,179.511,179.045,101.982,179.045
90,90,90,90,145.004,90,34.9958
359.045,281.74,359.66,180.489,359.045,78.018,359.045
7
7.00097e-09,3.41746e-08,1.9667e-08,1.36672e-08,1.22071e-08,3.39462e-08,1.22071e-08
-74.4504,-98.0613,-94.222,-90.9608,-86.1795,-97.4331,-86.1795
0,3.14159,3.14159,3.14159,3.14159,3.14159,3.14159
90,90,90,90,145.004,90,34.9958
180.955,258.18,359.66,180.489,180.955,101.9,180.955
90,90,90,90,145.004,90,34.9958
0.954841,281.82,0.339886,179.511,0.954841,78.0998,0.954841
7
7.00874e-09,3.39462e-08,1.96698e-08,1.36711e-08,1.22116e-08,3.41746e-08,1.22116e-08
-74.46,-98.0031,-94.2232,-90.9633,-86.1827,-97.4913,-86.1827
0,3.14159,3.14159,3.14159,3.14159,3.14159,3.14159
90,90,90,90,144.974,90,35.0256
182.862,258.1,358.98,181.467,182.862,101.82,182.862
90,90,90,90,144.974,90,35.0256
2.86241,281.9,1.01956,178.533,2.86241,78.1804,2.86241
7
7.00874e-09,3.41746e-08,1.96698e-08,1.36711e-08,1.22116e-08,3.39462e-08,1.22116e-08
-74.46,-98.0613,-94.2232,-90.9633,-86.1827,-97.4331,-86.1827
0,3.14159,3.14159,3.14159,3.14159,3.14159,3.14159
90,90,90,90,144.974,90,35.0256
177.138,258.18,1.01956,178.533,177.138,101.9,177.138
90,90,90,90,144.974,90,35.0256
357.138,281.82,358.98,181.467,357.138,78.0998,357.138
7
7.00097e-09,3.39462e-08,1.9667e-08,1.36672e-08,1.22071e-08,3.41746e-08,1.22071e-08
-74.4504,-98.0031,-94.222,-90.9608,-86.1795,-97.4913,-86.1795
0,3.14159,3.14159,3.14159,3.14159,3.14159,3.14159
90,90,90,90,145.004,90,34.9958
179.045,258.1,0.339886,179.511,179.045,101.82,179.045
90,90,90,90,145.004,90,34.9958
359.045,281.9,359.66,180.489,359.045,78.1804,359.045
7
7.00097e-09,3.3718e-08,1.9667e-08,1.36672e-08,1.22071e-08,3.4403e-08,1.22071e-08
-74.4504,-97.9444,-94.222,-90.9608,-86.1795,-97.5492,-86.1795
0,3.14159,3.14159,3.14159,3.14159,3.14159,3.14159
90,90,90,90,145.004,90,34.9958
180.955,258.018,359.66,180.489,180.955,101.74,180.955
90,90,90,90,145.004,90,34.9958
0.954841,281.982,0.339886,179.511,0.954841,78.26,0.954841
7
6.66769e-09,3.43367e-08,2.00003e-08,1.33338e-08,1.20191e-08,3.36503e-08,1.20191e-08
-74.0267,-98.1024,-94.368,-90.7463,-86.0446,-97.357,-86.0446
0,3.14159,3.14159,3.14159,3.14159,3.14159,3.14159
90,90,90,90,146.306,90,33.6941
178.997,258.805,0.334222,179.499,178.997,101.427,178.997
90,90,90,90,146.306,90,33.6941
358.997,281.195,359.666,180.501,358.997,78.5732,358.997
7
6.66769e-09,3.41079e-08,2.00003e-08,1.33338e-08,1.20191e-08,3.38791e-08,1.20191e-08
-74.0267,-98.0443,-94.368,-90.7463,-86.0446,-97.4159,-86.0446
0,3.14159,3.14159,3.14159,3.14159,3.14159,3.14159
90,90,90,90,146.306,90,33.6941
181.003,258.729,359.666,180.501,181.003,101.349,181.003
90,90,90,90,146.306,90,33.6941
1.00257,281.271,0.334222,179.499,1.00257,78.6514,1.00257
7
6.67585e-09,3.38791e-08,2.00031e-08,1.33379e-08,1.20236e-08,3.41079e-08,1.20236e-08
-74.0374,-97.9859,-94.3692,-90.749,-86.0479,-97.4743,-86.0479
0,3.14159,3.14159,3.14159,3.14159,3.14159,3.14159
90,90,90,90,146.274,90,33.7265
183.005,258.651,358.997,181.504,183.005,101.271,183.005
90,90,90,90,146.274,90,33.7265
3.00527,281.349,1.00257,178.496,3.00527,78.7285,3.00527
7
6.67585e-09,3.41079e-08,2.00031e-08,1.33379e-08,1.20236e-08,3.38791e-08,1.20236e-08
-74.0374,-98.0443,-94.3692,-90.749,-86.0479,-97.4159,-86.0479
0,3.14159,3.14159,3.14159,3.14159,3.14159,3.14159
90,90,90,90,146.274,90,33.7265
176.995,258.729,1.00257,178.496,176.995,101.349,176.995
90,90,90,90,146.274,90,33.7265
356.995,281.271,358.997,181.504,356.995,78.6514,356.995
7
6.66769e-09,3.38791e-08,2.00003e-08,1.33338e-08,1.20191e-08,3.41079e-08,1.20191e-08
-74.0267,-97.9859,-94.368,-90.7463,-86.0446,-97.4743,-86.0446
0,3.14159,3.14159,3.14159,3.14159,3.14159,3.14159
90,90,90,90,146.306,90,33.6941
178.997,258.651,0.334222,179.499,178.997,101.271,178.997
90,90,90,90,146.306,90,33.6941
358.997,281.349,359.666,180.501,358.997,78.7285,358.997
7
6.66769e-09,3.36503e-08,2.00003e-08,1.33338e-08,1.20191e-08,3.43367e-08,1.20191e-08
-74.0267,-97.927,-94.368,-90.7463,-86.0446,-97.5324,-86.0446
0,3.14159,3.14159,3.14159,3.14159,3.14159,3.14159
90,90,90,90,146.306,90,33.6941
181.003,258.573,359.666,180.501,181.003,101.195,181.003
90,90,90,90,146.306,90,33.6941
1.00257,281.427,0.334222,179.499,1.00257,78.8046,1.00257
7
6.33441e-09,3.42736e-08,2.03337e-08,1.30005e-08,1.18374e-08,3.35859e-08,1.18374e-08
-73.5813,-98.0864,-94.5115,-90.5264,-85.9124,-97.3404,-85.9124
0,3.14159,3.14159,3.14159,3.14159,3.14159,3.14159
90,90,90,90,147.648,90,32.3518
178.945,259.351,0.328743,179.486,178.945,100.869,178.945
90,90,90,90,147.648,90,32.3518
358.945,280.649,359.671,180.514,358.945,79.1306,358.945
7
6.33441e-09,3.40443e-08,2.03337e-08,1.30005e-08,1.18374e-08,3.38151e-08,1.18374e-08
-73.5813,-98.0281,-94.5115,-90.5264,-85.9124,-97.3994,-85.9124
0,3.14159,3.14159,3.14159,3.14159,3.14159,3.14159
90,90,90,90,147.648,90,32.3518
181.055,259.279,359.671,180.514,181.055,100.795,181.055
90,90,90,90,147.648,90,32.3518
1.05533,280.721,0.328743,179.486,1.05533,79.2051,1.05533
7
6.343e-09,3.38151e-08,2.03363e-08,1.30047e-08,1.1842e-08,3.40443e-08,1.1842e-08
-73.5931,-97.9694,-94.5127,-90.5292,-85.9157,-97.4581,-85.9157
0,3.14159,3.14159,3.14159,3.14159,3.14159,3.14159
90,90,90,90,147.613,90,32.3869
183.163,259.205,359.014,181.542,183.163,100.721,183.163
90,90,90,90,147.613,90,32.3869
3.16313,280.795,0.986141,178.458,3.16313,79.2787,3.16313
7
6.343e-09,3.40443e-08,2.03363e-08,1.30047e-08,1.1842e-08,3.38151e-08,1.1842e-08
-73.5931,-98.0281,-94.5127,-90.5292,-85.9157,-97.3994,-85.9157
0,3.14159,3.14159,3.14159,3.14159,3.14159,3.14159
90,90,90,90,147.613,90,32.3869
176.837,259.279,0.986141,178.458,176.837,100.795,176.837
90,90,90,90,147.613,90,32.3869
356.837,280.721,359.014,181.542,356.837,79.2051,356.837
7
6.33441e-09,3.38151e-08,2.03337e-08,1.30005e-08,1.18374e-08,3.40443e-08,1.18374e-08
-73.5813,-97.9694,-94.5115,-90.5264,-85.9124,-97.4581,-85.9124
0,3.14159,3.14159,3.14159,3.14159,3.14159,3.14159
90,90,90,90,147.648,90,32.3518
178.945,259.205,0.328743,179.486,178.945,100.721,178.945
90,90,90,90,147.648,90,32.3518
358.945,280.795,359.671,180.514,358.945,79.2787,358.945
7
6.33441e-09,3.35859e-08,2.03337e-08,1.30005e-08,1.18374e-08,3.42736e-08,1.18374e-08
-73.5813,-97.9104,-94.5115,-90.5264,-85.9124,-97.5164,-85.9124
0,3.14159,3.14159,3.14159,3.14159,3.14159,3.14159
90,90,90,90,147.648,90,32.3518
181.055,259.131,359.671,180.514,181.055,100.649,181.055
90,90,90,90,147.648,90,32.3518
1.05533,280.869,0.328743,179.486,1.05533,79.3512,1.05533
7
6.00113e-09,3.42135e-08,2.0667e-08,1.26672e-08,1.16625e-08,3.35246e-08,1.16625e-08
-73.1119,-98.0712,-94.6528,-90.3008,-85.783,-97.3245,-85.783
0,3.14159,3.14159,3.14159,3.14159,3.14159,3.14159
90,90,90,90,149.031,90,30.9685
178.886,259.9,0.32344,179.472,178.886,100.31,178.886
90,90,90,90,149.031,90,30.9685
358.886,280.1,359.677,180.528,358.886,79.6901,358.886
7
6.00113e-09,3.39839e-08,2.0667e-08,1.26672e-08,1.16625e-08,3.37542e-08,1.16625e-08
-73.1119,-98.0127,-94.6528,-90.3008,-85.783,-97.3838,-85.783
0,3.14159,3.14159,3.14159,3.14159,3.14159,3.14159
90,90,90,90,149.031,90,30.9685
181.114,259.831,359.677,180.528,181.114,100.239,181.114
90,90,90,90,149.031,90,30.9685
1.11394,280.169,0.32344,179.472,1.11394,79.7609,1.11394
7
6.0102e-09,3.37542e-08,2.06696e-08,1.26715e-08,1.16672e-08,3.39839e-08,1.16672e-08
-73.125,-97.9538,-94.6539,-90.3038,-85.7865,-97.4427,-85.7865
0,3.14159,3.14159,3.14159,3.14159,3.14159,3.14159
90,90,90,90,148.993,90,31.0067
183.338,259.761,359.03,181.583,183.338,100.169,183.338
90,90,90,90,148.993,90,31.0067
3.33847,280.239,0.970239,178.417,3.33847,79.8309,3.33847
7
6.0102e-09,3.39839e-08,2.06696e-08,1.26715e-08,1.16672e-08,3.37542e-08,1.16672e-08
-73.125,-98.0127,-94.6539,-90.3038,-85.7865,-97.3838,-85.7865
0,3.14159,3.14159,3.14159,3.14159,3.14159,3.14159
90,90,90,90,148.993,90,31.0067
176.662,259.831,0.970239,178.417,176.662,100.239,176.662
90,90,90,90,148.993,90,31.0067
356.662,280.169,359.03,181.583,356.662,79.7609,356.662
7
6.00113e-09,3.37542e-08,2.0667e-08,1.26672e-08,1.16625e-08,3.39839e-08,1.16625e-08
-73.1119,-97.9538,-94.6528,-90.3008,-85.783,-97.4427,-85.783
0,3.14159,3.14159,3.14159,3.14159,3.14159,3.14159
90,90,90,90,149.031,90,30.9685
178.886,259.761,0.32344,179.472,178.886,100.169,178.886
90,90,90,90,149.031,90,30.9685
358.886,280.239,359.677,180.528,358.886,79.8309,358.886
7
6.00113e-09,3.35246e-08,2.0667e-08,1.26672e-08,1.16625e-08,3.42135e-08,1.16625e-08
-73.1119,-97.8945,-94.6528,-90.3008,-85.783,-97.5012,-85.783
0,3.14159,3.14159,3.14159,3.14159,3.14159,3.14159
90,90,90,90,149.031,90,30.9685
181.114,259.69,359.677,180.528,181.114,100.1,181.114
90,90,90,90,149.031,90,30.9685
1.11394,280.31,0.32344,179.472,1.11394,79.8999,1.11394
7
5.66787e-09,3.41567e-08,2.10003e-08,1.23339e-08,1.14946e-08,3.34666e-08,1.14946e-08
-72.6156,-98.0567,-94.7917,-90.0692,-85.6571,-97.3094,-85.6571
0,3.14159,3.14159,3.14159,3.14159,3.14159,3.14159
90,90,90,90,150.456,90,29.544
178.821,260.45,0.318307,179.458,178.821,99.7485,178.821
90,90,90,90,150.456,90,29.544
358.821,279.55,359.682,180.542,358.821,80.2515,358.821
7
5.66787e-09,3.39266e-08,2.10003e-08,1.23339e-08,1.14946e-08,3.36966e-08,1.14946e-08
-72.6156,-97.998,-94.7917,-90.0692,-85.6571,-97.3689,-85.6571
0,3.14159,3.14159,3.14159,3.14159,3.14159,3.14159
90,90,90,90,150.456,90,29.544
181.179,260.385,359.682,180.542,181.179,99.6813,181.179
90,90,90,90,150.456,90,29.544
1.17945,279.615,0.318307,179.458,1.17945,80.3187,1.17945
7
5.67747e-09,3.36966e-08,2.10029e-08,1.23383e-08,1.14993e-08,3.39266e-08,1.14993e-08
-72.6303,-97.9389,-94.7928,-90.0723,-85.6606,-97.428,-85.6606
0,3.14159,3.14159,3.14159,3.14159,3.14159,3.14159
90,90,90,90,150.414,90,29.5856
183.534,260.319,359.045,181.626,183.534,99.615,183.534
90,90,90,90,150.414,90,29.5856
3.53437,279.681,0.954841,178.374,3.53437,80.385,3.53437
7
5.67747e-09,3.39266e-08,2.10029e-08,1.23383e-08,1.14993e-08,3.36966e-08,1.14993e-08
-72.6303,-97.998,-94.7928,-90.0723,-85.6606,-97.3689,-85.6606
0,3.14159,3.14159,3.14159,3.14159,3.14159,3.14159
90,90,90,90,150.414,90,29.5856
176.466,260.385,0.954841,178.374,176.466,99.6813,176.466
90,90,90,90,150.414,90,29.5856
356.466,279.615,359.045,181.626,356.466,80.3187,356.466
7
5.66787e-09,3.36966e-08,2.10003e-08,1.23339e-08,1.14946e-08,3.39266e-08,1.14946e-08
-72.6156,-97.9389,-94.7917,-90.0692,-85.6571,-97.428,-85.6571
0,3.14159,3.14159,3.14159,3.14159,3.14159,3.14159
90,90,90,90,150.456,90,29.544
178.821,260.319,0.318307,179.458,178.821,99.615,178.821
90,90,90,90,150.456,90,29.544
358.821,279.681,359.682,180.542,358.821,80.385,358.821
7
5.66787e-09,3.34666e-08,2.10003e-08,1.23339e-08,1.14946e-08,3.41567e-08,1.14946e-08
-72.6156,-97.8794,-94.7917,-90.0692,-85.6571,-97.4867,-85.6571
0,3.14159,3.14159,3.14159,3.14159,3.14159,3.14159
90,90,90,90,150.456,90,29.544
181.179,260.252,359.682,180.542,181.179,99.5496,181.179
90,90,90,90,150.456,90,29.544
1.17945,279.748,0.318307,179.458,1.17945,80.4504,1.17945
7
5.33461e-09,3.4103e-08,2.13337e-08,1.20006e-08,1.13339e-08,3.34117e-08,1.13339e-08
-72.0893,-98.0431,-94.9285,-89.8313,-85.5348,-97.2952,-85.5348
0,3.14159,3.14159,3.14159,3.14159,3.14159,3.14159
90,90,90,90,151.922,90,28.0782
178.747,261.003,0.313333,179.443,178.747,99.1851,178.747
90,90,90,90,151.922,90,28.0782
358.747,278.997,359.687,180.557,358.747,80.8149,358.747
7
5.33461e-09,3.38725e-08,2.13337e-08,1.20006e-08,1.13339e-08,3.36421e-08,1.13339e-08
-72.0893,-97.9842,-94.9285,-89.8313,-85.5348,-97.3549,-85.5348
0,3.14159,3.14159,3.14159,3.14159,3.14159,3.14159
90,90,90,90,151.922,90,28.0782
181.253,260.941,359.687,180.557,181.253,99.1217,181.253
90,90,90,90,151.922,90,28.0782
1.25315,279.059,0.313333,179.443,1.25315,80.8783,1.25315
7
5.34481e-09,3.36421e-08,2.13362e-08,1.20051e-08,1.13387e-08,3.38725e-08,1.13387e-08
-72.1059,-97.9249,-94.9296,-89.8345,-85.5385,-97.4142,-85.5385
0,3.14159,3.14159,3.14159,3.14159,3.14159,3.14159
90,90,90,90,151.876,90,28.1236
183.755,260.878,359.06,181.671,183.755,99.0591,183.755
90,90,90,90,151.876,90,28.1236
3.75465,279.122,0.939925,178.329,3.75465,80.9409,3.75465
7
5.34481e-09,3.38725e-08,2.13362e-08,1.20051e-08,1.13387e-08,3.36421e-08,1.13387e-08
-72.1059,-97.9842,-94.9296,-89.8345,-85.5385,-97.3549,-85.5385
0,3.14159,3.14159,3.14159,3.14159,3.14159,3.14159
90,90,90,90,151.876,90,28.1236
176.245,260.941,0.939925,178.329,176.245,99.1217,176.245
90,90,90,90,151.876,90,28.1236
356.245,279.059,359.06,181.671,356.245,80.8783,356.245
7
5.33461e-09,3.36421e-08,2.13337e-08,1.20006e-08,1.13339e-08,3.38725e-08,1.13339e-08
-72.0893,-97.9249,-94.9285,-89.8313,-85.5348,-97.4142,-85.5348
0,3.14159,3.14159,3.14159,3.14159,3.14159,3.14159
90,90,90,90,151.922,90,28.0782
178.747,260.878,0.313333,179.443,178.747,99.0591,178.747
90,90,90,90,151.922,90,28.0782
358.747,279.122,359.687,180.557,358.747,80.9409,358.747
7
5.33461e-09,3.34117e-08,2.13337e-08,1.20006e-08,1.13339e-08,3.4103e-08,1.13339e-08
-72.0893,-97.8652,-94.9285,-89.8313,-85.5348,-97.4731,-85.5348
0,3.14159,3.14159,3.14159,3.14159,3.14159,3.14159
90,90,90,90,151.922,90,28.0782
181.253,260.815,359.687,180.557,181.253,98.9974,181.253
90,90,90,90,151.922,90,28.0782
1.25315,279.185,0.313333,179.443,1.25315,81.0026,1.25315
7
5.00136e-09,3.40524e-08,2.1667e-08,1.16672e-08,1.11809e-08,3.33602e-08,1.11809e-08
-71.529,-98.0302,-95.0632,-89.5866,-85.4168,-97.2818,-85.4168
0,3.14159,3.14159,3.14159,3.14159,3.14159,3.14159
90,90,90,90,153.429,90,26.5713
178.663,261.557,0.308513,179.427,178.663,98.6199,178.663
90,90,90,90,153.429,90,26.5713
358.663,278.443,359.691,180.573,358.663,81.3801,358.663
7
5.00136e-09,3.38216e-08,2.1667e-08,1.16672e-08,1.11809e-08,3.35909e-08,1.11809e-08
-71.529,-97.9711,-95.0632,-89.5866,-85.4168,-97.3416,-85.4168
0,3.14159,3.14159,3.14159,3.14159,3.14159,3.14159
90,90,90,90,153.429,90,26.5713
181.337,261.499,359.691,180.573,181.337,98.5603,181.337
90,90,90,90,153.429,90,26.5713
1.33666,278.501,0.308513,179.427,1.33666,81.4397,1.33666
7
5.01224e-09,3.35909e-08,2.16695e-08,1.16719e-08,1.11858e-08,3.38216e-08,1.11858e-08
-71.5479,-97.9116,-95.0642,-89.5901,-85.4206,-97.4011,-85.4206
0,3.14159,3.14159,3.14159,3.14159,3.14159,3.14159
90,90,90,90,153.379,90,26.6211
184.004,261.44,359.075,181.718,184.004,98.5014,184.004
90,90,90,90,153.379,90,26.6211
4.00417,278.56,0.925467,178.282,4.00417,81.4986,4.00417
7
5.01224e-09,3.38216e-08,2.16695e-08,1.16719e-08,1.11858e-08,3.35909e-08,1.11858e-08
-71.5479,-97.9711,-95.0642,-89.5901,-85.4206,-97.3416,-85.4206
0,3.14159,3.14159,3.14159,3.14159,3.14159,3.14159
90,90,90,90,153.379,90,26.6211
175.996,261.499,0.925467,178.282,175.996,98.5603,175.996
90,90,90,90,153.379,90,26.6211
355.996,278.501,359.075,181.718,355.996,81.4397,355.996
7
5.00136e-09,3.35909e-08,2.1667e-08,1.16672e-08,1.11809e-08,3.38216e-08,1.11809e-08
-71.529,-97.9116,-95.0632,-89.5866,-85.4168,-97.4011,-85.4168
0,3.14159,3.14159,3.14159,3.14159,3.14159,3.14159
90,90,90,90,153.429,90,26.5713
178.663,261.44,0.308513,179.427,178.663,98.5014,178.663
90,90,90,90,153.429,90,26.5713
358.663,278.56,359.691,180.573,358.663,81.4986,358.663
7
5.00136e-09,3.33602e-08,2.1667e-08,1.16672e-08,1.11809e-08,3.40524e-08,1.11809e-08
-71.529,-97.8518,-95.0632,-89.5866,-85.4168,-97.4602,-85.4168
0,3.14159,3.14159,3.14159,3.14159,3.14159,3.14159
90,90,90,90,153.429,90,26.5713
181.337,261.38,359.691,180.573,181.337,98.4434,181.337
90,90,90,90,153.429,90,26.5713
1.33666,278.62,0.308513,179.427,1.33666,81.5566,1.33666
7
4.66812e-09,3.40051e-08,2.20003e-08,1.13339e-08,1.10359e-08,3.33118e-08,1.10359e-08
-70.9301,-98.0181,-95.1958,-89.3348,-85.3034,-97.2692,-85.3034
0,3.14159,3.14159,3.14159,3.14159,3.14159,3.14159
90,90,90,90,154.976,90,25.0238
178.568,262.112,0.303838,179.41,178.568,98.0531,178.568
90,90,90,90,154.976,90,25.0238
358.568,277.888,359.696,180.59,358.568,81.9469,358.568
7
4.66812e-09,3.3774e-08,2.20003e-08,1.13339e-08,1.10359e-08,3.35429e-08,1.10359e-08
-70.9301,-97.9589,-95.1958,-89.3348,-85.3034,-97.3292,-85.3034
0,3.14159,3.14159,3.14159,3.14159,3.14159,3.14159
90,90,90,90,154.976,90,25.0238
181.432,262.058,359.696,180.59,181.432,97.9972,181.432
90,90,90,90,154.976,90,25.0238
1.4321,277.942,0.303838,179.41,1.4321,82.0028,1.4321
7
4.67977e-09,3.35429e-08,2.20028e-08,1.13387e-08,1.10408e-08,3.3774e-08,1.10408e-08
-70.9517,-97.8992,-95.1968,-89.3385,-85.3073,-97.3889,-85.3073
0,3.14159,3.14159,3.14159,3.14159,3.14159,3.14159
90,90,90,90,154.921,90,25.0785
184.289,262.003,359.089,181.769,184.289,97.9422,184.289
90,90,90,90,154.921,90,25.0785
4.28915,277.997,0.911447,178.231,4.28915,82.0578,4.28915
7
4.67977e-09,3.3774e-08,2.20028e-08,1.13387e-08,1.10408e-08,3.35429e-08,1.10408e-08
-70.9517,-97.9589,-95.1968,-89.3385,-85.3073,-97.3292,-85.3073
0,3.14159,3.14159,3.14159,3.14159,3.14159,3.14159
90,90,90,90,154.921,90,25.0785
175.711,262.058,0.911447,178.231,175.711,97.9972,175.711
90,90,90,90,154.921,90,25.0785
355.711,277.942,359.089,181.769,355.711,82.0028,355.711
7
4.66812e-09,3.35429e-08,2.20003e-08,1.13339e-08,1.10359e-08,3.3774e-08,1.10359e-08
-70.9301,-97.8992,-95.1958,-89.3348,-85.3034,-97.3889,-85.3034
0,3.14159,3.14159,3.14159,3.14159,3.14159,3.14159
90,90,90,90,154.976,90,25.0238
178.568,262.003,0.303838,179.41,178.568,97.9422,178.568
90,90,90,90,154.976,90,25.0238
358.568,277.997,359.696,180.59,358.568,82.0578,358.568
7
4.66812e-09,3.33118e-08,2.20003e-08,1.13339e-08,1.10359e-08,3.40051e-08,1.10359e-08
-70.9301,-97.8392,-95.1958,-89.3348,-85.3034,-97.4481,-85.3034
0,3.14159,3.14159,3.14159,3.14159,3.14159,3.14159
90,90,90,90,154.976,90,25.0238
181.432,261.947,359.696,180.59,181.432,97.8878,181.432
90,90,90,90,154.976,90,25.0238
1.4321,278.053,0.303838,179.41,1.4321,82.1122,1.4321
7
4.3349e-09,3.39609e-08,2.23336e-08,1.10006e-08,1.08991e-08,3.32668e-08,1.08991e-08
-70.2868,-98.0068,-95.3264,-89.0756,-85.1951,-97.2574,-85.1951
0,3.14159,3.14159,3.14159,3.14159,3.14159,3.14159
90,90,90,90,156.564,90,23.4363
178.458,262.669,0.299304,179.392,178.458,97.4846,178.458
90,90,90,90,156.564,90,23.4363
358.458,277.331,359.701,180.608,358.458,82.5154,358.458
7
4.3349e-09,3.37295e-08,2.23336e-08,1.10006e-08,1.08991e-08,3.34981e-08,1.08991e-08
-70.2868,-97.9474,-95.3264,-89.0756,-85.1951,-97.3176,-85.1951
0,3.14159,3.14159,3.14159,3.14159,3.14159,3.14159
90,90,90,90,156.564,90,23.4363
181.542,262.619,359.701,180.608,181.542,97.4326,181.542
90,90,90,90,156.564,90,23.4363
1.54221,277.381,0.299304,179.392,1.54221,82.5674,1.54221
7
4.34744e-09,3.34981e-08,2.23361e-08,1.10056e-08,1.09041e-08,3.37295e-08,1.09041e-08
-70.3119,-97.8876,-95.3274,-89.0795,-85.1991,-97.3774,-85.1991
0,3.14159,3.14159,3.14159,3.14159,3.14159,3.14159
90,90,90,90,156.503,90,23.4967
184.618,262.567,359.102,181.822,184.618,97.3814,184.618
90,90,90,90,156.503,90,23.4967
4.61771,277.433,0.897845,178.178,4.61771,82.6186,4.61771
7
4.34744e-09,3.37295e-08,2.23361e-08,1.10056e-08,1.09041e-08,3.34981e-08,1.09041e-08
-70.3119,-97.9474,-95.3274,-89.0795,-85.1991,-97.3176,-85.1991
0,3.14159,3.14159,3.14159,3.14159,3.14159,3.14159
90,90,90,90,156.503,90,23.4967
175.382,262.619,0.897845,178.178,175.382,97.4326,175.382
90,90,90,90,156.503,90,23.4967
355.382,277.381,359.102,181.822,355.382,82.5674,355.382
7
4.3349e-09,3.34981e-08,2.23336e-08,1.10006e-08,1.08991e-08,3.37295e-08,1.08991e-08
-70.2868,-97.8876,-95.3264,-89.0756,-85.1951,-97.3774,-85.1951
0,3.14159,3.14159,3.14159,3.14159,3.14159,3.14159
90,90,90,90,156.564,90,23.4363
178.458,262.567,0.299304,179.392,178.458,97.3814,178.458
90,90,90,90,156.564,90,23.4363
358.458,277.433,359.701,180.608,358.458,82.6186,358.458
7
4.3349e-09,3.32668e-08,2.23336e-08,1.10006e-08,1.08991e-08,3.39609e-08,1.08991e-08
-70.2868,-97.8274,-95.3264,-89.0756,-85.1951,-97.4368,-85.1951
0,3.14159,3.14159,3.14159,3.14159,3.14159,3.14159
90,90,90,90,156.564,90,23.4363
181.542,262.515,359.701,180.608,181.542,97.3308,181.542
90,90,90,90,156.564,90,23.4363
1.54221,277.485,0.299304,179.392,1.54221,82.6692,1.54221
7
4.0017e-09,3.392e-08,2.2667e-08,1.06673e-08,1.0771e-08,3.3225e-08,1.0771e-08
-69.5921,-97.9963,-95.4551,-88.8083,-85.0923,-97.2465,-85.0923
0,3.14159,3.14159,3.14159,3.14159,3.14159,3.14159
90,90,90,90,158.19,90,21.8098
178.329,263.228,0.294902,179.373,178.329,96.9147,178.329
90,90,90,90,158.19,90,21.8098
358.329,276.772,359.705,180.627,358.329,83.0853,358.329
7
4.0017e-09,3.36883e-08,2.2667e-08,1.06673e-08,1.0771e-08,3.34566e-08,1.0771e-08
-69.5921,-97.9368,-95.4551,-88.8083,-85.0923,-97.3069,-85.0923
0,3.14159,3.14159,3.14159,3.14159,3.14159,3.14159
90,90,90,90,158.19,90,21.8098
181.671,263.181,359.705,180.627,181.671,96.8666,181.671
90,90,90,90,158.19,90,21.8098
1.67065,276.819,0.294902,179.373,1.67065,83.1334,1.67065
7
4.01528e-09,3.34566e-08,2.26694e-08,1.06724e-08,1.0776e-08,3.36883e-08,1.0776e-08
-69.6215,-97.8769,-95.456,-88.8125,-85.0964,-97.3668,-85.0964
0,3.14159,3.14159,3.14159,3.14159,3.14159,3.14159
90,90,90,90,158.123,90,21.8769
185.001,263.133,359.115,181.879,185.001,96.8191,185.001
90,90,90,90,158.123,90,21.8769
5.00064,276.867,0.884644,178.121,5.00064,83.1809,5.00064
7
4.01528e-09,3.36883e-08,2.26694e-08,1.06724e-08,1.0776e-08,3.34566e-08,1.0776e-08
-69.6215,-97.9368,-95.456,-88.8125,-85.0964,-97.3069,-85.0964
0,3.14159,3.14159,3.14159,3.14159,3.14159,3.14159
90,90,90,90,158.123,90,21.8769
174.999,263.181,0.884644,178.121,174.999,96.8666,174.999
90,90,90,90,158.123,90,21.8769
354.999,276.819,359.115,181.879,354.999,83.1334,354.999
7
4.0017e-09,3.34566e-08,2.2667e-08,1.06673e-08,1.0771e-08,3.36883e-08,1.0771e-08
-69.5921,-97.8769,-95.4551,-88.8083,-85.0923,-97.3668,-85.0923
0,3.14159,3.14159,3.14159,3.14159,3.14159,3.14159
90,90,90,90,158.19,90,21.8098
178.329,263.133,0.294902,179.373,178.329,96.8191,178.329
90,90,90,90,158.19,90,21.8098
358.329,276.867,359.705,180.627,358.329,83.1809,358.329
7
4.0017e-09,3.3225e-08,2.2667e-08,1.06673e-08,1.0771e-08,3.392e-08,1.0771e-08
-69.5921,-97.8165,-95.4551,-88.8083,-85.0923,-97.4263,-85.0923
0,3.14159,3.14159,3.14159,3.14159,3.14159,3.14159
90,90,90,90,158.19,90,21.8098
181.671,263.085,359.705,180.627,181.671,96.7723,181.671
90,90,90,90,158.19,90,21.8098
1.67065,276.915,0.294902,179.373,1.67065,83.2277,1.67065
7
3.66852e-09,3.38823e-08,2.30003e-08,1.0334e-08,1.06517e-08,3.31865e-08,1.06517e-08
-68.837,-97.9867,-95.5819,-88.5326,-84.9956,-97.2365,-84.9956
0,3.14159,3.14159,3.14159,3.14159,3.14159,3.14159
90,90,90,90,159.854,90,20.1457
178.178,263.787,0.290628,179.353,178.178,96.3434,178.178
90,90,90,90,159.854,90,20.1457
358.178,276.213,359.709,180.647,358.178,83.6566,358.178
7
3.66852e-09,3.36504e-08,2.30003e-08,1.0334e-08,1.06517e-08,3.34184e-08,1.06517e-08
-68.837,-97.927,-95.5819,-88.5326,-84.9956,-97.2969,-84.9956
0,3.14159,3.14159,3.14159,3.14159,3.14159,3.14159
90,90,90,90,159.854,90,20.1457
181.822,263.744,359.709,180.647,181.822,96.2992,181.822
90,90,90,90,159.854,90,20.1457
1.82243,276.256,0.290628,179.353,1.82243,83.7008,1.82243
7
3.68333e-09,3.34184e-08,2.30027e-08,1.03393e-08,1.06568e-08,3.36504e-08,1.06568e-08
-68.872,-97.8669,-95.5828,-88.537,-84.9997,-97.357,-84.9997
0,3.14159,3.14159,3.14159,3.14159,3.14159,3.14159
90,90,90,90,159.78,90,20.2204
185.453,263.701,359.128,181.94,185.453,96.2556,185.453
90,90,90,90,159.78,90,20.2204
5.45262,276.299,0.871825,178.06,5.45262,83.7444,5.45262
7
3.68333e-09,3.36504e-08,2.30027e-08,1.03393e-08,1.06568e-08,3.34184e-08,1.06568e-08
-68.872,-97.927,-95.5828,-88.537,-84.9997,-97.2969,-84.9997
0,3.14159,3.14159,3.14159,3.14159,3.14159,3.14159
90,90,90,90,159.78,90,20.2204
174.547,263.744,0.871825,178.06,174.547,96.2992,174.547
90,90,90,90,159.78,90,20.2204
354.547,276.256,359.128,181.94,354.547,83.7008,354.547
7
3.66852e-09,3.34184e-08,2.30003e-08,1.0334e-08,1.06517e-08,3.36504e-08,1.06517e-08
-68.837,-97.8669,-95.5819,-88.5326,-84.9956,-97.357,-84.9956
0,3.14159,3.14159,3.14159,3.14159,3.14159,3.14159
90,90,90,90,159.854,90,20.1457
178.178,263.701,0.290628,179.353,178.178,96.2556,178.178
90,90,90,90,159.854,90,20.1457
358.178,276.299,359.709,180.647,358.178,83.7444,358.178
7
3.66852e-09,3.31865e-08,2.30003e-08,1.0334e-08,1.06517e-08,3.38823e-08,1.06517e-08
-68.837,-97.8065,-95.5819,-88.5326,-84.9956,-97.4167,-84.9956
0,3.14159,3.14159,3.14159,3.14159,3.14159,3.14159
90,90,90,90,159.854,90,20.1457
181.822,263.657,359.709,180.647,181.822,96.2126,181.822
90,90,90,90,159.854,90,20.1457
1.82243,276.343,0.290628,179.353,1.82243,83.7874,1.82243
7
3.33537e-09,3.38479e-08,2.33336e-08,1.00007e-08,1.05416e-08,3.31513e-08,1.05416e-08
-68.0101,-97.9778,-95.7069,-88.2478,-84.9053,-97.2272,-84.9053
0,3.14159,3.14159,3.14159,3.14159,3.14159,3.14159
90,90,90,90,161.555,90,18.4455
177.995,264.348,0.286477,179.332,177.995,95.7708,177.995
90,90,90,90,161.555,90,18.4455
357.995,275.652,359.714,180.668,357.995,84.2292,357.995
7
3.33537e-09,3.36157e-08,2.33336e-08,1.00007e-08,1.05416e-08,3.33835e-08,1.05416e-08
-68.0101,-97.9181,-95.7069,-88.2478,-84.9053,-97.2879,-84.9053
0,3.14159,3.14159,3.14159,3.14159,3.14159,3.14159
90,90,90,90,161.555,90,18.4455
182.005,264.309,359.714,180.668,182.005,95.7305,182.005
90,90,90,90,161.555,90,18.4455
2.00453,275.691,0.286477,179.332,2.00453,84.2695,2.00453
7
3.35166e-09,3.33835e-08,2.3336e-08,1.00061e-08,1.05467e-08,3.36157e-08,1.05467e-08
-68.0524,-97.8579,-95.7077,-88.2525,-84.9096,-97.3481,-84.9096
0,3.14159,3.14159,3.14159,3.14159,3.14159,3.14159
90,90,90,90,161.471,90,18.5294
185.994,264.269,359.141,182.005,185.994,95.6908,185.994
90,90,90,90,161.471,90,18.5294
5.99409,275.731,0.859372,177.995,5.99409,84.3092,5.99409
7
3.35166e-09,3.36157e-08,2.3336e-08,1.00061e-08,1.05467e-08,3.33835e-08,1.05467e-08
-68.0524,-97.9181,-95.7077,-88.2525,-84.9096,-97.2879,-84.9096
0,3.14159,3.14159,3.14159,3.14159,3.14159,3.14159
90,90,90,90,161.471,90,18.5294
174.006,264.309,0.859372,177.995,174.006,95.7305,174.006
90,90,90,90,161.471,90,18.5294
354.006,275.691,359.141,182.005,354.006,84.2695,354.006
7
3.33537e-09,3.33835e-08,2.33336e-08,1.00007e-08,1.05416e-08,3.36157e-08,1.05416e-08
-68.0101,-97.8579,-95.7069,-88.2478,-84.9053,-97.3481,-84.9053
0,3.14159,3.14159,3.14159,3.14159,3.14159,3.14159
90,90,90,90,161.555,90,18.4455
177.995,264.269,0.286477,179.332,177.995,95.6908,177.995
90,90,90,90,161.555,90,18.4455
357.995,275.731,359.714,180.668,357.995,84.3092,357.995
7
3.33537e-09,3.31513e-08,2.33336e-08,1.00007e-08,1.05416e-08,3.38479e-08,1.05416e-08
-68.0101,-97.7972,-95.7069,-88.2478,-84.9053,-97.4078,-84.9053
0,3.14159,3.14159,3.14159,3.14159,3.14159,3.14159
90,90,90,90,161.555,90,18.4455
182.005,264.229,359.714,180.668,182.005,95.6516,182.005
90,90,90,90,161.555,90,18.4455
2.00453,275.771,0.286477,179.332,2.00453,84.3484,2.00453
7
3.00227e-09,3.38167e-08,2.3667e-08,9.66737e-09,1.0441e-08,3.31195e-08,1.0441e-08
-67.0962,-97.9698,-95.8301,-87.9534,-84.822,-97.2189,-84.822
0,3.14159,3.14159,3.14159,3.14159,3.14159,3.14159
90,90,90,90,163.289,90,16.7112
177.773,264.91,0.282442,179.309,177.773,95.197,177.773
90,90,90,90,163.289,90,16.7112
357.773,275.09,359.718,180.691,357.773,84.803,357.773
7
3.00227e-09,3.35843e-08,2.3667e-08,9.66737e-09,1.0441e-08,3.33519e-08,1.0441e-08
-67.0962,-97.9099,-95.8301,-87.9534,-84.822,-97.2796,-84.822
0,3.14159,3.14159,3.14159,3.14159,3.14159,3.14159
90,90,90,90,163.289,90,16.7112
182.227,264.875,359.718,180.691,182.227,95.1607,182.227
90,90,90,90,163.289,90,16.7112
2.22705,275.125,0.282442,179.309,2.22705,84.8393,2.22705
7
3.02035e-09,3.33519e-08,2.36693e-08,9.673e-09,1.04462e-08,3.35843e-08,1.04462e-08
-67.1484,-97.8496,-95.8309,-87.9584,-84.8264,-97.3399,-84.8264
0,3.14159,3.14159,3.14159,3.14159,3.14159,3.14159
90,90,90,90,163.194,90,16.8061
186.654,264.839,359.153,182.074,186.654,95.1249,186.654
90,90,90,90,163.194,90,16.8061
6.65443,275.161,0.84727,177.926,6.65443,84.8751,6.65443
7
3.02035e-09,3.35843e-08,2.36693e-08,9.673e-09,1.04462e-08,3.33519e-08,1.04462e-08
-67.1484,-97.9099,-95.8309,-87.9584,-84.8264,-97.2796,-84.8264
0,3.14159,3.14159,3.14159,3.14159,3.14159,3.14159
90,90,90,90,163.194,90,16.8061
173.346,264.875,0.84727,177.926,173.346,95.1607,173.346
90,90,90,90,163.194,90,16.8061
353.346,275.125,359.153,182.074,353.346,84.8393,353.346
7
3.00227e-09,3.33519e-08,2.3667e-08,9.66737e-09,1.0441e-08,3.35843e-08,1.0441e-08
-67.0962,-97.8496,-95.8301,-87.9534,-84.822,-97.3399,-84.822
0,3.14159,3.14159,3.14159,3.14159,3.14159,3.14159
90,90,90,90,163.289,90,16.7112
177.773,264.839,0.282442,179.309,177.773,95.1249,177.773
90,90,90,90,163.289,90,16.7112
357.773,275.161,359.718,180.691,357.773,84.8751,357.773
7
3.00227e-09,3.31195e-08,2.3667e-08,9.66737e-09,1.0441e-08,3.38167e-08,1.0441e-08
-67.0962,-97.7889,-95.8301,-87.9534,-84.822,-97.3998,-84.822
0,3.14159,3.14159,3.14159,3.14159,3.14159,3.14159
90,90,90,90,163.289,90,16.7112
182.227,264.803,359.718,180.691,182.227,95.0896,182.227
90,90,90,90,163.289,90,16.7112
2.22705,275.197,0.282442,179.309,2.22705,84.9104,2.22705
7
2.66922e-09,3.37887e-08,2.40003e-08,9.33406e-09,1.03501e-08,3.3091e-08,1.03501e-08
-66.0749,-97.9627,-95.9515,-87.6486,-84.7461,-97.2114,-84.7461
0,3.14159,3.14159,3.14159,3.14159,3.14159,3.14159
90,90,90,90,165.055,90,14.9451
177.495,265.473,0.278519,179.284,177.495,94.6222,177.495
90,90,90,90,165.055,90,14.9451
357.495,274.527,359.721,180.716,357.495,85.3778,357.495
7
2.66922e-09,3.35561e-08,2.40003e-08,9.33406e-09,1.03501e-08,3.33235e-08,1.03501e-08
-66.0749,-97.9027,-95.9515,-87.6486,-84.7461,-97.2722,-84.7461
0,3.14159,3.14159,3.14159,3.14159,3.14159,3.14159
90,90,90,90,165.055,90,14.9451
182.505,265.442,359.721,180.716,182.505,94.5899,182.505
90,90,90,90,165.055,90,14.9451
2.50509,274.558,0.278519,179.284,2.50509,85.4101,2.50509
7
2.68954e-09,3.33235e-08,2.40026e-08,9.33989e-09,1.03554e-08,3.35561e-08,1.03554e-08
-66.1408,-97.8422,-95.9524,-87.6541,-84.7505,-97.3327,-84.7505
0,3.14159,3.14159,3.14159,3.14159,3.14159,3.14159
90,90,90,90,164.946,90,15.0537
187.477,265.41,359.164,182.148,187.477,94.558,187.477
90,90,90,90,164.946,90,15.0537
7.47733,274.59,0.835504,177.852,7.47733,85.442,7.47733
7
2.68954e-09,3.35561e-08,2.40026e-08,9.33989e-09,1.03554e-08,3.33235e-08,1.03554e-08
-66.1408,-97.9027,-95.9524,-87.6541,-84.7505,-97.2722,-84.7505
0,3.14159,3.14159,3.14159,3.14159,3.14159,3.14159
90,90,90,90,164.946,90,15.0537
172.523,265.442,0.835504,177.852,172.523,94.5899,172.523
90,90,90,90,164.946,90,15.0537
352.523,274.558,359.164,182.148,352.523,85.4101,352.523
7
2.66922e-09,3.33235e-08,2.40003e-08,9.33406e-09,1.03501e-08,3.35561e-08,1.03501e-08
-66.0749,-97.8422,-95.9515,-87.6486,-84.7461,-97.3327,-84.7461
0,3.14159,3.14159,3.14159,3.14159,3.14159,3.14159
90,90,90,90,165.055,90,14.9451
177.495,265.41,0.278519,179.284,177.495,94.558,177.495
90,90,90,90,165.055,90,14.9451
357.495,274.59,359.721,180.716,357.495,85.442,357.495
7
2.66922e-09,3.3091e-08,2.40003e-08,9.33406e-09,1.03501e-08,3.37887e-08,1.03501e-08
-66.0749,-97.7814,-95.9515,-87.6486,-84.7461,-97.3927,-84.7461
0,3.14159,3.14159,3.14159,3.14159,3.14159,3.14159
90,90,90,90,165.055,90,14.9451
182.505,265.378,359.721,180.716,182.505,94.5266,182.505
90,90,90,90,165.055,90,14.9451
2.50509,274.622,0.278519,179.284,2.50509,85.4734,2.50509
7
2.33625e-09,3.37641e-08,2.43336e-08,9.00076e-09,1.02693e-08,3.30658e-08,1.02693e-08
-64.9176,-97.9563,-96.0714,-87.3328,-84.678,-97.2048,-84.678
0,3.14159,3.14159,3.14159,3.14159,3.14159,3.14159
90,90,90,90,166.85,90,13.1499
177.138,266.037,0.274704,179.257,177.138,94.0465,177.138
90,90,90,90,166.85,90,13.1499
357.138,273.963,359.725,180.743,357.138,85.9535,357.138
7
2.33625e-09,3.35313e-08,2.43336e-08,9.00076e-09,1.02693e-08,3.32985e-08,1.02693e-08
-64.9176,-97.8962,-96.0714,-87.3328,-84.678,-97.2657,-84.678
0,3.14159,3.14159,3.14159,3.14159,3.14159,3.14159
90,90,90,90,166.85,90,13.1499
182.862,266.01,359.725,180.743,182.862,94.0182,182.862
90,90,90,90,166.85,90,13.1499
2.86241,273.99,0.274704,179.257,2.86241,85.9818,2.86241
7
2.35944e-09,3.32985e-08,2.43359e-08,9.0068e-09,1.02746e-08,3.35313e-08,1.02746e-08
-65.0034,-97.8357,-96.0722,-87.3386,-84.6825,-97.3262,-84.6825
0,3.14159,3.14159,3.14159,3.14159,3.14159,3.14159
90,90,90,90,166.724,90,13.2758
188.531,265.982,359.176,182.227,188.531,93.9903,188.531
90,90,90,90,166.724,90,13.2758
8.53077,274.018,0.824061,177.773,8.53077,86.0097,8.53077
7
2.35944e-09,3.35313e-08,2.43359e-08,9.0068e-09,1.02746e-08,3.32985e-08,1.02746e-08
-65.0034,-97.8962,-96.0722,-87.3386,-84.6825,-97.2657,-84.6825
0,3.14159,3.14159,3.14159,3.14159,3.14159,3.14159
90,90,90,90,166.724,90,13.2758
171.469,266.01,0.824061,177.773,171.469,94.0182,171.469
90,90,90,90,166.724,90,13.2758
351.469,273.99,359.176,182.227,351.469,85.9818,351.469
7
2.33625e-09,3.32985e-08,2.43336e-08,9.00076e-09,1.02693e-08,3.35313e-08,1.02693e-08
-64.9176,-97.8357,-96.0714,-87.3328,-84.678,-97.3262,-84.678
0,3.14159,3.14159,3.14159,3.14159,3.14159,3.14159
90,90,90,90,166.85,90,13.1499
177.138,265.982,0.274704,179.257,177.138,93.9903,177.138
90,90,90,90,166.85,90,13.1499
357.138,274.018,359.725,180.743,357.138,86.0097,357.138
7
2.33625e-09,3.30658e-08,2.43336e-08,9.00076e-09,1.02693e-08,3.37641e-08,1.02693e-08
-64.9176,-97.7748,-96.0714,-87.3328,-84.678,-97.3863,-84.678
0,3.14159,3.14159,3.14159,3.14159,3.14159,3.14159
90,90,90,90,166.85,90,13.1499
182.862,265.953,359.725,180.743,182.862,93.9627,182.862
90,90,90,90,166.85,90,13.1499
2.86241,274.047,0.274704,179.257,2.86241,86.0373,2.86241
7
2.0034e-09,3.37427e-08,2.46669e-08,8.66745e-09,1.01987e-08,3.30439e-08,1.01987e-08
-63.5826,-97.9508,-96.1895,-87.0051,-84.6181,-97.1991,-84.6181
0,3.14159,3.14159,3.14159,3.14159,3.14159,3.14159
90,90,90,90,168.671,90,11.3287
176.662,266.602,0.270992,179.229,176.662,93.47,176.662
90,90,90,90,168.671,90,11.3287
356.662,273.398,359.729,180.771,356.662,86.53,356.662
7
2.0034e-09,3.35097e-08,2.46669e-08,8.66745e-09,1.01987e-08,3.32768e-08,1.01987e-08
-63.5826,-97.8906,-96.1895,-87.0051,-84.6181,-97.2601,-84.6181
0,3.14159,3.14159,3.14159,3.14159,3.14159,3.14159
90,90,90,90,168.671,90,11.3287
183.338,266.578,359.729,180.771,183.338,93.4457,183.338
90,90,90,90,168.671,90,11.3287
3.33847,273.422,0.270992,179.229,3.33847,86.5543,3.33847
7
2.03039e-09,3.32768e-08,2.46691e-08,8.67373e-09,1.0204e-08,3.35097e-08,1.0204e-08
-63.6988,-97.8301,-96.1903,-87.0113,-84.6227,-97.3206,-84.6227
0,3.14159,3.14159,3.14159,3.14159,3.14159,3.14159
90,90,90,90,168.523,90,11.4773
189.926,266.554,359.187,182.313,189.926,93.4217,189.926
90,90,90,90,168.523,90,11.4773
9.92625,273.446,0.812926,177.687,9.92625,86.5783,9.92625
7
2.03039e-09,3.35097e-08,2.46691e-08,8.67373e-09,1.0204e-08,3.32768e-08,1.0204e-08
-63.6988,-97.8906,-96.1903,-87.0113,-84.6227,-97.2601,-84.6227
0,3.14159,3.14159,3.14159,3.14159,3.14159,3.14159
90,90,90,90,168.523,90,11.4773
170.074,266.578,0.812926,177.687,170.074,93.4457,170.074
90,90,90,90,168.523,90,11.4773
350.074,273.422,359.187,182.313,350.074,86.5543,350.074
7
2.0034e-09,3.32768e-08,2.46669e-08,8.66745e-09,1.01987e-08,3.35097e-08,1.01987e-08
-63.5826,-97.8301,-96.1895,-87.0051,-84.6181,-97.3206,-84.6181
0,3.14159,3.14159,3.14159,3.14159,3.14159,3.14159
90,90,90,90,168.671,90,11.3287
176.662,266.554,0.270992,179.229,176.662,93.4217,176.662
90,90,90,90,168.671,90,11.3287
356.662,273.446,359.729,180.771,356.662,86.5783,356.662
7
2.0034e-09,3.30439e-08,2.46669e-08,8.66745e-09,1.01987e-08,3.37427e-08,1.01987e-08
-63.5826,-97.7691,-96.1895,-87.0051,-84.6181,-97.3808,-84.6181
0,3.14159,3.14159,3.14159,3.14159,3.14159,3.14159
90,90,90,90,168.671,90,11.3287
183.338,266.53,359.729,180.771,183.338,93.398,183.338
90,90,90,90,168.671,90,11.3287
3.33847,273.47,0.270992,179.229,3.33847,86.602,3.33847
7
1.67075e-09,3.37245e-08,2.50003e-08,8.33415e-09,1.01386e-08,3.30254e-08,1.01386e-08
-62.0054,-97.9461,-96.3061,-86.6644,-84.5668,-97.1942,-84.5668
0,3.14159,3.14159,3.14159,3.14159,3.14159,3.14159
90,90,90,90,170.515,90,9.48506
175.996,267.167,0.267378,179.198,175.996,92.8927,175.996
90,90,90,90,170.515,90,9.48506
355.996,272.833,359.733,180.802,355.996,87.1073,355.996
7
1.67075e-09,3.34915e-08,2.50003e-08,8.33415e-09,1.01386e-08,3.32585e-08,1.01386e-08
-62.0054,-97.8859,-96.3061,-86.6644,-84.5668,-97.2553,-84.5668
0,3.14159,3.14159,3.14159,3.14159,3.14159,3.14159
90,90,90,90,170.515,90,9.48506
184.004,267.148,359.733,180.802,184.004,92.8724,184.004
90,90,90,90,170.515,90,9.48506
4.00417,272.852,0.267378,179.198,4.00417,87.1276,4.00417
7
1.70302e-09,3.32585e-08,2.50024e-08,8.34068e-09,1.0144e-08,3.34915e-08,1.0144e-08
-62.1716,-97.8253,-96.3069,-86.6713,-84.5714,-97.3159,-84.5714
0,3.14159,3.14159,3.14159,3.14159,3.14159,3.14159
90,90,90,90,170.335,90,9.66486
191.86,267.128,359.198,182.405,191.86,92.8524,191.86
90,90,90,90,170.335,90,9.66486
11.8598,272.872,0.802089,177.595,11.8598,87.1476,11.8598
7
1.70302e-09,3.34915e-08,2.50024e-08,8.34068e-09,1.0144e-08,3.32585e-08,1.0144e-08
-62.1716,-97.8859,-96.3069,-86.6713,-84.5714,-97.2553,-84.5714
0,3.14159,3.14159,3.14159,3.14159,3.14159,3.14159
90,90,90,90,170.335,90,9.66486
168.14,267.148,0.802089,177.595,168.14,92.8724,168.14
90,90,90,90,170.335,90,9.66486
348.14,272.852,359.198,182.405,348.14,87.1276,348.14
7
1.67075e-09,3.32585e-08,2.50003e-08,8.33415e-09,1.01386e-08,3.34915e-08,1.01386e-08
-62.0054,-97.8253,-96.3061,-86.6644,-84.5668,-97.3159,-84.5668
0,3.14159,3.14159,3.14159,3.14159,3.14159,3.14159
90,90,90,90,170.515,90,9.48506
175.996,267.128,0.267378,179.198,175.996,92.8524,175.996
90,90,90,90,170.515,90,9.48506
355.996,272.872,359.733,180.802,355.996,87.1476,355.996
7
1.67075e-09,3.30254e-08,2.50003e-08,8.33415e-09,1.01386e-08,3.37245e-08,1.01386e-08
-62.0054,-97.7642,-96.3061,-86.6644,-84.5668,-97.3761,-84.5668
0,3.14159,3.14159,3.14159,3.14159,3.14159,3.14159
90,90,90,90,170.515,90,9.48506
184.004,267.107,359.733,180.802,184.004,92.8327,184.004
90,90,90,90,170.515,90,9.48506
4.00417,272.893,0.267378,179.198,4.00417,87.1673,4.00417
7
1.33843e-09,3.37097e-08,2.53336e-08,8.00085e-09,1.00892e-08,3.30103e-08,1.00892e-08
-60.0791,-97.9423,-96.4212,-86.3099,-84.5243,-97.1902,-84.5243
0,3.14159,3.14159,3.14159,3.14159,3.14159,3.14159
90,90,90,90,172.377,90,7.62332
174.999,267.733,0.26386,179.164,174.999,92.3149,174.999
90,90,90,90,172.377,90,7.62332
354.999,272.267,359.736,180.836,354.999,87.6851,354.999
7
1.33843e-09,3.34766e-08,2.53336e-08,8.00085e-09,1.00892e-08,3.32434e-08,1.00892e-08
-60.0791,-97.882,-96.4212,-86.3099,-84.5243,-97.2513,-84.5243
0,3.14159,3.14159,3.14159,3.14159,3.14159,3.14159
90,90,90,90,172.377,90,7.62332
185.001,267.717,359.736,180.836,185.001,92.2986,185.001
90,90,90,90,172.377,90,7.62332
5.00064,272.283,0.26386,179.164,5.00064,87.7014,5.00064
7
1.37851e-09,3.32434e-08,2.53358e-08,8.00765e-09,1.00946e-08,3.34766e-08,1.00946e-08
-60.3354,-97.8213,-96.4219,-86.3173,-84.529,-97.312,-84.529
0,3.14159,3.14159,3.14159,3.14159,3.14159,3.14159
90,90,90,90,172.151,90,7.84879
194.708,267.701,359.208,182.505,194.708,92.2826,194.708
90,90,90,90,172.151,90,7.84879
14.7083,272.299,0.791536,177.495,14.7083,87.7174,14.7083
7
1.37851e-09,3.34766e-08,2.53358e-08,8.00765e-09,1.00946e-08,3.32434e-08,1.00946e-08
-60.3354,-97.882,-96.4219,-86.3173,-84.529,-97.2513,-84.529
0,3.14159,3.14159,3.14159,3.14159,3.14159,3.14159
90,90,90,90,172.151,90,7.84879
165.292,267.717,0.791536,177.495,165.292,92.2986,165.292
90,90,90,90,172.151,90,7.84879
345.292,272.283,359.208,182.505,345.292,87.7014,345.292
7
1.33843e-09,3.32434e-08,2.53336e-08,8.00085e-09,1.00892e-08,3.34766e-08,1.00892e-08
-60.0791,-97.8213,-96.4212,-86.3099,-84.5243,-97.312,-84.5243
0,3.14159,3.14159,3.14159,3.14159,3.14159,3.14159
90,90,90,90,172.377,90,7.62332
174.999,267.701,0.26386,179.164,174.999,92.2826,174.999
90,90,90,90,172.377,90,7.62332
354.999,272.299,359.736,180.836,354.999,87.7174,354.999
7
1.33843e-09,3.30103e-08,2.53336e-08,8.00085e-09,1.00892e-08,3.37097e-08,1.00892e-08
-60.0791,-97.7602,-96.4212,-86.3099,-84.5243,-97.3723,-84.5243
0,3.14159,3.14159,3.14159,3.14159,3.14159,3.14159
90,90,90,90,172.377,90,7.62332
185.001,267.685,359.736,180.836,185.001,92.2668,185.001
90,90,90,90,172.377,90,7.62332
5.00064,272.315,0.26386,179.164,5.00064,87.7332,5.00064
7
1.00678e-09,3.36982e-08,2.56669e-08,7.66755e-09,1.00506e-08,3.29985e-08,1.00506e-08
-57.6059,-97.9393,-96.5347,-85.9404,-84.491,-97.1871,-84.491
0,3.14159,3.14159,3.14159,3.14159,3.14159,3.14159
90,90,90,90,174.251,90,5.74907
173.346,268.299,0.260434,179.128,173.346,91.7366,173.346
90,90,90,90,174.251,90,5.74907
353.346,271.701,359.74,180.872,353.346,88.2634,353.346
7
1.00678e-09,3.34649e-08,2.56669e-08,7.66755e-09,1.00506e-08,3.32317e-08,1.00506e-08
-57.6059,-97.879,-96.5347,-85.9404,-84.491,-97.2483,-84.491
0,3.14159,3.14159,3.14159,3.14159,3.14159,3.14159
90,90,90,90,174.251,90,5.74907
186.654,268.288,359.74,180.872,186.654,91.7244,186.654
90,90,90,90,174.251,90,5.74907
6.65443,271.712,0.260434,179.128,6.65443,88.2756,6.65443
7
1.05948e-09,3.32317e-08,2.56691e-08,7.67465e-09,1.0056e-08,3.34649e-08,1.0056e-08
-58.0491,-97.8183,-96.5354,-85.9484,-84.4957,-97.309,-84.4957
0,3.14159,3.14159,3.14159,3.14159,3.14159,3.14159
90,90,90,90,173.952,90,6.04782
199.29,268.276,359.219,182.614,199.29,91.7124,199.29
90,90,90,90,173.952,90,6.04782
19.29,271.724,0.781258,177.386,19.29,88.2876,19.29
7
1.05948e-09,3.34649e-08,2.56691e-08,7.67465e-09,1.0056e-08,3.32317e-08,1.0056e-08
-58.0491,-97.879,-96.5354,-85.9484,-84.4957,-97.2483,-84.4957
0,3.14159,3.14159,3.14159,3.14159,3.14159,3.14159
90,90,90,90,173.952,90,6.04782
160.71,268.288,0.781258,177.386,160.71,91.7244,160.71
90,90,90,90,173.952,90,6.04782
340.71,271.712,359.219,182.614,340.71,88.2756,340.71
7
1.00678e-09,3.32317e-08,2.56669e-08,7.66755e-09,1.00506e-08,3.34649e-08,1.00506e-08
-57.6059,-97.8183,-96.5347,-85.9404,-84.491,-97.309,-84.491
0,3.14159,3.14159,3.14159,3.14159,3.14159,3.14159
90,90,90,90,174.251,90,5.74907
173.346,268.276,0.260434,179.128,173.346,91.7124,173.346
90,90,90,90,174.251,90,5.74907
353.346,271.724,359.74,180.872,353.346,88.2876,353.346
7
1.00678e-09,3.29985e-08,2.56669e-08,7.66755e-09,1.00506e-08,3.36982e-08,1.00506e-08
-57.6059,-97.7571,-96.5347,-85.9404,-84.491,-97.3693,-84.491
0,3.14159,3.14159,3.14159,3.14159,3.14159,3.14159
90,90,90,90,174.251,90,5.74907
186.654,268.263,359.74,180.872,186.654,91.7005,186.654
90,90,90,90,174.251,90,5.74907
6.65443,271.737,0.260434,179.128,6.65443,88.2995,6.65443
7
6.76798e-10,3.36899e-08,2.60003e-08,7.33426e-09,1.00229e-08,3.29901e-08,1.00229e-08
-54.1564,-97.9372,-96.6468,-85.5543,-84.4671,-97.1849,-84.4671
0,3.14159,3.14159,3.14159,3.14159,3.14159,3.14159
90,90,90,90,176.128,90,3.87186
170.074,268.866,0.257095,179.089,170.074,91.1579,170.074
90,90,90,90,176.128,90,3.87186
350.074,271.134,359.743,180.911,350.074,88.8421,350.074
7
6.76798e-10,3.34566e-08,2.60003e-08,7.33426e-09,1.00229e-08,3.32234e-08,1.00229e-08
-54.1564,-97.8769,-96.6468,-85.5543,-84.4671,-97.2461,-84.4671
0,3.14159,3.14159,3.14159,3.14159,3.14159,3.14159
90,90,90,90,176.128,90,3.87186
189.926,268.858,359.743,180.911,189.926,91.1498,189.926
90,90,90,90,176.128,90,3.87186
9.92625,271.142,0.257095,179.089,9.92625,88.8502,9.92625
7
7.52957e-10,3.32234e-08,2.60024e-08,7.34168e-09,1.00283e-08,3.34566e-08,1.00283e-08
-55.0826,-97.8161,-96.6475,-85.5631,-84.4718,-97.3069,-84.4718
0,3.14159,3.14159,3.14159,3.14159,3.14159,3.14159
90,90,90,90,175.694,90,4.306
207.699,268.85,359.229,182.732,207.699,91.1418,207.699
90,90,90,90,175.694,90,4.306
27.6995,271.15,0.771243,177.268,27.6995,88.8582,27.6995
7
7.52957e-10,3.34566e-08,2.60024e-08,7.34168e-09,1.00283e-08,3.32234e-08,1.00283e-08
-55.0826,-97.8769,-96.6475,-85.5631,-84.4718,-97.2461,-84.4718
0,3.14159,3.14159,3.14159,3.14159,3.14159,3.14159
90,90,90,90,175.694,90,4.306
152.301,268.858,0.771243,177.268,152.301,91.1498,152.301
90,90,90,90,175.694,90,4.306
332.301,271.142,359.229,182.732,332.301,88.8502,332.301
7
6.76798e-10,3.32234e-08,2.60003e-08,7.33426e-09,1.00229e-08,3.34566e-08,1.00229e-08
-54.1564,-97.8161,-96.6468,-85.5543,-84.4671,-97.3069,-84.4671
0,3.14159,3.14159,3.14159,3.14159,3.14159,3.14159
90,90,90,90,176.128,90,3.87186
170.074,268.85,0.257095,179.089,170.074,91.1418,170.074
90,90,90,90,176.128,90,3.87186
350.074,271.15,359.743,180.911,350.074,88.8582,350.074
7
6.76798e-10,3.29901e-08,2.60003e-08,7.33426e-09,1.00229e-08,3.36899e-08,1.00229e-08
-54.1564,-97.7549,-96.6468,-85.5543,-84.4671,-97.3672,-84.4671
0,3.14159,3.14159,3.14159,3.14159,3.14159,3.14159
90,90,90,90,176.128,90,3.87186
189.926,268.842,359.743,180.911,189.926,91.1339,189.926
90,90,90,90,176.128,90,3.87186
9.92625,271.158,0.257095,179.089,9.92625,88.8661,9.92625
7
3.5316e-10,3.3685e-08,2.63336e-08,7.00097e-09,1.00062e-08,3.2985e-08,1.00062e-08
-48.5067,-97.9359,-96.7574,-85.1504,-84.4526,-97.1836,-84.4526
0,3.14159,3.14159,3.14159,3.14159,3.14159,3.14159
90,90,90,90,177.977,90,2.02262
160.71,269.433,0.25384,179.045,160.71,90.579,160.71
90,90,90,90,177.977,90,2.02262
340.71,270.567,359.746,180.955,340.71,89.421,340.71
7
3.5316e-10,3.34517e-08,2.63336e-08,7.00097e-09,1.00062e-08,3.32183e-08,1.00062e-08
-48.5067,-97.8756,-96.7574,-85.1504,-84.4526,-97.2448,-84.4526
0,3.14159,3.14159,3.14159,3.14159,3.14159,3.14159
90,90,90,90,177.977,90,2.02262
199.29,269.429,359.746,180.955,199.29,90.575,199.29
90,90,90,90,177.977,90,2.02262
19.29,270.571,0.25384,179.045,19.29,89.425,19.29
7
4.83333e-10,3.32183e-08,2.63357e-08,7.00874e-09,1.00117e-08,3.34517e-08,1.00117e-08
-51.2322,-97.8148,-96.7581,-85.16,-84.4574,-97.3056,-84.4574
0,3.14159,3.14159,3.14159,3.14159,3.14159,3.14159
90,90,90,90,177.233,90,2.76714
226.397,269.425,359.239,182.862,226.397,90.5709,226.397
90,90,90,90,177.233,90,2.76714
46.3972,270.575,0.761481,177.138,46.3972,89.4291,46.3972
7
4.83333e-10,3.34517e-08,2.63357e-08,7.00874e-09,1.00117e-08,3.32183e-08,1.00117e-08
-51.2322,-97.8756,-96.7581,-85.16,-84.4574,-97.2448,-84.4574
0,3.14159,3.14159,3.14159,3.14159,3.14159,3.14159
90,90,90,90,177.233,90,2.76714
133.603,269.429,0.761481,177.138,133.603,90.575,133.603
90,90,90,90,177.233,90,2.76714
313.603,270.571,359.239,182.862,313.603,89.425,313.603
7
3.5316e-10,3.32183e-08,2.63336e-08,7.00097e-09,1.00062e-08,3.34517e-08,1.00062e-08
-48.5067,-97.8148,-96.7574,-85.1504,-84.4526,-97.3056,-84.4526
0,3.14159,3.14159,3.14159,3.14159,3.14159,3.14159
90,90,90,90,177.977,90,2.02262
160.71,269.425,0.25384,179.045,160.71,90.5709,160.71
90,90,90,90,177.977,90,2.02262
340.71,270.575,359.746,180.955,340.71,89.4291,340.71
7
3.5316e-10,3.2985e-08,2.63336e-08,7.00097e-09,1.00062e-08,3.3685e-08,1.00062e-08
-48.5067,-97.7536,-96.7574,-85.1504,-84.4526,-97.3659,-84.4526
0,3.14159,3.14159,3.14159,3.14159,3.14159,3.14159
90,90,90,90,177.977,90,2.02262
199.29,269.421,359.746,180.955,199.29,90.567,199.29
90,90,90,90,177.977,90,2.02262
19.29,270.579,0.25384,179.045,19.29,89.433,19.29
