6
2.70082e-08,2.78189e-08,3.41971e-08,3.3541e-08,2.98236e-08,1.23002e-07
-86.1771,-96.434,-98.227,-98.0587,-97.0384,-109.345
0,3.14159,3.14159,3.14159,3.14159,3.14159
102.836,102.455,100.105,100.305,117.997,92.796
0,345.793,0,180,0,77.6229
77.1644,77.5445,79.895,79.6952,117.997,87.204
180,194.207,0,180,180,102.377
6
2.70082e-08,2.78189e-08,3.41971e-08,3.3541e-08,2.98236e-08,1.23002e-07
-86.1771,-96.434,-98.227,-98.0587,-97.0384,-109.345
0,3.14159,3.14159,3.14159,3.14159,3.14159
102.836,102.455,100.105,100.305,117.997,92.796
0,345.793,0,180,0,77.6229
77.1644,77.5445,79.895,79.6952,117.997,87.204
180,194.207,0,180,180,102.377
6
2.70082e-08,2.78189e-08,3.41971e-08,3.3541e-08,2.98236e-08,1.23002e-07
-86.1771,-96.434,-98.227,-98.0587,-97.0384,-109.345
0,3.14159,3.14159,3.14159,3.14159,3.14159
102.836,102.455,100.105,100.305,117.997,92.796
0,345.793,0,180,0,77.6229
77.1644,77.5445,79.895,79.6952,117.997,87.204
180,194.207,0,180,180,102.377
6
2.70082e-08,2.78189e-08,3.41971e-08,3.3541e-08,2.98236e-08,1.23002e-07
-86.1771,-96.434,-98.227,-98.0587,-97.0384,-109.345
0,3.14159,3.14159,3.14159,3.14159,3.14159
102.836,102.455,100.105,100.305,117.997,92.796
0,345.793,0,180,0,77.6229
77.1644,77.5445,79.895,79.6952,117.997,87.204
180,194.207,0,180,180,102.377
6
2.70082e-08,2.78189e-08,3.41971e-08,3.3541e-08,2.98236e-08,1.23002e-07
-86.1771,-96.434,-98.227,-98.0587,-97.0384,-109.345
0,3.14159,3.14159,3.14159,3.14159,3.14159
102.836,102.455,100.105,100.305,117.997,92.796
0,345.793,0,180,0,77.6229
77.1644,77.5445,79.895,79.6952,117.997,87.204
180,194.207,0,180,180,102.377
6
2.70082e-08,2.78189e-08,3.41971e-08,3.3541e-08,2.98236e-08,1.23002e-07
-86.1771,-96.434,-98.227,-98.0587,-97.0384,-109.345
0,3.14159,3.14159,3.14159,3.14159,3.14159
102.836,102.455,100.105,100.305,117.997,92.796
0,345.793,0,180,0,77.6229
77.1644,77.5445,79.895,79.6952,117.997,87.204
180,194.207,0,180,180,102.377
6
2.70082e-08,2.78189e-08,3.41971e-08,3.3541e-08,2.98236e-08,1.23002e-07
-86.1771,-96.434,-98.227,-98.0587,-97.0384,-109.345
0,3.14159,3.14159,3.14159,3.14159,3.14159
102.836,102.455,100.105,100.305,117.997,92.796
0,345.793,0,180,0,77.6229
77.1644,77.5445,79.895,79.6952,117.997,87.204
180,194.207,0,180,180,102.377
6
2.70082e-08,2.78189e-08,3.41971e-08,3.3541e-08,2.98236e-08,1.23002e-07
-86.1771,-96.434,-98.227,-98.0587,-97.0384,-109.345
0,3.14159,3.14159,3.14159,3.14159,3.14159
102.836,102.455,100.105,100.305,117.997,92.796
0,345.793,0,180,0,77.6229
77.1644,77.5445,79.895,79.6952,117.997,87.204
180,194.207,0,180,180,102.377
6
2.70082e-08,2.78189e-08,3.41971e-08,3.3541e-08,2.98236e-08,1.23002e-07
-86.1771,-96.434,-98.227,-98.0587,-97.0384,-109.345
0,3.14159,3.14159,3.14159,3.14159,3.14159
102.836,102.455,100.105,100.305,117.997,92.796
0,345.793,0,180,0,77.6229
77.1644,77.5445,79.895,79.6952,117.997,87.204
180,194.207,0,180,180,102.377
6
2.70082e-08,2.78189e-08,3.41971e-08,3.3541e-08,2.98236e-08,1.23002e-07
-86.1771,-96.434,-98.227,-98.0587,-97.0384,-109.345
0,3.14159,3.14159,3.14159,3.14159,3.14159
102.836,102.455,100.105,100.305,117.997,92.796
0,345.793,0,180,0,77.6229
77.1644,77.5445,79.895,79.6952,117.997,87.204
180,194.207,0,180,180,102.377
6
2.70082e-08,2.78189e-08,3.41971e-08,3.3541e-08,2.98236e-08,1.23002e-07
-86.1771,-96.434,-98.227,-98.0587,-97.0384,-109.345
0,3.14159,3.14159,3.14159,3.14159,3.14159
102.836,102.455,100.105,100.305,117.997,92.796
0,345.793,0,180,0,77.6229
77.1644,77.5445,79.895,79.6952,117.997,87.204
180,194.207,0,180,180,102.377
6
2.70082e-08,2.78189e-08,3.41971e-08,3.3541e-08,2.98236e-08,1.23002e-07
-86.1771,-96.434,-98.227,-98.0587,-97.0384,-109.345
0,3.14159,3.14159,3.14159,3.14159,3.14159
102.836,102.455,100.105,100.305,117.997,92.796
0,345.793,0,180,0,77.6229
77.1644,77.5445,79.895,79.6952,117.997,87.204
180,194.207,0,180,180,102.377
6
2.70082e-08,2.78189e-08,3.41971e-08,3.3541e-08,2.98236e-08,1.23002e-07
-86.1771,-96.434,-98.227,-98.0587,-97.0384,-109.345
0,3.14159,3.14159,3.14159,3.14159,3.14159
102.836,102.455,100.105,100.305,117.997,92.796
0,345.793,0,180,0,77.6229
77.1644,77.5445,79.895,79.6952,117.997,87.204
180,194.207,0,180,180,102.377
6
2.70082e-08,2.78189e-08,3.41971e-08,3.3541e-08,2.98236e-08,1.23002e-07
-86.1771,-96.434,-98.227,-98.0587,-97.0384,-109.345
0,3.14159,3.14159,3.14159,3.14159,3.14159
102.836,102.455,100.105,100.305,117.997,92.796
0,345.793,0,180,0,77.6229
77.1644,77.5445,79.895,79.6952,117.997,87.204
180,194.207,0,180,180,102.377
6
2.70082e-08,2.78189e-08,3.41971e-08,3.3541e-08,2.98236e-08,1.23002e-07
-86.1771,-96.434,-98.227,-98.0587,-97.0384,-109.345
0,3.14159,3.14159,3.14159,3.14159,3.14159
102.836,102.455,100.105,100.305,117.997,92.796
0,345.793,0,180,0,77.6229
77.1644,77.5445,79.895,79.6952,117.997,87.204
180,194.207,0,180,180,102.377
6
2.70082e-08,2.78189e-08,3.41971e-08,3.3541e-08,2.98236e-08,1.23002e-07
-86.1771,-96.434,-98.227,-98.0587,-97.0384,-109.345
0,3.14159,3.14159,3.14159,3.14159,3.14159
102.836,102.455,100.105,100.305,117.997,92.796
0,345.793,0,180,0,77.6229
77.1644,77.5445,79.895,79.6952,117.997,87.204
180,194.207,0,180,180,102.377
6
2.70082e-08,2.78189e-08,3.41971e-08,3.3541e-08,2.98236e-08,1.23002e-07
-86.1771,-96.434,-98.227,-98.0587,-97.0384,-109.345
0,3.14159,3.14159,3.14159,3.14159,3.14159
102.836,102.455,100.105,100.305,117.997,92.796
0,345.793,0,180,0,77.6229
77.1644,77.5445,79.895,79.6952,117.997,87.204
180,194.207,0,180,180,102.377
6
2.70082e-08,2.78189e-08,3.41971e-08,3.3541e-08,2.98236e-08,1.23002e-07
-86.1771,-96.434,-98.227,-98.0587,-97.0384,-109.345
0,3.14159,3.14159,3.14159,3.14159,3.14159
102.836,102.455,100.105,100.305,117.997,92.796
0,345.793,0,180,0,77.6229
77.1644,77.5445,79.895,79.6952,117.997,87.204
180,194.207,0,180,180,102.377
6
2.70082e-08,2.78189e-08,3.41971e-08,3.3541e-08,2.98236e-08,1.23002e-07
-86.1771,-96.434,-98.227,-98.0587,-97.0384,-109.345
0,3.14159,3.14159,3.14159,3.14159,3.14159
102.836,102.455,100.105,100.305,117.997,92.796
0,345.793,0,180,0,77.6229
77.1644,77.5445,79.895,79.6952,117.997,87.204
180,194.207,0,180,180,102.377
6
2.70082e-08,2.78189e-08,3.41971e-08,3.3541e-08,2.98236e-08,1.23002e-07
-86.1771,-96.434,-98.227,-98.0587,-97.0384,-109.345
0,3.14159,3.14159,3.14159,3.14159,3.14159
102.836,102.455,100.105,100.305,117.997,92.796
0,345.793,0,180,0,77.6229
77.1644,77.5445,79.895,79.6952,117.997,87.204
180,194.207,0,180,180,102.377
6
2.70082e-08,2.78189e-08,3.41971e-08,3.3541e-08,2.98236e-08,1.23002e-07
-86.1771,-96.434,-98.227,-98.0587,-97.0384,-109.345
0,3.14159,3.14159,3.14159,3.14159,3.14159
102.836,102.455,100.105,100.305,117.997,92.796
0,345.793,0,180,0,77.6229
77.1644,77.5445,79.895,79.6952,117.997,87.204
180,194.207,0,180,180,102.377
6
2.70082e-08,2.78189e-08,3.41971e-08,3.3541e-08,2.98236e-08,1.23002e-07
-86.1771,-96.434,-98.227,-98.0587,-97.0384,-109.345
0,3.14159,3.14159,3.14159,3.14159,3.14159
102.836,102.455,100.105,100.305,117.997,92.796
0,345.793,0,180,0,77.6229
77.1644,77.5445,79.895,79.6952,117.997,87.204
180,194.207,0,180,180,102.377
6
2.70082e-08,2.78189e-08,3.41971e-08,3.3541e-08,2.98236e-08,1.23002e-07
-86.1771,-96.434,-98.227,-98.0587,-97.0384,-109.345
0,3.14159,3.14159,3.14159,3.14159,3.14159
102.836,102.455,100.105,100.305,117.997,92.796
0,345.793,0,180,0,77.6229
77.1644,77.5445,79.895,79.6952,117.997,87.204
180,194.207,0,180,180,102.377
6
2.70082e-08,2.78189e-08,3.41971e-08,3.3541e-08,2.98236e-08,1.23002e-07
-86.1771,-96.434,-98.227,-98.0587,-97.0384,-109.345
0,3.14159,3.14159,3.14159,3.14159,3.14159
102.836,102.455,100.105,100.305,117.997,92.796
0,345.793,0,180,0,77.6229
77.1644,77.5445,79.895,79.6952,117.997,87.204
180,194.207,0,180,180,102.377
6
2.70082e-08,2.78189e-08,3.41971e-08,3.3541e-08,2.98236e-08,1.23002e-07
-86.1771,-96.434,-98.227,-98.0587,-97.0384,-109.345
0,3.14159,3.14159,3.14159,3.14159,3.14159
102.836,102.455,100.105,100.305,117.997,92.796
0,345.793,0,180,0,77.6229
77.1644,77.5445,79.895,79.6952,117.997,87.204
180,194.207,0,180,180,102.377
6
2.70082e-08,2.78189e-08,3.41971e-08,3.3541e-08,2.98236e-08,1.23002e-07
-86.1771,-96.434,-98.227,-98.0587,-97.0384,-109.345
0,3.14159,3.14159,3.14159,3.14159,3.14159
102.836,102.455,100.105,100.305,117.997,92.796
0,345.793,0,180,0,77.6229
77.1644,77.5445,79.895,79.6952,117.997,87.204
180,194.207,0,180,180,102.377
6
2.70082e-08,2.78189e-08,3.41971e-08,3.3541e-08,2.98236e-08,1.23002e-07
-86.1771,-96.434,-98.227,-98.0587,-97.0384,-109.345
0,3.14159,3.14159,3.14159,3.14159,3.14159
102.836,102.455,100.105,100.305,117.997,92.796
0,345.793,0,180,0,77.6229
77.1644,77.5445,79.895,79.6952,117.997,87.204
180,194.207,0,180,180,102.377
6
2.70082e-08,2.78189e-08,3.41971e-08,3.3541e-08,2.98236e-08,1.23002e-07
-86.1771,-96.434,-98.227,-98.0587,-97.0384,-109.345
0,3.14159,3.14159,3.14159,3.14159,3.14159
102.836,102.455,100.105,100.305,117.997,92.796
0,345.793,0,180,0,77.6229
77.1644,77.5445,79.895,79.6952,117.997,87.204
180,194.207,0,180,180,102.377
6
2.70082e-08,2.78189e-08,3.41971e-08,3.3541e-08,2.98236e-08,1.23002e-07
-86.1771,-96.434,-98.227,-98.0587,-97.0384,-109.345
0,3.14159,3.14159,3.14159,3.14159,3.14159
102.836,102.455,100.105,100.305,117.997,92.796
0,345.793,0,180,0,77.6229
77.1644,77.5445,79.895,79.6952,117.997,87.204
180,194.207,0,180,180,102.377
6
2.70082e-08,2.78189e-08,3.41971e-08,3.3541e-08,2.98236e-08,1.23002e-07
-86.1771,-96.434,-98.227,-98.0587,-97.0384,-109.345
0,3.14159,3.14159,3.14159,3.14159,3.14159
102.836,102.455,100.105,100.305,117.997,92.796
0,345.793,0,180,0,77.6229
77.1644,77.5445,79.895,79.6952,117.997,87.204
180,194.207,0,180,180,102.377
6
2.70082e-08,2.78189e-08,3.41971e-08,3.3541e-08,2.98236e-08,1.23002e-07
-86.1771,-96.434,-98.227,-98.0587,-97.0384,-109.345
0,3.14159,3.14159,3.14159,3.14159,3.14159
102.836,102.455,100.105,100.305,117.997,92.796
0,345.793,0,180,0,77.6229
77.1644,77.5445,79.895,79.6952,117.997,87.204
180,194.207,0,180,180,102.377
6
2.70082e-08,2.78189e-08,3.41971e-08,3.3541e-08,2.98236e-08,1.23002e-07
-86.1771,-96.434,-98.227,-98.0587,-97.0384,-109.345
0,3.14159,3.14159,3.14159,3.14159,3.14159
102.836,102.455,100.105,100.305,117.997,92.796
0,345.793,0,180,0,77.6229
77.1644,77.5445,79.895,79.6952,117.997,87.204
180,194.207,0,180,180,102.377
6
2.70082e-08,2.78189e-08,3.41971e-08,3.3541e-08,2.98236e-08,1.23002e-07
-86.1771,-96.434,-98.227,-98.0587,-97.0384,-109.345
0,3.14159,3.14159,3.14159,3.14159,3.14159
102.836,102.455,100.105,100.305,117.997,92.796
0,345.793,0,180,0,77.6229
77.1644,77.5445,79.895,79.6952,117.997,87.204
180,194.207,0,180,180,102.377
6
2.70082e-08,2.78189e-08,3.41971e-08,3.3541e-08,2.98236e-08,1.23002e-07
-86.1771,-96.434,-98.227,-98.0587,-97.0384,-109.345
0,3.14159,3.14159,3.14159,3.14159,3.14159
102.836,102.455,100.105,100.305,117.997,92.796
0,345.793,0,180,0,77.6229
77.1644,77.5445,79.895,79.6952,117.997,87.204
180,194.207,0,180,180,102.377
6
2.70082e-08,2.78189e-08,3.41971e-08,3.3541e-08,2.98236e-08,1.23002e-07
-86.1771,-96.434,-98.227,-98.0587,-97.0384,-109.345
0,3.14159,3.14159,3.14159,3.14159,3.14159
102.836,102.455,100.105,100.305,117.997,92.796
0,345.793,0,180,0,77.6229
77.1644,77.5445,79.895,79.6952,117.997,87.204
180,194.207,0,180,180,102.377
