4
1.66667e-09,8.33333e-09,2.00693e-08,1.18333e-07
-61.9842,-85.9636,-93.5979,-109.009
0,3.14159,3.14159,3.14159
90,90,175.236,90
90,270,90,90
90,90,175.236,90
270,270,270,90
4
3.33333e-09,1e-08,2.02759e-08,1.16667e-07
-68.0048,-87.5472,-93.6868,-108.886
0,3.14159,3.14159,3.14159
90,90,170.538,90
90,270,90,90
90,90,170.538,90
270,270,270,90
6
5e-09,1.16667e-08,6.0208e-08,8.33333e-09,2.06155e-08,1.15e-07
-71.5266,-88.8862,-103.14,-85.9636,-93.8311,-108.761
0,3.14159,3.14159,3.14159,3.14159,3.14159
90,90,90,90,165.964,90
90,270,4.76364,143.13,90,90
90,90,90,90,165.964,90
270,270,355.236,216.87,270,90
4
6.66667e-09,1.33333e-08,2.10819e-08,1.13333e-07
-74.0254,-90.046,-94.0254,-108.634
0,3.14159,3.14159,3.14159
90,90,161.565,90
90,270,90,90
90,90,161.565,90
270,270,270,90
4
8.33333e-09,1.5e-08,2.16667e-08,1.11667e-07
-75.9636,-91.069,-94.2631,-108.506
0,3.14159,3.14159,3.14159
90,90,157.38,90
90,270,90,90
90,90,157.38,90
270,270,270,90
6
1e-08,1.66667e-08,6.08276e-08,1.20185e-08,2.23607e-08,1.1e-07
-77.5472,-91.9842,-103.229,-89.1442,-94.5369,-108.375
0,3.14159,3.14159,3.14159,3.14159,3.14159
90,90,90,90,153.435,90
90,270,9.46232,123.69,90,90
90,90,90,90,153.435,90
270,270,350.538,236.31,270,90
4
1.16667e-08,1.83333e-08,2.31541e-08,1.08333e-07
-78.8862,-92.8121,-94.8398,-108.242
0,3.14159,3.14159,3.14159
90,90,149.744,90
90,270,90,90
90,90,149.744,90
270,270,270,90
4
1.33333e-08,2e-08,2.4037e-08,1.06667e-07
-80.046,-93.5678,-95.1648,-108.108
0,3.14159,3.14159,3.14159
90,90,146.31,90
90,270,90,90
90,90,146.31,90
270,270,270,90
4
1.5e-08,2.16667e-08,2.5e-08,1.05e-07
-81.069,-94.2631,-95.506,-107.971
0,3.14159,3.14159,3.14159
90,90,143.13,90
90,270,90,90
90,90,143.13,90
270,270,270,90
4
1.66667e-08,2.33333e-08,2.60342e-08,1.03333e-07
-81.9842,-94.9068,-95.8581,-107.832
0,3.14159,3.14159,3.14159
90,90,140.194,90
90,270,90,90
90,90,140.194,90
270,270,270,90
4
1.83333e-08,2.5e-08,2.71314e-08,1.01667e-07
-82.8121,-95.506,-96.2167,-107.691
0,3.14159,3.14159,3.14159
90,90,137.49,90
90,270,90,90
90,90,137.49,90
270,270,270,90
4
2e-08,2.66667e-08,2.82843e-08,1e-07
-83.5678,-96.0666,-96.5781,-107.547
0,3.14159,3.14159,3.14159
90,90,135,90
90,270,90,90
90,90,135,90
270,270,270,90
4
2.16667e-08,2.83333e-08,2.94863e-08,9.83333e-08
-84.2631,-96.5932,-96.9396,-107.401
0,3.14159,3.14159,3.14159
90,90,132.709,90
90,270,90,90
90,90,132.709,90
270,270,270,90
6
2.33333e-08,3e-08,6.43774e-08,2.4267e-08,3.07318e-08,9.66667e-08
-84.9068,-97.0896,-103.722,-95.2476,-97.299,-107.253
0,3.14159,3.14159,3.14159,3.14159,3.14159
90,90,90,90,130.601,90
90,270,21.2505,105.945,90,90
90,90,90,90,130.601,90
270,270,338.749,254.055,270,90
4
2.5e-08,3.16667e-08,3.20156e-08,9.5e-08
-85.506,-97.5593,-97.6545,-107.102
0,3.14159,3.14159,3.14159
90,90,128.66,90
90,270,90,90
90,90,128.66,90
270,270,270,90
4
2.66667e-08,3.33333e-08,3.33333e-08,9.33333e-08
-86.0666,-98.0048,-98.0048,-106.948
0,3.14159,3.14159,3.14159
90,90,126.87,90
90,270,90,90
90,90,126.87,90
270,270,270,90
6
2.83333e-08,3.5e-08,6.63534e-08,2.91071e-08,3.46811e-08,9.16667e-08
-86.5932,-98.4286,-103.984,-96.8272,-98.3491,-106.791
0,3.14159,3.14159,3.14159,3.14159,3.14159
90,90,90,90,125.218,90
90,270,25.2777,103.241,90,90
90,90,90,90,125.218,90
270,270,334.722,256.759,270,90
4
3e-08,3.66667e-08,3.60555e-08,9e-08
-87.0896,-98.8327,-98.6867,-106.632
0,3.14159,3.14159,3.14159
90,90,123.69,90
90,270,90,90
90,90,123.69,90
270,270,270,90
4
3.16667e-08,3.83333e-08,3.74537e-08,8.83333e-08
-87.5593,-99.2188,-99.0171,-106.47
0,3.14159,3.14159,3.14159
90,90,122.276,90
90,270,90,90
90,90,122.276,90
270,270,270,90
4
3.33333e-08,4e-08,3.8873e-08,8.66667e-08
-88.0048,-99.5884,-99.3402,-106.304
0,3.14159,3.14159,3.14159
90,90,120.964,90
90,270,90,90
90,90,120.964,90
270,270,270,90
4
3.5e-08,4.16667e-08,4.03113e-08,8.5e-08
-88.4286,-99.943,-99.6558,-106.136
0,3.14159,3.14159,3.14159
90,90,119.745,90
90,270,90,90
90,90,119.745,90
270,270,270,90
4
3.66667e-08,4.33333e-08,4.17665e-08,8.33333e-08
-88.8327,-100.284,-99.9638,-105.964
0,3.14159,3.14159,3.14159
90,90,118.61,90
90,270,90,90
90,90,118.61,90
270,270,270,90
4
3.83333e-08,4.5e-08,4.32371e-08,8.16667e-08
-89.2188,-100.611,-100.264,-105.788
0,3.14159,3.14159,3.14159
90,90,117.553,90
90,270,90,90
90,90,117.553,90
270,270,270,90
4
4e-08,4.66667e-08,4.47214e-08,8e-08
-89.5884,-100.927,-100.558,-105.609
0,3.14159,3.14159,3.14159
90,90,116.565,90
90,270,90,90
90,90,116.565,90
270,270,270,90
6
4.16667e-08,4.83333e-08,7.30487e-08,4.21966e-08,4.62181e-08,7.83333e-08
-89.943,-101.232,-104.819,-100.053,-100.843,-105.426
0,3.14159,3.14159,3.14159,3.14159,3.14159
90,90,90,90,115.641,90
90,270,34.7778,99.0903,90,90
90,90,90,90,115.641,90
270,270,325.222,260.91,270,90
4
4.33333e-08,5e-08,4.77261e-08,7.66667e-08
-90.2837,-101.527,-101.122,-105.239
0,3.14159,3.14159,3.14159
90,90,114.775,90
90,270,90,90
90,90,114.775,90
270,270,270,90
4
4.5e-08,5.16667e-08,4.92443e-08,7.5e-08
-90.6115,-101.811,-101.394,-105.048
0,3.14159,3.14159,3.14159
90,90,113.962,90
90,270,90,90
90,90,113.962,90
270,270,270,90
4
4.66667e-08,5.33333e-08,5.07718e-08,7.33333e-08
-90.9274,-102.087,-101.66,-104.853
0,3.14159,3.14159,3.14159
90,90,113.199,90
90,270,90,90
90,90,113.199,90
270,270,270,90
4
4.83333e-08,5.5e-08,5.23078e-08,7.16667e-08
-91.2322,-102.354,-101.919,-104.654
0,3.14159,3.14159,3.14159
90,90,112.479,90
90,270,90,90
90,90,112.479,90
270,270,270,90
4
5e-08,5.66667e-08,5.38516e-08,7e-08
-91.5266,-102.614,-102.171,-104.449
0,3.14159,3.14159,3.14159
90,90,111.801,90
90,270,90,90
90,90,111.801,90
270,270,270,90
4
5.16667e-08,5.83333e-08,5.54026e-08,6.83333e-08
-91.8114,-102.866,-102.418,-104.24
0,3.14159,3.14159,3.14159
90,90,111.161,90
90,270,90,90
90,90,111.161,90
270,270,270,90
4
5.33333e-08,6e-08,5.696e-08,6.66667e-08
-92.0872,-103.11,-102.659,-104.025
0,3.14159,3.14159,3.14159
90,90,110.556,90
90,270,90,90
90,90,110.556,90
270,270,270,90
6
5.5e-08,6.16667e-08,8.13941e-08,5.54026e-08,5.85235e-08,6.5e-08
-92.3545,-103.348,-105.759,-102.418,-102.894,-103.805
0,3.14159,3.14159,3.14159,3.14159,3.14159
90,90,90,90,109.983,90
90,270,42.5104,96.9112,90,90
90,90,90,90,109.983,90
270,270,317.49,263.089,270,90
4
5.66667e-08,6.33333e-08,6.00925e-08,6.33333e-08
-92.6138,-103.58,-103.124,-103.58
0,3.14159,3.14159,3.14159
90,90,109.44,90
90,270,90,90
90,90,109.44,90
270,270,270,90
6
5.83333e-08,6.5e-08,8.36826e-08,5.8713e-08,6.16667e-08,6.16667e-08
-92.8656,-103.805,-106,-102.922,-103.348,-103.348
0,3.14159,3.14159,3.14159,3.14159,3.14159
90,90,90,90,108.925,90
90,270,44.1931,96.5198,90,90
90,90,90,90,108.925,90
270,270,315.807,263.48,270,90
