6
2.70082e-08,2.88001e-08,3.41971e-08,3.3541e-08,2.98236e-08,1.19752e-07
-86.1771,-96.7351,-98.227,-98.0587,-97.0384,-109.113
0,3.14159,3.14159,3.14159,3.14159,3.14159
102.836,102.025,100.105,100.305,117.997,92.8719
0,339.206,0,180,0,77.2807
77.1644,77.9753,79.895,79.6952,117.997,87.1281
180,200.794,0,180,180,102.719
6
2.70082e-08,3.01201e-08,3.41971e-08,3.3541e-08,2.98236e-08,1.16507e-07
-86.1771,-97.1244,-98.227,-98.0587,-97.0384,-108.874
0,3.14159,3.14159,3.14159,3.14159,3.14159
102.836,101.49,100.105,100.305,117.997,92.952
0,333.146,0,180,0,76.9193
77.1644,78.5097,79.895,79.6952,117.997,87.048
180,206.854,0,180,180,103.081
6
2.70082e-08,3.17368e-08,3.41971e-08,3.3541e-08,2.98236e-08,1.13267e-07
-86.1771,-97.5785,-98.227,-98.0587,-97.0384,-108.629
0,3.14159,3.14159,3.14159,3.14159,3.14159
102.836,100.898,100.105,100.305,117.997,93.0365
0,327.67,0,180,0,76.5371
77.1644,79.1023,79.895,79.6952,117.997,86.9635
180,212.33,0,180,180,103.463
6
2.70082e-08,3.36072e-08,3.41971e-08,3.3541e-08,2.98236e-08,1.10033e-07
-86.1771,-98.0759,-98.227,-98.0587,-97.0384,-108.378
0,3.14159,3.14159,3.14159,3.14159,3.14159
102.836,100.284,100.105,100.305,117.997,93.1258
0,322.784,0,180,0,76.1324
77.1644,79.7157,79.895,79.6952,117.997,86.8742
180,217.216,0,180,180,103.868
6
2.70082e-08,3.56916e-08,3.41971e-08,3.3541e-08,2.98236e-08,1.06805e-07
-86.1771,-98.5985,-98.227,-98.0587,-97.0384,-108.119
0,3.14159,3.14159,3.14159,3.14159,3.14159
102.836,99.6778,100.105,100.305,117.997,93.2204
0,318.457,0,180,0,75.7031
77.1644,80.3222,79.895,79.6952,117.997,86.7796
180,221.543,0,180,180,104.297
6
2.70082e-08,3.79547e-08,3.41971e-08,3.3541e-08,2.98236e-08,1.03583e-07
-86.1771,-99.1325,-98.227,-98.0587,-97.0384,-107.853
0,3.14159,3.14159,3.14159,3.14159,3.14159
102.836,99.0957,100.105,100.305,117.997,93.3207
0,314.64,0,180,0,75.247
77.1644,80.9043,79.895,79.6952,117.997,86.6793
180,225.36,0,180,180,104.753
6
2.70082e-08,4.03664e-08,3.41971e-08,3.3541e-08,2.98236e-08,1.00369e-07
-86.1771,-99.6676,-98.227,-98.0587,-97.0384,-107.579
0,3.14159,3.14159,3.14159,3.14159,3.14159
102.836,98.548,100.105,100.305,117.997,93.4272
0,311.276,0,180,0,74.7616
77.1644,81.452,79.895,79.6952,117.997,86.5728
180,228.724,0,180,180,105.238
6
2.70082e-08,4.29017e-08,3.41971e-08,3.3541e-08,2.98236e-08,9.71625e-08
-86.1771,-100.197,-98.227,-98.0587,-97.0384,-107.297
0,3.14159,3.14159,3.14159,3.14159,3.14159
102.836,98.0394,100.105,100.305,117.997,93.5404
0,308.309,0,180,0,74.244
77.1644,81.9606,79.895,79.6952,117.997,86.4596
180,231.691,0,180,180,105.756
6
2.70082e-08,4.554e-08,3.41971e-08,3.3541e-08,2.98236e-08,9.39651e-08
-86.1771,-100.715,-98.227,-98.0587,-97.0384,-107.007
0,3.14159,3.14159,3.14159,3.14159,3.14159
102.836,97.5709,100.105,100.305,117.997,93.661
0,305.685,0,180,0,73.6909
77.1644,82.4291,79.895,79.6952,117.997,86.339
180,234.315,0,180,180,106.309
6
2.70082e-08,4.82643e-08,3.41971e-08,3.3541e-08,2.98236e-08,9.07775e-08
-86.1771,-101.22,-98.227,-98.0587,-97.0384,-106.707
0,3.14159,3.14159,3.14159,3.14159,3.14159
102.836,97.1412,100.105,100.305,117.997,93.7898
0,303.358,0,180,0,73.0988
77.1644,82.8588,79.895,79.6952,117.997,86.2102
180,236.642,0,180,180,106.901
6
2.70082e-08,5.1061e-08,3.41971e-08,3.3541e-08,2.98236e-08,8.76007e-08
-86.1771,-101.709,-98.227,-98.0587,-97.0384,-106.397
0,3.14159,3.14159,3.14159,3.14159,3.14159
102.836,96.7482,100.105,100.305,117.997,93.9274
0,301.287,0,180,0,72.4635
77.1644,83.2518,79.895,79.6952,117.997,86.0726
180,238.713,0,180,180,107.537
6
2.70082e-08,5.39187e-08,3.41971e-08,3.3541e-08,2.98236e-08,8.4436e-08
-86.1771,-102.182,-98.227,-98.0587,-97.0384,-106.078
0,3.14159,3.14159,3.14159,3.14159,3.14159
102.836,96.389,100.105,100.305,117.997,94.0749
0,299.435,0,180,0,71.7802
77.1644,83.611,79.895,79.6952,117.997,85.9251
180,240.565,0,180,180,108.22
6
2.70082e-08,5.68282e-08,3.41971e-08,3.3541e-08,2.98236e-08,8.12848e-08
-86.1771,-102.639,-98.227,-98.0587,-97.0384,-105.747
0,3.14159,3.14159,3.14159,3.14159,3.14159
102.836,96.0607,100.105,100.305,117.997,94.2331
0,297.774,0,180,0,71.0435
77.1644,83.9393,79.895,79.6952,117.997,85.7669
180,242.226,0,180,180,108.956
6
2.70082e-08,5.9782e-08,3.41971e-08,3.3541e-08,2.98236e-08,7.81487e-08
-86.1771,-103.079,-98.227,-98.0587,-97.0384,-105.406
0,3.14159,3.14159,3.14159,3.14159,3.14159
102.836,95.7602,100.105,100.305,117.997,94.4033
0,296.278,0,180,0,70.2472
77.1644,84.2398,79.895,79.6952,117.997,85.5967
180,243.722,0,180,180,109.753
6
2.70082e-08,6.27738e-08,3.41971e-08,3.3541e-08,2.98236e-08,7.50296e-08
-86.1771,-103.503,-98.227,-98.0587,-97.0384,-105.052
0,3.14159,3.14159,3.14159,3.14159,3.14159
102.836,95.4848,100.105,100.305,117.997,94.5868
0,294.925,0,180,0,69.3842
77.1644,84.5152,79.895,79.6952,117.997,85.4132
180,245.075,0,180,180,110.616
6
2.70082e-08,6.57985e-08,3.41971e-08,3.3541e-08,2.98236e-08,7.19297e-08
-86.1771,-103.912,-98.227,-98.0587,-97.0384,-104.685
0,3.14159,3.14159,3.14159,3.14159,3.14159
102.836,95.2319,100.105,100.305,117.997,94.7849
0,293.696,0,180,0,68.446
77.1644,84.7681,79.895,79.6952,117.997,85.2151
180,246.304,0,180,180,111.554
6
2.70082e-08,6.88517e-08,3.41971e-08,3.3541e-08,2.98236e-08,6.88517e-08
-86.1771,-104.306,-98.227,-98.0587,-97.0384,-104.306
0,3.14159,3.14159,3.14159,3.14159,3.14159
102.836,94.9993,100.105,100.305,117.997,94.9993
0,292.577,0,180,0,67.423
77.1644,85.0007,79.895,79.6952,117.997,85.0007
180,247.423,0,180,180,112.577
6
2.70082e-08,7.19297e-08,3.41971e-08,3.3541e-08,2.98236e-08,6.57985e-08
-86.1771,-104.685,-98.227,-98.0587,-97.0384,-103.912
0,3.14159,3.14159,3.14159,3.14159,3.14159
102.836,94.7849,100.105,100.305,117.997,95.2319
0,291.554,0,180,0,66.3039
77.1644,85.2151,79.895,79.6952,117.997,84.7681
180,248.446,0,180,180,113.696
6
2.70082e-08,7.50296e-08,3.41971e-08,3.3541e-08,2.98236e-08,6.27738e-08
-86.1771,-105.052,-98.227,-98.0587,-97.0384,-103.503
0,3.14159,3.14159,3.14159,3.14159,3.14159
102.836,94.5868,100.105,100.305,117.997,95.4848
0,290.616,0,180,0,65.0754
77.1644,85.4132,79.895,79.6952,117.997,84.5152
180,249.384,0,180,180,114.925
6
2.70082e-08,7.81487e-08,3.41971e-08,3.3541e-08,2.98236e-08,5.9782e-08
-86.1771,-105.406,-98.227,-98.0587,-97.0384,-103.079
0,3.14159,3.14159,3.14159,3.14159,3.14159
102.836,94.4033,100.105,100.305,117.997,95.7602
0,289.753,0,180,0,63.7221
77.1644,85.5967,79.895,79.6952,117.997,84.2398
180,250.247,0,180,180,116.278
6
2.70082e-08,8.12848e-08,3.41971e-08,3.3541e-08,2.98236e-08,5.68282e-08
-86.1771,-105.747,-98.227,-98.0587,-97.0384,-102.639
0,3.14159,3.14159,3.14159,3.14159,3.14159
102.836,94.2331,100.105,100.305,117.997,96.0607
0,288.956,0,180,0,62.2257
77.1644,85.7669,79.895,79.6952,117.997,83.9393
180,251.044,0,180,180,117.774
6
2.70082e-08,8.4436e-08,3.41971e-08,3.3541e-08,2.98236e-08,5.39187e-08
-86.1771,-106.078,-98.227,-98.0587,-97.0384,-102.182
0,3.14159,3.14159,3.14159,3.14159,3.14159
102.836,94.0749,100.105,100.305,117.997,96.389
0,288.22,0,180,0,60.5646
77.1644,85.9251,79.895,79.6952,117.997,83.611
180,251.78,0,180,180,119.435
6
2.70082e-08,8.76007e-08,3.41971e-08,3.3541e-08,2.98236e-08,5.1061e-08
-86.1771,-106.397,-98.227,-98.0587,-97.0384,-101.709
0,3.14159,3.14159,3.14159,3.14159,3.14159
102.836,93.9274,100.105,100.305,117.997,96.7482
0,287.537,0,180,0,58.7133
77.1644,86.0726,79.895,79.6952,117.997,83.2518
180,252.463,0,180,180,121.287
6
2.70082e-08,9.07775e-08,3.41971e-08,3.3541e-08,2.98236e-08,4.82643e-08
-86.1771,-106.707,-98.227,-98.0587,-97.0384,-101.22
0,3.14159,3.14159,3.14159,3.14159,3.14159
102.836,93.7898,100.105,100.305,117.997,97.1412
0,286.901,0,180,0,56.6418
77.1644,86.2102,79.895,79.6952,117.997,82.8588
180,253.099,0,180,180,123.358
6
2.70082e-08,9.39651e-08,3.41971e-08,3.3541e-08,2.98236e-08,4.554e-08
-86.1771,-107.007,-98.227,-98.0587,-97.0384,-100.715
0,3.14159,3.14159,3.14159,3.14159,3.14159
102.836,93.661,100.105,100.305,117.997,97.5709
0,286.309,0,180,0,54.3148
77.1644,86.339,79.895,79.6952,117.997,82.4291
180,253.691,0,180,180,125.685
6
2.70082e-08,9.71625e-08,3.41971e-08,3.3541e-08,2.98236e-08,4.29017e-08
-86.1771,-107.297,-98.227,-98.0587,-97.0384,-100.197
0,3.14159,3.14159,3.14159,3.14159,3.14159
102.836,93.5404,100.105,100.305,117.997,98.0394
0,285.756,0,180,0,51.6913
77.1644,86.4596,79.895,79.6952,117.997,81.9606
180,254.244,0,180,180,128.309
6
2.70082e-08,1.00369e-07,3.41971e-08,3.3541e-08,2.98236e-08,4.03664e-08
-86.1771,-107.579,-98.227,-98.0587,-97.0384,-99.6676
0,3.14159,3.14159,3.14159,3.14159,3.14159
102.836,93.4272,100.105,100.305,117.997,98.548
0,285.238,0,180,0,48.7241
77.1644,86.5728,79.895,79.6952,117.997,81.452
180,254.762,0,180,180,131.276
6
2.70082e-08,1.03583e-07,3.41971e-08,3.3541e-08,2.98236e-08,3.79547e-08
-86.1771,-107.853,-98.227,-98.0587,-97.0384,-99.1325
0,3.14159,3.14159,3.14159,3.14159,3.14159
102.836,93.3207,100.105,100.305,117.997,99.0957
0,284.753,0,180,0,45.3603
77.1644,86.6793,79.895,79.6952,117.997,80.9043
180,255.247,0,180,180,134.64
6
2.70082e-08,1.06805e-07,3.41971e-08,3.3541e-08,2.98236e-08,3.56916e-08
-86.1771,-108.119,-98.227,-98.0587,-97.0384,-98.5985
0,3.14159,3.14159,3.14159,3.14159,3.14159
102.836,93.2204,100.105,100.305,117.997,99.6778
0,284.297,0,180,0,41.5434
77.1644,86.7796,79.895,79.6952,117.997,80.3222
180,255.703,0,180,180,138.457
6
2.70082e-08,1.10033e-07,3.41971e-08,3.3541e-08,2.98236e-08,3.36072e-08
-86.1771,-108.378,-98.227,-98.0587,-97.0384,-98.0759
0,3.14159,3.14159,3.14159,3.14159,3.14159
102.836,93.1258,100.105,100.305,117.997,100.284
0,283.868,0,180,0,37.2164
77.1644,86.8742,79.895,79.6952,117.997,79.7157
180,256.132,0,180,180,142.784
6
2.70082e-08,1.13267e-07,3.41971e-08,3.3541e-08,2.98236e-08,3.17368e-08
-86.1771,-108.629,-98.227,-98.0587,-97.0384,-97.5785
0,3.14159,3.14159,3.14159,3.14159,3.14159
102.836,93.0365,100.105,100.305,117.997,100.898
0,283.463,0,180,0,32.3302
77.1644,86.9635,79.895,79.6952,117.997,79.1023
180,256.537,0,180,180,147.67
6
2.70082e-08,1.16507e-07,3.41971e-08,3.3541e-08,2.98236e-08,3.01201e-08
-86.1771,-108.874,-98.227,-98.0587,-97.0384,-97.1244
0,3.14159,3.14159,3.14159,3.14159,3.14159
102.836,92.952,100.105,100.305,117.997,101.49
0,283.081,0,180,0,26.8544
77.1644,87.048,79.895,79.6952,117.997,78.5097
180,256.919,0,180,180,153.146
6
2.70082e-08,1.19752e-07,3.41971e-08,3.3541e-08,2.98236e-08,2.88001e-08
-86.1771,-109.113,-98.227,-98.0587,-97.0384,-96.7351
0,3.14159,3.14159,3.14159,3.14159,3.14159
102.836,92.8719,100.105,100.305,117.997,102.025
0,282.719,0,180,0,20.7941
77.1644,87.1281,79.895,79.6952,117.997,77.9753
180,257.281,0,180,180,159.206
6
2.70082e-08,1.23002e-07,3.41971e-08,3.3541e-08,2.98236e-08,2.78189e-08
-86.1771,-109.345,-98.227,-98.0587,-97.0384,-96.434
0,3.14159,3.14159,3.14159,3.14159,3.14159
102.836,92.796,100.105,100.305,117.997,102.455
0,282.377,0,180,0,14.2068
77.1644,87.204,79.895,79.6952,117.997,77.5445
180,257.623,0,180,180,165.793
6
2.70082e-08,1.26256e-07,3.41971e-08,3.3541e-08,2.98236e-08,2.72132e-08
-86.1771,-109.572,-98.227,-98.0587,-97.0384,-96.2428
0,3.14159,3.14159,3.14159,3.14159,3.14159
102.836,92.7239,100.105,100.305,117.997,102.737
0,282.052,0,180,0,7.21426
77.1644,87.2761,79.895,79.6952,117.997,77.2627
180,257.948,0,180,180,172.786
