6
2.70596e-08,2.82646e-08,3.42377e-08,3.35824e-08,2.98701e-08,1.21376e-07
-86.1937,-96.5721,-98.2373,-98.0695,-97.052,-109.23
0,3.14159,3.14159,3.14159,3.14159,3.14159
102.811,102.256,100.093,100.292,117.95,92.8335
356.379,342.44,357.166,182.891,356.379,77.4541
77.1892,77.744,79.9071,79.708,117.95,87.1665
176.379,197.56,2.83411,177.109,176.379,102.546
6
2.72132e-08,2.88001e-08,3.43592e-08,3.37062e-08,3.00093e-08,1.19752e-07
-86.2428,-96.7351,-98.2681,-98.1014,-97.0923,-109.113
0,3.14159,3.14159,3.14159,3.14159,3.14159
102.737,102.025,100.057,100.254,117.809,92.8719
352.786,339.206,354.346,185.768,352.786,77.2807
77.2627,77.9753,79.9431,79.7462,117.809,87.1281
172.786,200.794,5.65442,174.232,172.786,102.719
6
2.74672e-08,2.94203e-08,3.45607e-08,3.39116e-08,3.02398e-08,1.18129e-07
-86.3235,-96.9202,-98.3189,-98.1542,-97.1588,-108.994
0,3.14159,3.14159,3.14159,3.14159,3.14159
102.618,101.767,99.9976,100.191,117.579,92.9114
349.249,336.105,351.552,188.616,349.249,77.1025
77.3824,78.2325,80.0024,79.809,117.579,87.0886
169.249,203.895,8.44753,171.384,169.249,102.898
6
2.78189e-08,3.01201e-08,3.48409e-08,3.41971e-08,3.05596e-08,1.16507e-07
-86.434,-97.1244,-98.389,-98.227,-97.2502,-108.874
0,3.14159,3.14159,3.14159,3.14159,3.14159
102.455,101.49,99.9164,100.105,117.266,92.952
345.793,333.146,348.799,191.421,345.793,76.9193
77.5445,78.5097,80.0836,79.895,117.266,87.048
165.793,206.854,11.2008,168.579,165.793,103.081
6
2.82646e-08,3.08941e-08,3.51979e-08,3.45607e-08,3.09659e-08,1.14886e-07
-86.5721,-97.3447,-98.4775,-98.3189,-97.3649,-108.753
0,3.14159,3.14159,3.14159,3.14159,3.14159
102.256,101.199,99.8149,99.9976,116.879,92.9937
342.44,330.333,346.097,194.172,342.44,76.7309
77.744,78.8013,80.1851,80.0024,116.879,87.0063
162.44,209.667,13.9027,165.828,162.44,103.269
6
2.88001e-08,3.17368e-08,3.56293e-08,3.5e-08,3.14554e-08,1.13267e-07
-86.7351,-97.5785,-98.5834,-98.4286,-97.5011,-108.629
0,3.14159,3.14159,3.14159,3.14159,3.14159
102.025,100.898,99.6949,99.8709,116.428,93.0365
339.206,327.67,343.457,196.858,339.206,76.5371
77.9753,79.1023,80.3051,80.1291,116.428,86.9635
159.206,212.33,16.543,163.142,159.206,103.463
6
2.94203e-08,3.26428e-08,3.61325e-08,3.55121e-08,3.20243e-08,1.11649e-07
-86.9202,-97.823,-98.7052,-98.5548,-97.6568,-108.504
0,3.14159,3.14159,3.14159,3.14159,3.14159
101.767,100.592,99.5586,99.7271,115.923,93.0805
336.105,325.154,340.887,199.47,336.105,76.3377
78.2325,79.4084,80.4414,80.2729,115.923,86.9195
156.105,214.846,19.113,160.53,156.105,103.662
6
3.01201e-08,3.36072e-08,3.67045e-08,3.6094e-08,3.26684e-08,1.10033e-07
-87.1244,-98.0759,-98.8416,-98.6959,-97.8298,-108.378
0,3.14159,3.14159,3.14159,3.14159,3.14159
101.49,100.284,99.4082,99.5688,115.376,93.1258
333.146,322.784,338.394,202.001,333.146,76.1324
78.5097,79.7157,80.5918,80.4312,115.376,86.8742
153.146,217.216,21.6055,157.999,153.146,103.868
6
3.08941e-08,3.4625e-08,3.73423e-08,3.67423e-08,3.33833e-08,1.08418e-07
-87.3447,-98.335,-98.9912,-98.8506,-98.0178,-108.249
0,3.14159,3.14159,3.14159,3.14159,3.14159
101.199,99.9789,99.2461,99.3985,114.795,93.1724
330.333,320.553,335.985,204.444,330.333,75.921
78.8013,80.0211,80.7539,80.6015,114.795,86.8276
150.333,219.447,24.0151,155.556,150.333,104.079
6
3.17368e-08,3.56916e-08,3.80424e-08,3.74537e-08,3.41646e-08,1.06805e-07
-87.5785,-98.5985,-99.1526,-99.0171,-98.2188,-108.119
0,3.14159,3.14159,3.14159,3.14159,3.14159
100.898,99.6778,99.0745,99.2184,114.191,93.2204
327.67,318.457,333.662,206.796,327.67,75.7031
79.1023,80.3222,80.9255,80.7816,114.191,86.7796
147.67,221.543,26.3377,153.204,147.67,104.297
6
3.26428e-08,3.68028e-08,3.88015e-08,3.82245e-08,3.50079e-08,1.05193e-07
-87.823,-98.8648,-99.3242,-99.1941,-98.4306,-107.987
0,3.14159,3.14159,3.14159,3.14159,3.14159
100.592,99.3829,98.8955,99.0309,113.573,93.2698
325.154,316.488,331.429,209.055,325.154,75.4786
79.4084,80.6171,81.1045,80.9691,113.573,86.7302
145.154,223.512,28.5707,150.945,145.154,104.521
6
3.36072e-08,3.79547e-08,3.96162e-08,3.90512e-08,3.59088e-08,1.03583e-07
-88.0759,-99.1325,-99.5047,-99.3799,-98.6512,-107.853
0,3.14159,3.14159,3.14159,3.14159,3.14159
100.284,99.0957,98.7111,98.8382,112.947,93.3207
322.784,314.64,329.287,211.218,322.784,75.247
79.7157,80.9043,81.2889,81.1618,112.947,86.6793
142.784,225.36,30.7128,148.782,142.784,104.753
6
3.4625e-08,3.91436e-08,4.04832e-08,3.99305e-08,3.68631e-08,1.01975e-07
-88.335,-99.4004,-99.6927,-99.5733,-98.8791,-107.717
0,3.14159,3.14159,3.14159,3.14159,3.14159
99.9789,98.8172,98.5232,98.6421,112.32,93.3731
320.553,312.905,327.236,213.288,320.553,75.0082
80.0211,81.1828,81.4768,81.3579,112.32,86.6269
140.553,227.095,32.7639,146.712,140.553,104.992
6
3.56916e-08,4.03664e-08,4.13991e-08,4.08588e-08,3.78667e-08,1.00369e-07
-88.5985,-99.6676,-99.887,-99.7729,-99.1124,-107.579
0,3.14159,3.14159,3.14159,3.14159,3.14159
99.6778,98.548,98.3333,98.4443,111.698,93.4272
318.457,311.276,325.275,215.263,318.457,74.7616
80.3222,81.452,81.6667,81.5557,111.698,86.5728
138.457,228.724,34.7246,144.737,138.457,105.238
6
3.68028e-08,4.162e-08,4.23609e-08,4.1833e-08,3.89159e-08,9.87646e-08
-88.8648,-99.9333,-100.087,-99.9776,-99.3498,-107.439
0,3.14159,3.14159,3.14159,3.14159,3.14159
99.3829,98.2887,98.1428,98.2462,111.085,93.4829
316.488,309.746,323.403,217.147,316.488,74.507
80.6171,81.7113,81.8572,81.7538,111.085,86.5171
136.488,230.254,36.5966,142.853,136.488,105.493
6
3.79547e-08,4.29017e-08,4.33654e-08,4.28499e-08,4.00069e-08,9.71625e-08
-89.1325,-100.197,-100.29,-100.186,-99.5899,-107.297
0,3.14159,3.14159,3.14159,3.14159,3.14159
99.0957,98.0394,97.9529,98.0492,110.484,93.5404
314.64,308.309,321.618,218.941,314.64,74.244
80.9043,81.9606,82.0471,81.9508,110.484,86.4596
134.64,231.691,38.382,141.059,134.64,105.756
6
3.91436e-08,4.42091e-08,4.44097e-08,4.39065e-08,4.11366e-08,9.55627e-08
-89.4004,-100.457,-100.497,-100.398,-99.8318,-107.153
0,3.14159,3.14159,3.14159,3.14159,3.14159
98.8172,97.8002,97.7647,97.8543,109.897,93.5997
312.905,306.957,319.917,220.649,312.905,73.9721
81.1828,82.1998,82.2353,82.1457,109.897,86.4003
132.905,233.043,40.0834,139.351,132.905,106.028
6
4.03664e-08,4.554e-08,4.54911e-08,4.5e-08,4.23018e-08,9.39651e-08
-89.6676,-100.715,-100.706,-100.611,-100.074,-107.007
0,3.14159,3.14159,3.14159,3.14159,3.14159
98.548,97.5709,97.579,97.6623,109.327,93.661
311.276,305.685,318.296,222.274,311.276,73.6909
81.452,82.4291,82.421,82.3377,109.327,86.339
131.276,234.315,41.7039,137.726,131.276,106.309
6
4.162e-08,4.68923e-08,4.66071e-08,4.61278e-08,4.34997e-08,9.237e-08
-89.9333,-100.969,-100.916,-100.826,-100.317,-106.858
0,3.14159,3.14159,3.14159,3.14159,3.14159
98.2887,97.3513,97.3965,97.4738,108.774,93.7243
309.746,304.487,316.753,223.819,309.746,73.4
81.7113,82.6487,82.6035,82.5262,108.774,86.2757
129.746,235.513,43.2466,136.181,129.746,106.6
6
4.29017e-08,4.82643e-08,4.77552e-08,4.72875e-08,4.47276e-08,9.07775e-08
-90.1967,-101.22,-101.128,-101.042,-100.559,-106.707
0,3.14159,3.14159,3.14159,3.14159,3.14159
98.0394,97.1412,97.2178,97.2895,108.24,93.7898
308.309,303.358,315.285,225.288,308.309,73.0988
81.9606,82.8588,82.7822,82.7105,108.24,86.2102
128.309,236.642,44.7149,134.712,128.309,106.901
6
4.42091e-08,4.96544e-08,4.89331e-08,4.84768e-08,4.59831e-08,8.91877e-08
-90.4575,-101.466,-101.339,-101.258,-100.799,-106.553
0,3.14159,3.14159,3.14159,3.14159,3.14159
97.8002,96.9403,97.0431,97.1098,107.726,93.8574
306.957,302.293,313.888,226.685,306.957,72.7868
82.1998,83.0597,82.9569,82.8902,107.726,86.1426
126.957,237.707,46.1124,133.315,126.957,107.213
6
4.554e-08,5.1061e-08,5.01387e-08,4.96935e-08,4.7264e-08,8.76007e-08
-90.7151,-101.709,-101.551,-101.473,-101.038,-106.397
0,3.14159,3.14159,3.14159,3.14159,3.14159
97.5709,96.7482,96.8729,96.9348,107.23,93.9274
305.685,301.287,312.558,228.013,305.685,72.4635
82.4291,83.2518,83.1271,83.0652,107.23,86.0726
125.685,238.713,47.4424,131.987,125.685,107.537
6
4.68923e-08,5.24828e-08,5.13701e-08,5.09357e-08,4.85684e-08,8.60168e-08
-90.9693,-101.948,-101.761,-101.688,-101.274,-106.239
0,3.14159,3.14159,3.14159,3.14159,3.14159
97.3513,96.5646,96.7074,96.7649,106.753,93.9998
304.487,300.336,311.292,229.276,304.487,72.1281
82.6487,83.4354,83.2926,83.2351,106.753,86.0002
124.487,239.664,48.7084,130.724,124.487,107.872
6
4.82643e-08,5.39187e-08,5.26255e-08,5.22015e-08,4.98943e-08,8.4436e-08
-91.2197,-102.182,-101.971,-101.901,-101.508,-106.078
0,3.14159,3.14159,3.14159,3.14159,3.14159
97.1412,96.389,96.5467,96.6001,106.296,94.0749
303.358,299.435,310.086,230.477,303.358,71.7802
82.8588,83.611,83.4533,83.3999,106.296,85.9251
123.358,240.565,49.9138,129.523,123.358,108.22
6
4.96544e-08,5.53675e-08,5.39032e-08,5.34894e-08,5.12402e-08,8.28586e-08
-91.4664,-102.412,-102.18,-102.113,-101.739,-105.914
0,3.14159,3.14159,3.14159,3.14159,3.14159
96.9403,96.2212,96.3909,96.4405,105.856,94.1526
302.293,298.583,308.938,231.621,302.293,71.4189
83.0597,83.7788,83.6091,83.5595,105.856,85.8474
122.293,241.417,51.0618,128.379,122.293,108.581
6
5.1061e-08,5.68282e-08,5.52017e-08,5.47976e-08,5.26044e-08,8.12848e-08
-91.709,-102.639,-102.386,-102.322,-101.968,-105.747
0,3.14159,3.14159,3.14159,3.14159,3.14159
96.7482,96.0607,96.2399,96.2861,105.435,94.2331
301.287,297.774,307.844,232.709,301.287,71.0435
83.2518,83.9393,83.7601,83.7139,105.435,85.7669
121.287,242.226,52.1555,127.291,121.287,108.956
6
5.24828e-08,5.83e-08,5.65194e-08,5.61249e-08,5.39856e-08,7.97148e-08
-91.9476,-102.861,-102.591,-102.53,-102.193,-105.578
0,3.14159,3.14159,3.14159,3.14159,3.14159
96.5646,95.9071,96.0939,96.1369,105.03,94.3166
300.336,297.007,306.802,233.746,300.336,70.6533
83.4354,84.0929,83.9061,83.8631,105.03,85.6834
120.336,242.993,53.1981,126.254,120.336,109.347
6
5.39187e-08,5.9782e-08,5.78552e-08,5.74698e-08,5.53825e-08,7.81487e-08
-92.182,-103.079,-102.794,-102.736,-102.415,-105.406
0,3.14159,3.14159,3.14159,3.14159,3.14159
96.389,95.7602,95.9527,95.9928,104.643,94.4033
299.435,296.278,305.808,234.734,299.435,70.2472
83.611,84.2398,84.0473,84.0072,104.643,85.5967
119.435,243.722,54.1922,125.266,119.435,109.753
6
5.53675e-08,6.12735e-08,5.92077e-08,5.88312e-08,5.6794e-08,7.65869e-08
-92.4123,-103.293,-102.995,-102.939,-102.633,-105.23
0,3.14159,3.14159,3.14159,3.14159,3.14159
96.2212,95.6195,95.8162,95.8536,104.271,94.4933
298.583,295.585,304.859,235.676,298.583,69.8246
83.7788,84.3805,84.1838,84.1464,104.271,85.5067
118.583,244.415,55.1408,124.324,118.583,110.175
6
5.68282e-08,6.27738e-08,6.05759e-08,6.0208e-08,5.82189e-08,7.50296e-08
-92.6385,-103.503,-103.193,-103.14,-102.849,-105.052
0,3.14159,3.14159,3.14159,3.14159,3.14159
96.0607,95.4848,95.6844,95.7193,103.914,94.5868
297.774,294.925,303.954,236.575,297.774,69.3842
83.9393,84.5152,84.3156,84.2807,103.914,85.4132
117.774,245.075,56.0463,123.425,117.774,110.616
6
5.83e-08,6.42824e-08,6.19588e-08,6.15991e-08,5.96564e-08,7.34771e-08
-92.8606,-103.709,-103.389,-103.339,-103.06,-104.87
0,3.14159,3.14159,3.14159,3.14159,3.14159
95.9071,95.3557,95.5572,95.5897,103.573,94.6839
297.007,294.296,303.089,237.433,297.007,68.925
84.0929,84.6443,84.4428,84.4103,103.573,85.3161
117.007,245.704,56.9112,122.567,117.007,111.075
6
5.9782e-08,6.57985e-08,6.33553e-08,6.30035e-08,6.11056e-08,7.19297e-08
-93.0786,-103.912,-103.583,-103.535,-103.269,-104.685
0,3.14159,3.14159,3.14159,3.14159,3.14159
95.7602,95.2319,95.4343,95.4647,103.245,94.7849
296.278,293.696,302.262,238.253,296.278,68.446
84.2398,84.7681,84.5657,84.5353,103.245,85.2151
116.278,246.304,57.7378,121.747,116.278,111.554
6
6.12735e-08,6.73218e-08,6.47645e-08,6.44205e-08,6.25655e-08,7.03878e-08
-93.2927,-104.11,-103.774,-103.728,-103.474,-104.497
0,3.14159,3.14159,3.14159,3.14159,3.14159
95.6195,95.1132,95.3157,95.3442,102.93,94.8899
295.585,293.124,301.472,239.036,295.585,67.9457
84.3805,84.8868,84.6843,84.6558,102.93,85.1101
115.585,246.876,58.5283,120.964,115.585,112.054
6
6.27738e-08,6.88517e-08,6.61858e-08,6.58492e-08,6.40356e-08,6.88517e-08
-93.5028,-104.306,-103.963,-103.918,-103.676,-104.306
0,3.14159,3.14159,3.14159,3.14159,3.14159
95.4848,94.9993,95.2012,95.2279,102.628,94.9993
294.925,292.577,300.715,239.785,294.925,67.423
84.5152,85.0007,84.7988,84.7721,102.628,85.0007
114.925,247.423,59.2847,120.215,114.925,112.577
6
6.42824e-08,7.03878e-08,6.76182e-08,6.72888e-08,6.55151e-08,6.73218e-08
-93.7091,-104.497,-104.148,-104.106,-103.874,-104.11
0,3.14159,3.14159,3.14159,3.14159,3.14159
95.3557,94.8899,95.0908,95.1157,102.339,95.1132
294.296,292.054,299.991,240.503,294.296,66.8762
84.6443,85.1101,84.9092,84.8843,102.339,84.8868
114.296,247.946,60.0089,119.497,114.296,113.124
