7
1.66667e-09,8.33333e-09,7.52034e-09,5.93567e-08,8.17177e-09,1.18333e-07,1.21152e-08
-61.9842,-85.9636,-85.072,-103.017,-85.7935,-109.009,-89.2138
0,3.14159,3.14159,3.14159,3.14159,3.14159,3.14159
90,90,90,90,168.232,90,7.90716
90,270,12.8043,178.391,90,90,90
90,90,90,90,168.232,90,7.90716
270,270,347.196,181.609,270,90,270
7
3.33333e-09,1e-08,8.05536e-09,5.94269e-08,8.66667e-09,1.16667e-07,1.24544e-08
-68.0048,-87.5472,-85.6689,-103.027,-86.3043,-108.886,-89.4537
0,3.14159,3.14159,3.14159,3.14159,3.14159,3.14159
90,90,90,90,157.38,90,15.5241
90,270,24.444,176.785,90,90,90
90,90,90,90,157.38,90,15.5241
270,270,335.556,183.215,270,90,270
7
5e-09,1.16667e-08,8.87568e-09,5.95436e-08,9.43398e-09,1.15e-07,1.3e-08
-71.5266,-88.8862,-86.5113,-103.044,-87.0411,-108.761,-89.8261
0,3.14159,3.14159,3.14159,3.14159,3.14159,3.14159
90,90,90,90,147.995,90,22.6199
90,270,34.2869,175.183,90,90,90
90,90,90,90,147.995,90,22.6199
270,270,325.713,184.817,270,90,270
7
6.66667e-09,1.33333e-08,9.91071e-09,5.97067e-08,1.04137e-08,1.13333e-07,1.37275e-08
-74.0254,-90.046,-87.4693,-103.068,-87.8993,-108.634,-90.2991
0,3.14159,3.14159,3.14159,3.14159,3.14159,3.14159
90,90,90,90,140.194,90,29.0546
90,270,42.2737,173.589,90,90,90
90,90,90,90,140.194,90,29.0546
270,270,317.726,186.411,270,90,270
7
8.33333e-09,1.5e-08,1.11006e-08,5.99157e-08,1.15518e-08,1.11667e-07,1.46097e-08
-75.9636,-91.069,-88.4541,-103.098,-88.8002,-108.506,-90.8401
0,3.14159,3.14159,3.14159,3.14159,3.14159,3.14159
90,90,90,90,133.831,90,34.7778
90,270,48.6522,172.005,90,90,90
90,90,90,90,133.831,90,34.7778
270,270,311.348,187.995,270,90,270
7
1e-08,1.66667e-08,1.24007e-08,6.01701e-08,1.28062e-08,1.1e-07,1.56205e-08
-77.5472,-91.9842,-89.4162,-103.135,-89.6957,-108.375,-91.4211
0,3.14159,3.14159,3.14159,3.14159,3.14159,3.14159
90,90,90,90,128.66,90,39.8056
90,270,53.7462,170.433,90,90,90
90,90,90,90,128.66,90,39.8056
270,270,306.254,189.567,270,90,270
7
1.16667e-08,1.83333e-08,1.378e-08,6.04695e-08,1.41461e-08,1.08333e-07,1.67365e-08
-78.8862,-92.8121,-90.3322,-103.178,-90.5599,-108.242,-92.0205
0,3.14159,3.14159,3.14159,3.14159,3.14159,3.14159
90,90,90,90,124.439,90,44.1931
90,270,57.8477,168.876,90,90,90
90,90,90,90,124.439,90,44.1931
270,270,302.152,191.124,270,90,270
7
1.33333e-08,2e-08,1.52169e-08,6.0813e-08,1.55492e-08,1.06667e-07,1.79382e-08
-80.046,-93.5678,-91.1938,-103.227,-91.3814,-108.108,-92.6228
0,3.14159,3.14159,3.14159,3.14159,3.14159,3.14159
90,90,90,90,120.964,90,48.0128
90,270,61.1892,167.335,90,90,90
90,90,90,90,120.964,90,48.0128
270,270,298.811,192.665,270,90,270
7
1.5e-08,2.16667e-08,1.66966e-08,6.12e-08,1.7e-08,1.05e-07,1.92094e-08
-81.069,-94.2631,-91.9998,-103.282,-92.1562,-107.971,-93.2175
0,3.14159,3.14159,3.14159,3.14159,3.14159,3.14159
90,90,90,90,118.072,90,51.3402
90,270,63.9465,165.812,90,90,90
90,90,90,90,118.072,90,51.3402
270,270,296.053,194.188,270,90,270
7
1.66667e-08,2.33333e-08,1.82087e-08,6.16297e-08,1.84872e-08,1.03333e-07,2.05372e-08
-81.9842,-94.9068,-92.7528,-103.343,-92.8847,-107.832,-93.7981
0,3.14159,3.14159,3.14159,3.14159,3.14159,3.14159
90,90,90,90,115.641,90,54.2461
90,270,66.2505,164.31,90,90,90
90,90,90,90,115.641,90,54.2461
270,270,293.749,195.69,270,90,270
7
1.83333e-08,2.5e-08,1.97456e-08,6.21012e-08,2.00028e-08,1.01667e-07,2.19114e-08
-82.8121,-95.506,-93.4566,-103.409,-93.569,-107.691,-94.3606
0,3.14159,3.14159,3.14159,3.14159,3.14159,3.14159
90,90,90,90,113.575,90,56.7934
90,270,68.1986,162.829,90,90,90
90,90,90,90,113.575,90,56.7934
270,270,291.801,197.171,270,90,270
7
2e-08,2.66667e-08,2.13021e-08,6.26135e-08,2.15407e-08,1e-07,2.33238e-08
-83.5678,-96.0666,-94.1157,-103.481,-94.2124,-107.547,-94.9032
0,3.14159,3.14159,3.14159,3.14159,3.14159,3.14159
90,90,90,90,111.801,90,59.0362
90,270,69.8637,161.372,90,90,90
90,90,90,90,111.801,90,59.0362
270,270,290.136,198.628,270,90,270
7
2.16667e-08,2.83333e-08,2.28741e-08,6.31656e-08,2.30964e-08,9.83333e-08,2.47678e-08
-84.2631,-96.5932,-94.7341,-103.557,-94.8181,-107.401,-95.425
0,3.14159,3.14159,3.14159,3.14159,3.14159,3.14159
90,90,90,90,110.266,90,61.0203
90,270,71.301,159.939,90,90,90
90,90,90,90,110.266,90,61.0203
270,270,288.699,200.061,270,90,270
7
2.33333e-08,3e-08,2.44586e-08,6.37565e-08,2.46667e-08,9.66667e-08,2.62382e-08
-84.9068,-97.0896,-95.3158,-103.638,-95.3894,-107.253,-95.9259
0,3.14159,3.14159,3.14159,3.14159,3.14159,3.14159
90,90,90,90,108.925,90,62.7839
90,270,72.5528,158.532,90,90,90
90,90,90,90,108.925,90,62.7839
270,270,287.447,201.468,270,90,270
7
2.5e-08,3.16667e-08,2.60534e-08,6.43851e-08,2.62488e-08,9.5e-08,2.77308e-08
-85.506,-97.5593,-95.8645,-103.723,-95.9294,-107.102,-96.4065
0,3.14159,3.14159,3.14159,3.14159,3.14159,3.14159
90,90,90,90,107.745,90,64.359
90,270,73.6518,157.152,90,90,90
90,90,90,90,107.745,90,64.359
270,270,286.348,202.848,270,90,270
7
2.66667e-08,3.33333e-08,2.76566e-08,6.50504e-08,2.78408e-08,9.33333e-08,2.92423e-08
-86.0666,-98.0048,-96.3832,-103.812,-96.4409,-106.948,-96.8674
0,3.14159,3.14159,3.14159,3.14159,3.14159,3.14159
90,90,90,90,106.699,90,65.7723
90,270,74.6237,155.799,90,90,90
90,90,90,90,106.699,90,65.7723
270,270,285.376,204.201,270,90,270
7
2.83333e-08,3.5e-08,2.9267e-08,6.57512e-08,2.94411e-08,9.16667e-08,3.07698e-08
-86.5932,-98.4286,-96.8748,-103.905,-96.9263,-106.791,-97.3097
0,3.14159,3.14159,3.14159,3.14159,3.14159,3.14159
90,90,90,90,105.767,90,67.0459
90,270,75.4889,154.474,90,90,90
90,90,90,90,105.767,90,67.0459
270,270,284.511,205.526,270,90,270
7
3e-08,3.66667e-08,3.08833e-08,6.64864e-08,3.10483e-08,9e-08,3.2311e-08
-87.0896,-98.8327,-97.3417,-104.002,-97.388,-106.632,-97.7342
0,3.14159,3.14159,3.14159,3.14159,3.14159,3.14159
90,90,90,90,104.931,90,68.1986
90,270,76.2637,153.178,90,90,90
90,90,90,90,104.931,90,68.1986
270,270,283.736,206.822,270,90,270
7
3.16667e-08,3.83333e-08,3.25047e-08,6.72549e-08,3.26616e-08,8.83333e-08,3.38641e-08
-87.5593,-99.2188,-97.7861,-104.102,-97.828,-106.47,-98.142
0,3.14159,3.14159,3.14159,3.14159,3.14159,3.14159
90,90,90,90,104.178,90,69.2459
90,270,76.9613,151.911,90,90,90
90,90,90,90,104.178,90,69.2459
270,270,283.039,208.089,270,90,270
7
3.33333e-08,4e-08,3.41305e-08,6.80555e-08,3.42799e-08,8.66667e-08,3.54275e-08
-88.0048,-99.5884,-98.2101,-104.204,-98.248,-106.304,-98.534
0,3.14159,3.14159,3.14159,3.14159,3.14159,3.14159
90,90,90,90,103.496,90,70.2011
90,270,77.5926,150.673,90,90,90
90,90,90,90,103.496,90,70.2011
270,270,282.407,209.327,270,90,270
7
3.5e-08,4.16667e-08,3.576e-08,6.88872e-08,3.59026e-08,8.5e-08,3.7e-08
-88.4286,-99.943,-98.6152,-104.31,-98.6498,-106.136,-98.9113
0,3.14159,3.14159,3.14159,3.14159,3.14159,3.14159
90,90,90,90,102.875,90,71.0754
90,270,78.1664,149.464,90,90,90
90,90,90,90,102.875,90,71.0754
270,270,281.834,210.536,270,90,270
7
3.66667e-08,4.33333e-08,3.73928e-08,6.97488e-08,3.75292e-08,8.33333e-08,3.85804e-08
-88.8327,-100.284,-99.003,-104.418,-99.0346,-105.964,-99.2745
0,3.14159,3.14159,3.14159,3.14159,3.14159,3.14159
90,90,90,90,102.308,90,71.8781
90,270,78.6901,148.285,90,90,90
90,90,90,90,102.308,90,71.8781
270,270,281.31,211.715,270,90,270
7
3.83333e-08,4.5e-08,3.90285e-08,7.06391e-08,3.91592e-08,8.16667e-08,4.01677e-08
-89.2188,-100.611,-99.3749,-104.528,-99.4039,-105.788,-99.6248
0,3.14159,3.14159,3.14159,3.14159,3.14159,3.14159
90,90,90,90,101.788,90,72.6176
90,270,79.1699,147.135,90,90,90
90,90,90,90,101.788,90,72.6176
270,270,280.83,212.865,270,90,270
7
4e-08,4.66667e-08,4.06667e-08,7.15573e-08,4.07922e-08,8e-08,4.17612e-08
-89.5884,-100.927,-99.732,-104.64,-99.7588,-105.609,-99.9627
0,3.14159,3.14159,3.14159,3.14159,3.14159,3.14159
90,90,90,90,101.31,90,73.3008
90,270,79.6111,146.014,90,90,90
90,90,90,90,101.31,90,73.3008
270,270,280.389,213.986,270,90,270
7
4.16667e-08,4.83333e-08,4.23071e-08,7.25021e-08,4.24277e-08,7.83333e-08,4.33602e-08
-89.943,-101.232,-100.075,-104.754,-100.1,-105.426,-100.289
0,3.14159,3.14159,3.14159,3.14159,3.14159,3.14159
90,90,90,90,100.869,90,73.9336
90,270,80.0182,144.922,90,90,90
90,90,90,90,100.869,90,73.9336
270,270,279.982,215.078,270,90,270
7
4.33333e-08,5e-08,4.39495e-08,7.34726e-08,4.40656e-08,7.66667e-08,4.49642e-08
-90.2837,-101.527,-100.406,-104.87,-100.429,-105.239,-100.605
0,3.14159,3.14159,3.14159,3.14159,3.14159,3.14159
90,90,90,90,100.46,90,74.5214
90,270,80.3948,143.858,90,90,90
90,90,90,90,100.46,90,74.5214
270,270,279.605,216.142,270,90,270
7
4.5e-08,5.16667e-08,4.55936e-08,7.44677e-08,4.57056e-08,7.5e-08,4.65725e-08
-90.6115,-101.811,-100.725,-104.987,-100.747,-105.048,-100.91
0,3.14159,3.14159,3.14159,3.14159,3.14159,3.14159
90,90,90,90,100.081,90,75.0686
90,270,80.7443,142.822,90,90,90
90,90,90,90,100.081,90,75.0686
270,270,279.256,217.178,270,90,270
7
4.66667e-08,5.33333e-08,4.72393e-08,7.54866e-08,4.73474e-08,7.33333e-08,4.81848e-08
-90.9274,-102.087,-101.033,-105.105,-101.053,-104.853,-101.205
0,3.14159,3.14159,3.14159,3.14159,3.14159,3.14159
90,90,90,90,99.7276,90,75.5792
90,270,81.0694,141.814,90,90,90
90,90,90,90,99.7276,90,75.5792
270,270,278.931,218.186,270,90,270
7
4.83333e-08,5.5e-08,4.88865e-08,7.65281e-08,4.89909e-08,7.16667e-08,4.98007e-08
-91.2322,-102.354,-101.331,-105.224,-101.35,-104.654,-101.492
0,3.14159,3.14159,3.14159,3.14159,3.14159,3.14159
90,90,90,90,99.3982,90,76.0568
90,270,81.3726,140.834,90,90,90
90,90,90,90,99.3982,90,76.0568
270,270,278.627,219.166,270,90,270
7
5e-08,5.66667e-08,5.05349e-08,7.75915e-08,5.0636e-08,7e-08,5.14198e-08
-91.5266,-102.614,-101.619,-105.344,-101.636,-104.449,-101.77
0,3.14159,3.14159,3.14159,3.14159,3.14159,3.14159
90,90,90,90,99.0903,90,76.5043
90,270,81.6561,139.879,90,90,90
90,90,90,90,99.0903,90,76.5043
270,270,278.344,220.121,270,90,270
7
5.16667e-08,5.83333e-08,5.21845e-08,7.86758e-08,5.22824e-08,6.83333e-08,5.30419e-08
-91.8114,-102.866,-101.898,-105.464,-101.914,-104.24,-102.04
0,3.14159,3.14159,3.14159,3.14159,3.14159,3.14159
90,90,90,90,98.8017,90,76.9244
90,270,81.9217,138.951,90,90,90
90,90,90,90,98.8017,90,76.9244
270,270,278.078,221.049,270,90,270
7
5.33333e-08,6e-08,5.38351e-08,7.97803e-08,5.393e-08,6.66667e-08,5.46667e-08
-92.0872,-103.11,-102.169,-105.585,-102.184,-104.025,-102.302
0,3.14159,3.14159,3.14159,3.14159,3.14159,3.14159
90,90,90,90,98.5308,90,77.3196
90,270,82.1709,138.048,90,90,90
90,90,90,90,98.5308,90,77.3196
270,270,277.829,221.952,270,90,270
7
5.5e-08,6.16667e-08,5.54867e-08,8.09039e-08,5.55788e-08,6.5e-08,5.62939e-08
-92.3545,-103.348,-102.431,-105.707,-102.445,-103.805,-102.556
0,3.14159,3.14159,3.14159,3.14159,3.14159,3.14159
90,90,90,90,98.2759,90,77.692
90,270,82.4054,137.171,90,90,90
90,90,90,90,98.2759,90,77.692
270,270,277.595,222.829,270,90,270
7
5.66667e-08,6.33333e-08,5.71392e-08,8.20461e-08,5.72286e-08,6.33333e-08,5.79233e-08
-92.6138,-103.58,-102.686,-105.828,-102.699,-103.58,-102.804
0,3.14159,3.14159,3.14159,3.14159,3.14159,3.14159
90,90,90,90,98.0357,90,78.0434
90,270,82.6262,136.317,90,90,90
90,90,90,90,98.0357,90,78.0434
270,270,277.374,223.683,270,90,270
7
5.83333e-08,6.5e-08,5.87925e-08,8.32059e-08,5.88793e-08,6.16667e-08,5.95548e-08
-92.8656,-103.805,-102.934,-105.95,-102.946,-103.348,-103.046
0,3.14159,3.14159,3.14159,3.14159,3.14159,3.14159
90,90,90,90,97.809,90,78.3756
90,270,82.8347,135.487,90,90,90
90,90,90,90,97.809,90,78.3756
270,270,277.165,224.513,270,90,270
