7
1e-08,3.48968e-08,1.66667e-08,1.66667e-08,1.41421e-08,3.47053e-08,1.41421e-08
-77.5472,-98.2429,-92.7842,-92.6842,-87.4575,-97.6251,-87.4575
0,3.14159,3.14159,3.14159,3.14159,3.14159,3.14159
90,90,90,90,135,90,45
180,253.348,0,180,180,106.747,180
90,90,90,90,135,90,45
0,286.652,0,180,0,73.2533,0
7
1.00005e-08,3.4801e-08,1.6667e-08,1.6667e-08,1.41425e-08,3.4801e-08,1.41425e-08
-77.5477,-98.2191,-92.7844,-92.6844,-87.4577,-97.6491,-87.4577
0,3.14159,3.14159,3.14159,3.14159,3.14159,3.14159
90,90,90,90,134.999,90,45.0014
180.573,253.301,359.656,180.344,180.573,106.699,180.573
90,90,90,90,134.999,90,45.0014
0.572939,286.699,0.343771,179.656,0.572939,73.3008,0.572939
7
1.00005e-08,3.4801e-08,1.6667e-08,1.6667e-08,1.41425e-08,3.4801e-08,1.41425e-08
-77.5477,-98.2191,-92.7844,-92.6844,-87.4577,-97.6491,-87.4577
0,3.14159,3.14159,3.14159,3.14159,3.14159,3.14159
90,90,90,90,134.999,90,45.0014
179.427,253.301,0.343771,179.656,179.427,106.699,179.427
90,90,90,90,134.999,90,45.0014
359.427,286.699,359.656,180.344,359.427,73.3008,359.427
7
1e-08,3.47053e-08,1.66667e-08,1.66667e-08,1.41421e-08,3.48968e-08,1.41421e-08
-77.5472,-98.1951,-92.7842,-92.6842,-87.4575,-97.6729,-87.4575
0,3.14159,3.14159,3.14159,3.14159,3.14159,3.14159
90,90,90,90,135,90,45
180,253.253,0,180,180,106.652,180
90,90,90,90,135,90,45
0,286.747,0,180,0,73.3479,0
7
9.66667e-09,3.48028e-08,1.7e-08,1.63333e-08,1.39084e-08,3.46107e-08,1.39084e-08
-77.2528,-98.2195,-92.9562,-92.5087,-87.3128,-97.6014,-87.3128
0,3.14159,3.14159,3.14159,3.14159,3.14159,3.14159
90,90,90,90,135.971,90,44.029
180,253.874,0,180,180,106.218,180
90,90,90,90,135.971,90,44.029
0,286.126,0,180,0,73.7817,0
7
9.66718e-09,3.47067e-08,1.70003e-08,1.63336e-08,1.39088e-08,3.47067e-08,1.39088e-08
-77.2532,-98.1955,-92.9564,-92.5089,-87.313,-97.6255,-87.313
0,3.14159,3.14159,3.14159,3.14159,3.14159,3.14159
90,90,90,90,135.969,90,44.0305
180.593,253.828,359.663,180.351,180.593,106.172,180.593
90,90,90,90,135.969,90,44.0305
0.592694,286.172,0.33703,179.649,0.592694,73.8278,0.592694
7
9.66718e-09,3.47067e-08,1.70003e-08,1.63336e-08,1.39088e-08,3.47067e-08,1.39088e-08
-77.2532,-98.1955,-92.9564,-92.5089,-87.313,-97.6255,-87.313
0,3.14159,3.14159,3.14159,3.14159,3.14159,3.14159
90,90,90,90,135.969,90,44.0305
179.407,253.828,0.33703,179.649,179.407,106.172,179.407
90,90,90,90,135.969,90,44.0305
359.407,286.172,359.663,180.351,359.407,73.8278,359.407
7
9.66667e-09,3.46107e-08,1.7e-08,1.63333e-08,1.39084e-08,3.48028e-08,1.39084e-08
-77.2528,-98.1714,-92.9562,-92.5087,-87.3128,-97.6495,-87.3128
0,3.14159,3.14159,3.14159,3.14159,3.14159,3.14159
90,90,90,90,135.971,90,44.029
180,253.782,0,180,180,106.126,180
90,90,90,90,135.971,90,44.029
0,286.218,0,180,0,73.8737,0
7
9.33333e-09,3.47117e-08,1.73333e-08,1.6e-08,1.36789e-08,3.45191e-08,1.36789e-08
-76.948,-98.1967,-93.1249,-92.3296,-87.1682,-97.5784,-87.1682
0,3.14159,3.14159,3.14159,3.14159,3.14159,3.14159
90,90,90,90,136.975,90,43.0251
180,254.402,0,180,180,105.687,180
90,90,90,90,136.975,90,43.0251
0,285.598,0,180,0,74.313,0
7
9.33387e-09,3.46153e-08,1.73336e-08,1.60003e-08,1.36792e-08,3.46153e-08,1.36792e-08
-76.9485,-98.1726,-93.125,-92.3298,-87.1685,-97.6026,-87.1685
0,3.14159,3.14159,3.14159,3.14159,3.14159,3.14159
90,90,90,90,136.973,90,43.0267
180.614,254.358,359.669,180.358,180.614,105.642,180.614
90,90,90,90,136.973,90,43.0267
0.61386,285.642,0.330549,179.642,0.61386,74.3578,0.61386
7
9.33387e-09,3.46153e-08,1.73336e-08,1.60003e-08,1.36792e-08,3.46153e-08,1.36792e-08
-76.9485,-98.1726,-93.125,-92.3298,-87.1685,-97.6026,-87.1685
0,3.14159,3.14159,3.14159,3.14159,3.14159,3.14159
90,90,90,90,136.973,90,43.0267
179.386,254.358,0.330549,179.642,179.386,105.642,179.386
90,90,90,90,136.973,90,43.0267
359.386,285.642,359.669,180.358,359.386,74.3578,359.386
7
9.33333e-09,3.45191e-08,1.73333e-08,1.6e-08,1.36789e-08,3.47117e-08,1.36789e-08
-76.948,-98.1484,-93.1249,-92.3296,-87.1682,-97.6267,-87.1682
0,3.14159,3.14159,3.14159,3.14159,3.14159,3.14159
90,90,90,90,136.975,90,43.0251
180,254.313,0,180,180,105.598,180
90,90,90,90,136.975,90,43.0251
0,285.687,0,180,0,74.4023,0
7
9e-09,3.46235e-08,1.76667e-08,1.56667e-08,1.34536e-08,3.44304e-08,1.34536e-08
-76.6321,-98.1746,-93.2903,-92.1468,-87.024,-97.5561,-87.024
0,3.14159,3.14159,3.14159,3.14159,3.14159,3.14159
90,90,90,90,138.013,90,41.9872
180,254.934,0,180,180,105.153,180
90,90,90,90,138.013,90,41.9872
0,285.066,0,180,0,74.847,0
7
9.00056e-09,3.4527e-08,1.76669e-08,1.5667e-08,1.3454e-08,3.4527e-08,1.3454e-08
-76.6326,-98.1504,-93.2905,-92.1469,-87.0242,-97.5804,-87.0242
0,3.14159,3.14159,3.14159,3.14159,3.14159,3.14159
90,90,90,90,138.011,90,41.989
180.637,254.89,359.676,180.366,180.637,105.11,180.637
90,90,90,90,138.011,90,41.989
0.636594,285.11,0.324312,179.634,0.636594,74.8904,0.636594
7
9.00056e-09,3.4527e-08,1.76669e-08,1.5667e-08,1.3454e-08,3.4527e-08,1.3454e-08
-76.6326,-98.1504,-93.2905,-92.1469,-87.0242,-97.5804,-87.0242
0,3.14159,3.14159,3.14159,3.14159,3.14159,3.14159
90,90,90,90,138.011,90,41.989
179.363,254.89,0.324312,179.634,179.363,105.11,179.363
90,90,90,90,138.011,90,41.989
359.363,285.11,359.676,180.366,359.363,74.8904,359.363
7
9e-09,3.44304e-08,1.76667e-08,1.56667e-08,1.34536e-08,3.46235e-08,1.34536e-08
-76.6321,-98.1261,-93.2903,-92.1468,-87.024,-97.6046,-87.024
0,3.14159,3.14159,3.14159,3.14159,3.14159,3.14159
90,90,90,90,138.013,90,41.9872
180,254.847,0,180,180,105.066,180
90,90,90,90,138.013,90,41.9872
0,285.153,0,180,0,74.9336,0
7
8.66667e-09,3.45384e-08,1.8e-08,1.53333e-08,1.3233e-08,3.43448e-08,1.3233e-08
-76.3043,-98.1533,-93.4527,-91.96,-86.8804,-97.5344,-86.8804
0,3.14159,3.14159,3.14159,3.14159,3.14159,3.14159
90,90,90,90,139.086,90,40.9144
180,255.468,0,180,180,104.616,180
90,90,90,90,139.086,90,40.9144
0,284.532,0,180,0,75.3838,0
7
8.66724e-09,3.44416e-08,1.80003e-08,1.53337e-08,1.32333e-08,3.44416e-08,1.32333e-08
-76.3048,-98.1289,-93.4528,-91.9601,-86.8806,-97.5589,-86.8806
0,3.14159,3.14159,3.14159,3.14159,3.14159,3.14159
90,90,90,90,139.084,90,40.9163
180.661,255.426,359.682,180.374,180.661,104.574,180.661
90,90,90,90,139.084,90,40.9163
0.661076,284.574,0.318307,179.626,0.661076,75.4258,0.661076
7
8.66724e-09,3.44416e-08,1.80003e-08,1.53337e-08,1.32333e-08,3.44416e-08,1.32333e-08
-76.3048,-98.1289,-93.4528,-91.9601,-86.8806,-97.5589,-86.8806
0,3.14159,3.14159,3.14159,3.14159,3.14159,3.14159
90,90,90,90,139.084,90,40.9163
179.339,255.426,0.318307,179.626,179.339,104.574,179.339
90,90,90,90,139.084,90,40.9163
359.339,284.574,359.682,180.374,359.339,75.4258,359.339
7
8.66667e-09,3.43448e-08,1.8e-08,1.53333e-08,1.3233e-08,3.45384e-08,1.3233e-08
-76.3043,-98.1044,-93.4527,-91.96,-86.8804,-97.5833,-86.8804
0,3.14159,3.14159,3.14159,3.14159,3.14159,3.14159
90,90,90,90,139.086,90,40.9144
180,255.384,0,180,180,104.532,180
90,90,90,90,139.086,90,40.9144
0,284.616,0,180,0,75.4675,0
7
8.33333e-09,3.44562e-08,1.83333e-08,1.5e-08,1.30171e-08,3.42622e-08,1.30171e-08
-75.9636,-98.1326,-93.6121,-91.769,-86.7375,-97.5135,-86.7375
0,3.14159,3.14159,3.14159,3.14159,3.14159,3.14159
90,90,90,90,140.194,90,39.8056
180,256.004,0,180,180,104.077,180
90,90,90,90,140.194,90,39.8056
0,283.996,0,180,0,75.9232,0
7
8.33393e-09,3.43592e-08,1.83336e-08,1.50003e-08,1.30175e-08,3.43592e-08,1.30175e-08
-75.9642,-98.1081,-93.6122,-91.7692,-86.7378,-97.5381,-86.7378
0,3.14159,3.14159,3.14159,3.14159,3.14159,3.14159
90,90,90,90,140.192,90,39.8076
180.688,255.964,359.687,180.382,180.688,104.036,180.688
90,90,90,90,140.192,90,39.8076
0.687516,284.036,0.312519,179.618,0.687516,75.9638,0.687516
7
8.33393e-09,3.43592e-08,1.83336e-08,1.50003e-08,1.30175e-08,3.43592e-08,1.30175e-08
-75.9642,-98.1081,-93.6122,-91.7692,-86.7378,-97.5381,-86.7378
0,3.14159,3.14159,3.14159,3.14159,3.14159,3.14159
90,90,90,90,140.192,90,39.8076
179.312,255.964,0.312519,179.618,179.312,104.036,179.312
90,90,90,90,140.192,90,39.8076
359.312,284.036,359.687,180.382,359.312,75.9638,359.312
7
8.33333e-09,3.42622e-08,1.83333e-08,1.5e-08,1.30171e-08,3.44562e-08,1.30171e-08
-75.9636,-98.0835,-93.6121,-91.769,-86.7375,-97.5626,-86.7375
0,3.14159,3.14159,3.14159,3.14159,3.14159,3.14159
90,90,90,90,140.194,90,39.8056
180,255.923,0,180,180,103.996,180
90,90,90,90,140.194,90,39.8056
0,284.077,0,180,0,76.0041,0
7
8e-09,3.43771e-08,1.86667e-08,1.46667e-08,1.28062e-08,3.41827e-08,1.28062e-08
-75.609,-98.1126,-93.7686,-91.5739,-86.5957,-97.4933,-86.5957
0,3.14159,3.14159,3.14159,3.14159,3.14159,3.14159
90,90,90,90,141.34,90,38.6598
180,256.543,0,180,180,103.535,180
90,90,90,90,141.34,90,38.6598
0,283.457,0,180,0,76.4651,0
7
8.00062e-09,3.42799e-08,1.86669e-08,1.4667e-08,1.28066e-08,3.42799e-08,1.28066e-08
-75.6097,-98.088,-93.7687,-91.5741,-86.5959,-97.518,-86.5959
0,3.14159,3.14159,3.14159,3.14159,3.14159,3.14159
90,90,90,90,141.338,90,38.662
180.716,256.504,359.693,180.391,180.716,103.496,180.716
90,90,90,90,141.338,90,38.662
0.71616,283.496,0.306939,179.609,0.71616,76.5043,0.71616
7
8.00062e-09,3.42799e-08,1.86669e-08,1.4667e-08,1.28066e-08,3.42799e-08,1.28066e-08
-75.6097,-98.088,-93.7687,-91.5741,-86.5959,-97.518,-86.5959
0,3.14159,3.14159,3.14159,3.14159,3.14159,3.14159
90,90,90,90,141.338,90,38.662
179.284,256.504,0.306939,179.609,179.284,103.496,179.284
90,90,90,90,141.338,90,38.662
359.284,283.496,359.693,180.391,359.284,76.5043,359.284
7
8e-09,3.41827e-08,1.86667e-08,1.46667e-08,1.28062e-08,3.43771e-08,1.28062e-08
-75.609,-98.0633,-93.7686,-91.5739,-86.5957,-97.5426,-86.5957
0,3.14159,3.14159,3.14159,3.14159,3.14159,3.14159
90,90,90,90,141.34,90,38.6598
180,256.465,0,180,180,103.457,180
90,90,90,90,141.34,90,38.6598
0,283.535,0,180,0,76.5432,0
7
7.66667e-09,3.43011e-08,1.9e-08,1.43333e-08,1.26007e-08,3.41062e-08,1.26007e-08
-75.2394,-98.0934,-93.9223,-91.3742,-86.4551,-97.4739,-86.4551
0,3.14159,3.14159,3.14159,3.14159,3.14159,3.14159
90,90,90,90,142.524,90,37.4762
180,257.085,0,180,180,102.99,180
90,90,90,90,142.524,90,37.4762
0,282.915,0,180,0,77.0096,0
7
7.66732e-09,3.42036e-08,1.90003e-08,1.43337e-08,1.26011e-08,3.42036e-08,1.26011e-08
-75.2401,-98.0687,-93.9224,-91.3744,-86.4554,-97.4987,-86.4554
0,3.14159,3.14159,3.14159,3.14159,3.14159,3.14159
90,90,90,90,142.521,90,37.4785
180.747,257.047,359.698,180.4,180.747,102.953,180.747
90,90,90,90,142.521,90,37.4785
0.747294,282.953,0.301554,179.6,0.747294,77.0472,0.747294
7
7.66732e-09,3.42036e-08,1.90003e-08,1.43337e-08,1.26011e-08,3.42036e-08,1.26011e-08
-75.2401,-98.0687,-93.9224,-91.3744,-86.4554,-97.4987,-86.4554
0,3.14159,3.14159,3.14159,3.14159,3.14159,3.14159
90,90,90,90,142.521,90,37.4785
179.253,257.047,0.301554,179.6,179.253,102.953,179.253
90,90,90,90,142.521,90,37.4785
359.253,282.953,359.698,180.4,359.253,77.0472,359.253
7
7.66667e-09,3.41062e-08,1.9e-08,1.43333e-08,1.26007e-08,3.43011e-08,1.26007e-08
-75.2394,-98.0439,-93.9223,-91.3742,-86.4551,-97.5234,-86.4551
0,3.14159,3.14159,3.14159,3.14159,3.14159,3.14159
90,90,90,90,142.524,90,37.4762
180,257.01,0,180,180,102.915,180
90,90,90,90,142.524,90,37.4762
0,282.99,0,180,0,77.0847,0
7
7.33333e-09,3.42281e-08,1.93333e-08,1.4e-08,1.24007e-08,3.40328e-08,1.24007e-08
-74.8533,-98.0749,-94.0734,-91.1698,-86.3162,-97.4552,-86.3162
0,3.14159,3.14159,3.14159,3.14159,3.14159,3.14159
90,90,90,90,143.746,90,36.2538
180,257.629,0,180,180,102.444,180
90,90,90,90,143.746,90,36.2538
0,282.371,0,180,0,77.5564,0
7
7.33402e-09,3.41305e-08,1.93336e-08,1.40004e-08,1.24011e-08,3.41305e-08,1.24011e-08
-74.8541,-98.0501,-94.0735,-91.17,-86.3164,-97.4801,-86.3164
0,3.14159,3.14159,3.14159,3.14159,3.14159,3.14159
90,90,90,90,143.744,90,36.2564
180.781,257.593,359.704,180.409,180.781,102.407,180.781
90,90,90,90,143.744,90,36.2564
0.781258,282.407,0.296355,179.591,0.781258,77.5926,0.781258
7
7.33402e-09,3.41305e-08,1.93336e-08,1.40004e-08,1.24011e-08,3.41305e-08,1.24011e-08
-74.8541,-98.0501,-94.0735,-91.17,-86.3164,-97.4801,-86.3164
0,3.14159,3.14159,3.14159,3.14159,3.14159,3.14159
90,90,90,90,143.744,90,36.2564
179.219,257.593,0.296355,179.591,179.219,102.407,179.219
90,90,90,90,143.744,90,36.2564
359.219,282.407,359.704,180.409,359.219,77.5926,359.219
7
7.33333e-09,3.40328e-08,1.93333e-08,1.4e-08,1.24007e-08,3.42281e-08,1.24007e-08
-74.8533,-98.0252,-94.0734,-91.1698,-86.3162,-97.5049,-86.3162
0,3.14159,3.14159,3.14159,3.14159,3.14159,3.14159
90,90,90,90,143.746,90,36.2538
180,257.556,0,180,180,102.371,180
90,90,90,90,143.746,90,36.2538
0,282.444,0,180,0,77.6285,0
7
7e-09,3.41583e-08,1.96667e-08,1.36667e-08,1.22066e-08,3.39625e-08,1.22066e-08
-74.4492,-98.0571,-94.2218,-90.9605,-86.1791,-97.4372,-86.1791
0,3.14159,3.14159,3.14159,3.14159,3.14159,3.14159
90,90,90,90,145.008,90,34.992
180,258.175,0,180,180,101.894,180
90,90,90,90,145.008,90,34.992
0,281.825,0,180,0,78.1055,0
7
7.00071e-09,3.40604e-08,1.96669e-08,1.3667e-08,1.2207e-08,3.40604e-08,1.2207e-08
-74.4501,-98.0322,-94.2219,-90.9607,-86.1794,-97.4622,-86.1794
0,3.14159,3.14159,3.14159,3.14159,3.14159,3.14159
90,90,90,90,145.005,90,34.9948
180.818,258.14,359.709,180.419,180.818,101.86,180.818
90,90,90,90,145.005,90,34.9948
0.818455,281.86,0.291332,179.581,0.818455,78.1402,0.818455
7
7.00071e-09,3.40604e-08,1.96669e-08,1.3667e-08,1.2207e-08,3.40604e-08,1.2207e-08
-74.4501,-98.0322,-94.2219,-90.9607,-86.1794,-97.4622,-86.1794
0,3.14159,3.14159,3.14159,3.14159,3.14159,3.14159
90,90,90,90,145.005,90,34.9948
179.182,258.14,0.291332,179.581,179.182,101.86,179.182
90,90,90,90,145.005,90,34.9948
359.182,281.86,359.709,180.419,359.182,78.1402,359.182
7
7e-09,3.39625e-08,1.96667e-08,1.36667e-08,1.22066e-08,3.41583e-08,1.22066e-08
-74.4492,-98.0072,-94.2218,-90.9605,-86.1791,-97.4871,-86.1791
0,3.14159,3.14159,3.14159,3.14159,3.14159,3.14159
90,90,90,90,145.008,90,34.992
180,258.106,0,180,180,101.825,180
90,90,90,90,145.008,90,34.992
0,281.894,0,180,0,78.1747,0
7
6.66667e-09,3.40915e-08,2e-08,1.33333e-08,1.20185e-08,3.38954e-08,1.20185e-08
-74.0254,-98.0402,-94.3678,-90.746,-86.0442,-97.42,-86.0442
0,3.14159,3.14159,3.14159,3.14159,3.14159,3.14159
90,90,90,90,146.31,90,33.6901
180,258.723,0,180,180,101.343,180
90,90,90,90,146.31,90,33.6901
0,281.277,0,180,0,78.6569,0
7
6.66742e-09,3.39935e-08,2.00002e-08,1.33337e-08,1.20189e-08,3.39935e-08,1.20189e-08
-74.0264,-98.0151,-94.3679,-90.7462,-86.0445,-97.4451,-86.0445
0,3.14159,3.14159,3.14159,3.14159,3.14159,3.14159
90,90,90,90,146.307,90,33.693
180.859,258.69,359.714,180.43,180.859,101.31,180.859
90,90,90,90,146.307,90,33.693
0.859372,281.31,0.286477,179.57,0.859372,78.6901,0.859372
7
6.66742e-09,3.39935e-08,2.00002e-08,1.33337e-08,1.20189e-08,3.39935e-08,1.20189e-08
-74.0264,-98.0151,-94.3679,-90.7462,-86.0445,-97.4451,-86.0445
0,3.14159,3.14159,3.14159,3.14159,3.14159,3.14159
90,90,90,90,146.307,90,33.693
179.141,258.69,0.286477,179.57,179.141,101.31,179.141
90,90,90,90,146.307,90,33.693
359.141,281.31,359.714,180.43,359.141,78.6901,359.141
7
6.66667e-09,3.38954e-08,2e-08,1.33333e-08,1.20185e-08,3.40915e-08,1.20185e-08
-74.0254,-97.99,-94.3678,-90.746,-86.0442,-97.4702,-86.0442
0,3.14159,3.14159,3.14159,3.14159,3.14159,3.14159
90,90,90,90,146.31,90,33.6901
180,258.657,0,180,180,101.277,180
90,90,90,90,146.31,90,33.6901
0,281.343,0,180,0,78.723,0
7
6.33333e-09,3.40279e-08,2.03333e-08,1.3e-08,1.18369e-08,3.38314e-08,1.18369e-08
-73.5799,-98.0239,-94.5114,-90.5261,-85.9119,-97.4036,-85.9119
0,3.14159,3.14159,3.14159,3.14159,3.14159,3.14159
90,90,90,90,147.653,90,32.3474
180,259.273,0,180,180,100.79,180
90,90,90,90,147.653,90,32.3474
0,280.727,0,180,0,79.2104,0
7
6.33412e-09,3.39297e-08,2.03336e-08,1.30004e-08,1.18373e-08,3.39297e-08,1.18373e-08
-73.581,-97.9988,-94.5115,-90.5263,-85.9123,-97.4288,-85.9123
0,3.14159,3.14159,3.14159,3.14159,3.14159,3.14159
90,90,90,90,147.649,90,32.3507
180.905,259.242,359.718,180.441,180.905,100.758,180.905
90,90,90,90,147.649,90,32.3507
0.904595,280.758,0.28178,179.559,0.904595,79.242,0.904595
7
6.33412e-09,3.39297e-08,2.03336e-08,1.30004e-08,1.18373e-08,3.39297e-08,1.18373e-08
-73.581,-97.9988,-94.5115,-90.5263,-85.9123,-97.4288,-85.9123
0,3.14159,3.14159,3.14159,3.14159,3.14159,3.14159
90,90,90,90,147.649,90,32.3507
179.095,259.242,0.28178,179.559,179.095,100.758,179.095
90,90,90,90,147.649,90,32.3507
359.095,280.758,359.718,180.441,359.095,79.242,359.095
7
6.33333e-09,3.38314e-08,2.03333e-08,1.3e-08,1.18369e-08,3.40279e-08,1.18369e-08
-73.5799,-97.9736,-94.5114,-90.5261,-85.9119,-97.4539,-85.9119
0,3.14159,3.14159,3.14159,3.14159,3.14159,3.14159
90,90,90,90,147.653,90,32.3474
180,259.21,0,180,180,100.727,180
90,90,90,90,147.653,90,32.3474
0,280.79,0,180,0,79.2735,0
7
6e-09,3.39675e-08,2.06667e-08,1.26667e-08,1.16619e-08,3.37706e-08,1.16619e-08
-73.1102,-98.0085,-94.6526,-90.3005,-85.7826,-97.388,-85.7826
0,3.14159,3.14159,3.14159,3.14159,3.14159,3.14159
90,90,90,90,149.036,90,30.9638
180,259.826,0,180,180,100.234,180
90,90,90,90,149.036,90,30.9638
0,280.174,0,180,0,79.766,0
7
6.00083e-09,3.3869e-08,2.06669e-08,1.26671e-08,1.16623e-08,3.3869e-08,1.16623e-08
-73.1115,-97.9833,-94.6527,-90.3007,-85.7829,-97.4133,-85.7829
0,3.14159,3.14159,3.14159,3.14159,3.14159,3.14159
90,90,90,90,149.033,90,30.9673
180.955,259.796,359.723,180.452,180.955,100.204,180.955
90,90,90,90,149.033,90,30.9673
0.954841,280.204,0.277235,179.548,0.954841,79.796,0.954841
7
6.00083e-09,3.3869e-08,2.06669e-08,1.26671e-08,1.16623e-08,3.3869e-08,1.16623e-08
-73.1115,-97.9833,-94.6527,-90.3007,-85.7829,-97.4133,-85.7829
0,3.14159,3.14159,3.14159,3.14159,3.14159,3.14159
90,90,90,90,149.033,90,30.9673
179.045,259.796,0.277235,179.548,179.045,100.204,179.045
90,90,90,90,149.033,90,30.9673
359.045,280.204,359.723,180.452,359.045,79.796,359.045
7
6e-09,3.37706e-08,2.06667e-08,1.26667e-08,1.16619e-08,3.39675e-08,1.16619e-08
-73.1102,-97.958,-94.6526,-90.3005,-85.7826,-97.4385,-85.7826
0,3.14159,3.14159,3.14159,3.14159,3.14159,3.14159
90,90,90,90,149.036,90,30.9638
180,259.766,0,180,180,100.174,180
90,90,90,90,149.036,90,30.9638
0,280.234,0,180,0,79.8259,0
7
5.66667e-09,3.39102e-08,2.1e-08,1.23333e-08,1.1494e-08,3.3713e-08,1.1494e-08
-72.6138,-97.9938,-94.7916,-90.0688,-85.6566,-97.3732,-85.6566
0,3.14159,3.14159,3.14159,3.14159,3.14159,3.14159
90,90,90,90,150.461,90,29.5388
180,260.38,0,180,180,99.6765,180
90,90,90,90,150.461,90,29.5388
0,279.62,0,180,0,80.3235,0
7
5.66755e-09,3.38116e-08,2.10002e-08,1.23337e-08,1.14944e-08,3.38116e-08,1.14944e-08
-72.6151,-97.9685,-94.7917,-90.0691,-85.6569,-97.3985,-85.6569
0,3.14159,3.14159,3.14159,3.14159,3.14159,3.14159
90,90,90,90,150.457,90,29.5426
181.011,260.352,359.727,180.465,181.011,99.648,181.011
90,90,90,90,150.457,90,29.5426
1.011,279.648,0.272835,179.535,1.011,80.352,1.011
7
5.66755e-09,3.38116e-08,2.10002e-08,1.23337e-08,1.14944e-08,3.38116e-08,1.14944e-08
-72.6151,-97.9685,-94.7917,-90.0691,-85.6569,-97.3985,-85.6569
0,3.14159,3.14159,3.14159,3.14159,3.14159,3.14159
90,90,90,90,150.457,90,29.5426
178.989,260.352,0.272835,179.535,178.989,99.648,178.989
90,90,90,90,150.457,90,29.5426
358.989,279.648,359.727,180.465,358.989,80.352,358.989
7
5.66667e-09,3.3713e-08,2.1e-08,1.23333e-08,1.1494e-08,3.39102e-08,1.1494e-08
-72.6138,-97.9432,-94.7916,-90.0688,-85.6566,-97.4238,-85.6566
0,3.14159,3.14159,3.14159,3.14159,3.14159,3.14159
90,90,90,90,150.461,90,29.5388
180,260.323,0,180,180,99.6197,180
90,90,90,90,150.461,90,29.5388
0,279.677,0,180,0,80.3803,0
7
5.33333e-09,3.38561e-08,2.13333e-08,1.2e-08,1.13333e-08,3.36586e-08,1.13333e-08
-72.0872,-97.9799,-94.9284,-89.8308,-85.5344,-97.3591,-85.5344
0,3.14159,3.14159,3.14159,3.14159,3.14159,3.14159
90,90,90,90,151.928,90,28.0725
180,260.936,0,180,180,99.1172,180
90,90,90,90,151.928,90,28.0725
0,279.064,0,180,0,80.8828,0
7
5.33427e-09,3.37573e-08,2.13336e-08,1.20004e-08,1.13338e-08,3.37573e-08,1.13338e-08
-72.0887,-97.9546,-94.9285,-89.8311,-85.5347,-97.3846,-85.5347
0,3.14159,3.14159,3.14159,3.14159,3.14159,3.14159
90,90,90,90,151.923,90,28.0767
181.074,260.91,359.731,180.477,181.074,99.0903,181.074
90,90,90,90,151.923,90,28.0767
1.07417,279.09,0.268572,179.523,1.07417,80.9097,1.07417
7
5.33427e-09,3.37573e-08,2.13336e-08,1.20004e-08,1.13338e-08,3.37573e-08,1.13338e-08
-72.0887,-97.9546,-94.9285,-89.8311,-85.5347,-97.3846,-85.5347
0,3.14159,3.14159,3.14159,3.14159,3.14159,3.14159
90,90,90,90,151.923,90,28.0767
178.926,260.91,0.268572,179.523,178.926,99.0903,178.926
90,90,90,90,151.923,90,28.0767
358.926,279.09,359.731,180.477,358.926,80.9097,358.926
7
5.33333e-09,3.36586e-08,2.13333e-08,1.2e-08,1.13333e-08,3.38561e-08,1.13333e-08
-72.0872,-97.9291,-94.9284,-89.8308,-85.5344,-97.4099,-85.5344
0,3.14159,3.14159,3.14159,3.14159,3.14159,3.14159
90,90,90,90,151.928,90,28.0725
180,260.883,0,180,180,99.0635,180
90,90,90,90,151.928,90,28.0725
0,279.117,0,180,0,80.9365,0
7
5e-09,3.38051e-08,2.16667e-08,1.16667e-08,1.11803e-08,3.36074e-08,1.11803e-08
-71.5266,-97.9669,-95.0631,-89.5862,-85.4163,-97.3459,-85.4163
0,3.14159,3.14159,3.14159,3.14159,3.14159,3.14159
90,90,90,90,153.435,90,26.5651
180,261.494,0,180,180,98.5561,180
90,90,90,90,153.435,90,26.5651
0,278.506,0,180,0,81.4439,0
7
5.001e-09,3.37062e-08,2.16669e-08,1.16671e-08,1.11808e-08,3.37062e-08,1.11808e-08
-71.5284,-97.9414,-95.0632,-89.5865,-85.4167,-97.3714,-85.4167
0,3.14159,3.14159,3.14159,3.14159,3.14159,3.14159
90,90,90,90,153.43,90,26.5696
181.146,261.469,359.736,180.491,181.146,98.5308,181.146
90,90,90,90,153.43,90,26.5696
1.14576,278.531,0.26444,179.509,1.14576,81.4692,1.14576
7
5.001e-09,3.37062e-08,2.16669e-08,1.16671e-08,1.11808e-08,3.37062e-08,1.11808e-08
-71.5284,-97.9414,-95.0632,-89.5865,-85.4167,-97.3714,-85.4167
0,3.14159,3.14159,3.14159,3.14159,3.14159,3.14159
90,90,90,90,153.43,90,26.5696
178.854,261.469,0.26444,179.509,178.854,98.5308,178.854
90,90,90,90,153.43,90,26.5696
358.854,278.531,359.736,180.491,358.854,81.4692,358.854
7
5e-09,3.36074e-08,2.16667e-08,1.16667e-08,1.11803e-08,3.38051e-08,1.11803e-08
-71.5266,-97.9159,-95.0631,-89.5862,-85.4163,-97.3969,-85.4163
0,3.14159,3.14159,3.14159,3.14159,3.14159,3.14159
90,90,90,90,153.435,90,26.5651
180,261.444,0,180,180,98.5056,180
90,90,90,90,153.435,90,26.5651
0,278.556,0,180,0,81.4944,0
7
4.66667e-09,3.37575e-08,2.2e-08,1.13333e-08,1.10353e-08,3.35594e-08,1.10353e-08
-70.9274,-97.9546,-95.1957,-89.3344,-85.3029,-97.3335,-85.3029
0,3.14159,3.14159,3.14159,3.14159,3.14159,3.14159
90,90,90,90,154.983,90,25.0169
180,262.054,0,180,180,97.9933,180
90,90,90,90,154.983,90,25.0169
0,277.946,0,180,0,82.0067,0
7
4.66774e-09,3.36584e-08,2.20002e-08,1.13338e-08,1.10357e-08,3.36584e-08,1.10357e-08
-70.9294,-97.9291,-95.1958,-89.3347,-85.3033,-97.3591,-85.3033
0,3.14159,3.14159,3.14159,3.14159,3.14159,3.14159
90,90,90,90,154.978,90,25.0219
181.228,262.03,359.74,180.506,181.228,97.9696,181.228
90,90,90,90,154.978,90,25.0219
1.22758,277.97,0.260434,179.494,1.22758,82.0304,1.22758
7
4.66774e-09,3.36584e-08,2.20002e-08,1.13338e-08,1.10357e-08,3.36584e-08,1.10357e-08
-70.9294,-97.9291,-95.1958,-89.3347,-85.3033,-97.3591,-85.3033
0,3.14159,3.14159,3.14159,3.14159,3.14159,3.14159
90,90,90,90,154.978,90,25.0219
178.772,262.03,0.260434,179.494,178.772,97.9696,178.772
90,90,90,90,154.978,90,25.0219
358.772,277.97,359.74,180.506,358.772,82.0304,358.772
7
4.66667e-09,3.35594e-08,2.2e-08,1.13333e-08,1.10353e-08,3.37575e-08,1.10353e-08
-70.9274,-97.9035,-95.1957,-89.3344,-85.3029,-97.3846,-85.3029
0,3.14159,3.14159,3.14159,3.14159,3.14159,3.14159
90,90,90,90,154.983,90,25.0169
180,262.007,0,180,180,97.9461,180
90,90,90,90,154.983,90,25.0169
0,277.993,0,180,0,82.0539,0
7
4.33333e-09,3.3713e-08,2.23333e-08,1.1e-08,1.08985e-08,3.35147e-08,1.08985e-08
-70.2837,-97.9432,-95.3263,-89.0751,-85.1946,-97.3219,-85.1946
0,3.14159,3.14159,3.14159,3.14159,3.14159,3.14159
90,90,90,90,156.571,90,23.4287
180,262.615,0,180,180,97.429,180
90,90,90,90,156.571,90,23.4287
0,277.385,0,180,0,82.571,0
7
4.33449e-09,3.36138e-08,2.23336e-08,1.10005e-08,1.0899e-08,3.36138e-08,1.0899e-08
-70.286,-97.9176,-95.3264,-89.0754,-85.1949,-97.3476,-85.1949
0,3.14159,3.14159,3.14159,3.14159,3.14159,3.14159
90,90,90,90,156.566,90,23.4343
181.322,262.593,359.743,180.521,181.322,97.4069,181.322
90,90,90,90,156.566,90,23.4343
1.32198,277.407,0.256547,179.479,1.32198,82.5931,1.32198
7
4.33449e-09,3.36138e-08,2.23336e-08,1.10005e-08,1.0899e-08,3.36138e-08,1.0899e-08
-70.286,-97.9176,-95.3264,-89.0754,-85.1949,-97.3476,-85.1949
0,3.14159,3.14159,3.14159,3.14159,3.14159,3.14159
90,90,90,90,156.566,90,23.4343
178.678,262.593,0.256547,179.479,178.678,97.4069,178.678
90,90,90,90,156.566,90,23.4343
358.678,277.407,359.743,180.521,358.678,82.5931,358.678
7
4.33333e-09,3.35147e-08,2.23333e-08,1.1e-08,1.08985e-08,3.3713e-08,1.08985e-08
-70.2837,-97.8919,-95.3263,-89.0751,-85.1946,-97.3732,-85.1946
0,3.14159,3.14159,3.14159,3.14159,3.14159,3.14159
90,90,90,90,156.571,90,23.4287
180,262.571,0,180,180,97.385,180
90,90,90,90,156.571,90,23.4287
0,277.429,0,180,0,82.615,0
7
4e-09,3.36718e-08,2.26667e-08,1.06667e-08,1.07703e-08,3.34732e-08,1.07703e-08
-69.5884,-97.9325,-95.455,-88.8078,-85.0918,-97.3112,-85.0918
0,3.14159,3.14159,3.14159,3.14159,3.14159,3.14159
90,90,90,90,158.199,90,21.8014
180,263.178,0,180,180,96.8632,180
90,90,90,90,158.199,90,21.8014
0,276.822,0,180,0,83.1368,0
7
4.00125e-09,3.35725e-08,2.26669e-08,1.06671e-08,1.07708e-08,3.35725e-08,1.07708e-08
-69.5911,-97.9069,-95.4551,-88.8082,-85.0922,-97.3369,-85.0922
0,3.14159,3.14159,3.14159,3.14159,3.14159,3.14159
90,90,90,90,158.192,90,21.8076
181.432,263.157,359.747,180.537,181.432,96.8428,181.432
90,90,90,90,158.192,90,21.8076
1.4321,276.843,0.252774,179.463,1.4321,83.1572,1.4321
7
4.00125e-09,3.35725e-08,2.26669e-08,1.06671e-08,1.07708e-08,3.35725e-08,1.07708e-08
-69.5911,-97.9069,-95.4551,-88.8082,-85.0922,-97.3369,-85.0922
0,3.14159,3.14159,3.14159,3.14159,3.14159,3.14159
90,90,90,90,158.192,90,21.8076
178.568,263.157,0.252774,179.463,178.568,96.8428,178.568
90,90,90,90,158.192,90,21.8076
358.568,276.843,359.747,180.537,358.568,83.1572,358.568
7
4e-09,3.34732e-08,2.26667e-08,1.06667e-08,1.07703e-08,3.36718e-08,1.07703e-08
-69.5884,-97.8812,-95.455,-88.8078,-85.0918,-97.3625,-85.0918
0,3.14159,3.14159,3.14159,3.14159,3.14159,3.14159
90,90,90,90,158.199,90,21.8014
180,263.137,0,180,180,96.8225,180
90,90,90,90,158.199,90,21.8014
0,276.863,0,180,0,83.1775,0
7
3.66667e-09,3.36338e-08,2.3e-08,1.03333e-08,1.0651e-08,3.3435e-08,1.0651e-08
-68.8327,-97.9227,-95.5818,-88.532,-84.9951,-97.3012,-84.9951
0,3.14159,3.14159,3.14159,3.14159,3.14159,3.14159
90,90,90,90,159.864,90,20.1363
180,263.741,0,180,180,96.296,180
90,90,90,90,159.864,90,20.1363
0,276.259,0,180,0,83.704,0
7
3.66803e-09,3.35344e-08,2.30002e-08,1.03338e-08,1.06515e-08,3.35344e-08,1.06515e-08
-68.8359,-97.897,-95.5819,-88.5324,-84.9954,-97.327,-84.9954
0,3.14159,3.14159,3.14159,3.14159,3.14159,3.14159
90,90,90,90,159.857,90,20.1432
181.562,263.723,359.751,180.554,181.562,96.2773,181.562
90,90,90,90,159.857,90,20.1432
1.56222,276.277,0.249111,179.446,1.56222,83.7227,1.56222
7
3.66803e-09,3.35344e-08,2.30002e-08,1.03338e-08,1.06515e-08,3.35344e-08,1.06515e-08
-68.8359,-97.897,-95.5819,-88.5324,-84.9954,-97.327,-84.9954
0,3.14159,3.14159,3.14159,3.14159,3.14159,3.14159
90,90,90,90,159.857,90,20.1432
178.438,263.723,0.249111,179.446,178.438,96.2773,178.438
90,90,90,90,159.857,90,20.1432
358.438,276.277,359.751,180.554,358.438,83.7227,358.438
7
3.66667e-09,3.3435e-08,2.3e-08,1.03333e-08,1.0651e-08,3.36338e-08,1.0651e-08
-68.8327,-97.8712,-95.5818,-88.532,-84.9951,-97.3527,-84.9951
0,3.14159,3.14159,3.14159,3.14159,3.14159,3.14159
90,90,90,90,159.864,90,20.1363
180,263.704,0,180,180,96.2587,180
90,90,90,90,159.864,90,20.1363
0,276.296,0,180,0,83.7413,0
7
3.33333e-09,3.35991e-08,2.33333e-08,1e-08,1.05409e-08,3.34001e-08,1.05409e-08
-68.0048,-97.9138,-95.7068,-88.2472,-84.9048,-97.2922,-84.9048
0,3.14159,3.14159,3.14159,3.14159,3.14159,3.14159
90,90,90,90,161.565,90,18.4349
180,264.306,0,180,180,95.7277,180
90,90,90,90,161.565,90,18.4349
0,275.694,0,180,0,84.2723,0
7
3.33483e-09,3.34996e-08,2.33335e-08,1.00005e-08,1.05414e-08,3.34996e-08,1.05414e-08
-68.0087,-97.888,-95.7068,-88.2477,-84.9052,-97.318,-84.9052
0,3.14159,3.14159,3.14159,3.14159,3.14159,3.14159
90,90,90,90,161.557,90,18.4427
181.718,264.289,359.754,180.573,181.718,95.7106,181.718
90,90,90,90,161.557,90,18.4427
1.71836,275.711,0.245552,179.427,1.71836,84.2894,1.71836
7
3.33483e-09,3.34996e-08,2.33335e-08,1.00005e-08,1.05414e-08,3.34996e-08,1.05414e-08
-68.0087,-97.888,-95.7068,-88.2477,-84.9052,-97.318,-84.9052
0,3.14159,3.14159,3.14159,3.14159,3.14159,3.14159
90,90,90,90,161.557,90,18.4427
178.282,264.289,0.245552,179.427,178.282,95.7106,178.282
90,90,90,90,161.557,90,18.4427
358.282,275.711,359.754,180.573,358.282,84.2894,358.282
7
3.33333e-09,3.34001e-08,2.33333e-08,1e-08,1.05409e-08,3.35991e-08,1.05409e-08
-68.0048,-97.8622,-95.7068,-88.2472,-84.9048,-97.3438,-84.9048
0,3.14159,3.14159,3.14159,3.14159,3.14159,3.14159
90,90,90,90,161.565,90,18.4349
180,264.272,0,180,180,95.6936,180
90,90,90,90,161.565,90,18.4349
0,275.728,0,180,0,84.3064,0
7
3e-09,3.35677e-08,2.36667e-08,9.66667e-09,1.04403e-08,3.33685e-08,1.04403e-08
-67.0896,-97.9056,-95.83,-87.9528,-84.8215,-97.2839,-84.8215
0,3.14159,3.14159,3.14159,3.14159,3.14159,3.14159
90,90,90,90,163.301,90,16.6992
180,264.873,0,180,180,95.1582,180
90,90,90,90,163.301,90,16.6992
0,275.127,0,180,0,84.8418,0
7
3.00167e-09,3.34681e-08,2.36669e-08,9.66718e-09,1.04408e-08,3.34681e-08,1.04408e-08
-67.0945,-97.8798,-95.83,-87.9532,-84.8219,-97.3098,-84.8219
0,3.14159,3.14159,3.14159,3.14159,3.14159,3.14159
90,90,90,90,163.292,90,16.708
181.909,264.857,359.758,180.593,181.909,95.1428,181.909
90,90,90,90,163.292,90,16.708
1.90915,275.143,0.242093,179.407,1.90915,84.8572,1.90915
7
3.00167e-09,3.34681e-08,2.36669e-08,9.66718e-09,1.04408e-08,3.34681e-08,1.04408e-08
-67.0945,-97.8798,-95.83,-87.9532,-84.8219,-97.3098,-84.8219
0,3.14159,3.14159,3.14159,3.14159,3.14159,3.14159
90,90,90,90,163.292,90,16.708
178.091,264.857,0.242093,179.407,178.091,95.1428,178.091
90,90,90,90,163.292,90,16.708
358.091,275.143,359.758,180.593,358.091,84.8572,358.091
7
3e-09,3.33685e-08,2.36667e-08,9.66667e-09,1.04403e-08,3.35677e-08,1.04403e-08
-67.0896,-97.8539,-95.83,-87.9528,-84.8215,-97.3356,-84.8215
0,3.14159,3.14159,3.14159,3.14159,3.14159,3.14159
90,90,90,90,163.301,90,16.6992
180,264.842,0,180,180,95.1275,180
90,90,90,90,163.301,90,16.6992
0,275.158,0,180,0,84.8725,0
7
2.66667e-09,3.35395e-08,2.4e-08,9.33333e-09,1.03494e-08,3.33401e-08,1.03494e-08
-66.0666,-97.8984,-95.9514,-87.648,-84.7456,-97.2766,-84.7456
0,3.14159,3.14159,3.14159,3.14159,3.14159,3.14159
90,90,90,90,165.069,90,14.9314
180,265.44,0,180,180,94.5876,180
90,90,90,90,165.069,90,14.9314
0,274.56,0,180,0,85.4124,0
7
2.66854e-09,3.34398e-08,2.40002e-08,9.33387e-09,1.03499e-08,3.34398e-08,1.03499e-08
-66.0727,-97.8725,-95.9515,-87.6485,-84.746,-97.3025,-84.746
0,3.14159,3.14159,3.14159,3.14159,3.14159,3.14159
90,90,90,90,165.059,90,14.9414
182.148,265.426,359.761,180.614,182.148,94.5739,182.148
90,90,90,90,165.059,90,14.9414
2.14759,274.574,0.238731,179.386,2.14759,85.4261,2.14759
7
2.66854e-09,3.34398e-08,2.40002e-08,9.33387e-09,1.03499e-08,3.34398e-08,1.03499e-08
-66.0727,-97.8725,-95.9515,-87.6485,-84.746,-97.3025,-84.746
0,3.14159,3.14159,3.14159,3.14159,3.14159,3.14159
90,90,90,90,165.059,90,14.9414
177.852,265.426,0.238731,179.386,177.852,94.5739,177.852
90,90,90,90,165.059,90,14.9414
357.852,274.574,359.761,180.614,357.852,85.4261,357.852
7
2.66667e-09,3.33401e-08,2.4e-08,9.33333e-09,1.03494e-08,3.35395e-08,1.03494e-08
-66.0666,-97.8466,-95.9514,-87.648,-84.7456,-97.3284,-84.7456
0,3.14159,3.14159,3.14159,3.14159,3.14159,3.14159
90,90,90,90,165.069,90,14.9314
180,265.412,0,180,180,94.5603,180
90,90,90,90,165.069,90,14.9314
0,274.588,0,180,0,85.4397,0
7
2.33333e-09,3.35147e-08,2.43333e-08,9e-09,1.02686e-08,3.33151e-08,1.02686e-08
-64.9068,-97.8919,-96.0713,-87.3321,-84.6775,-97.2701,-84.6775
0,3.14159,3.14159,3.14159,3.14159,3.14159,3.14159
90,90,90,90,166.866,90,13.134
180,266.008,0,180,180,94.0162,180
90,90,90,90,166.866,90,13.134
0,273.992,0,180,0,85.9838,0
7
2.33548e-09,3.34149e-08,2.43335e-08,9.00056e-09,1.02691e-08,3.34149e-08,1.02691e-08
-64.9147,-97.866,-96.0713,-87.3326,-84.6779,-97.296,-84.6779
0,3.14159,3.14159,3.14159,3.14159,3.14159,3.14159
90,90,90,90,166.854,90,13.1457
182.454,265.996,359.765,180.637,182.454,94.0042,182.454
90,90,90,90,166.854,90,13.1457
2.45403,274.004,0.235461,179.363,2.45403,85.9958,2.45403
7
2.33548e-09,3.34149e-08,2.43335e-08,9.00056e-09,1.02691e-08,3.34149e-08,1.02691e-08
-64.9147,-97.866,-96.0713,-87.3326,-84.6779,-97.296,-84.6779
0,3.14159,3.14159,3.14159,3.14159,3.14159,3.14159
90,90,90,90,166.854,90,13.1457
177.546,265.996,0.235461,179.363,177.546,94.0042,177.546
90,90,90,90,166.854,90,13.1457
357.546,274.004,359.765,180.637,357.546,85.9958,357.546
7
2.33333e-09,3.33151e-08,2.43333e-08,9e-09,1.02686e-08,3.35147e-08,1.02686e-08
-64.9068,-97.8401,-96.0713,-87.3321,-84.6775,-97.3219,-84.6775
0,3.14159,3.14159,3.14159,3.14159,3.14159,3.14159
90,90,90,90,166.866,90,13.134
180,265.984,0,180,180,93.9922,180
90,90,90,90,166.866,90,13.134
0,274.016,0,180,0,86.0078,0
7
2e-09,3.34931e-08,2.46667e-08,8.66667e-09,1.0198e-08,3.32935e-08,1.0198e-08
-63.5678,-97.8863,-96.1894,-87.0043,-84.6176,-97.2644,-84.6176
0,3.14159,3.14159,3.14159,3.14159,3.14159,3.14159
90,90,90,90,168.69,90,11.3099
180,266.577,0,180,180,93.4439,180
90,90,90,90,168.69,90,11.3099
0,273.423,0,180,0,86.5561,0
7
2.0025e-09,3.33933e-08,2.46669e-08,8.66724e-09,1.01985e-08,3.33933e-08,1.01985e-08
-63.5787,-97.8604,-96.1895,-87.0048,-84.618,-97.2904,-84.618
0,3.14159,3.14159,3.14159,3.14159,3.14159,3.14159
90,90,90,90,168.676,90,11.3237
182.862,266.566,359.768,180.661,182.862,93.4336,182.862
90,90,90,90,168.676,90,11.3237
2.86241,273.434,0.232279,179.339,2.86241,86.5664,2.86241
7
2.0025e-09,3.33933e-08,2.46669e-08,8.66724e-09,1.01985e-08,3.33933e-08,1.01985e-08
-63.5787,-97.8604,-96.1895,-87.0048,-84.618,-97.2904,-84.618
0,3.14159,3.14159,3.14159,3.14159,3.14159,3.14159
90,90,90,90,168.676,90,11.3237
177.138,266.566,0.232279,179.339,177.138,93.4336,177.138
90,90,90,90,168.676,90,11.3237
357.138,273.434,359.768,180.661,357.138,86.5664,357.138
7
2e-09,3.32935e-08,2.46667e-08,8.66667e-09,1.0198e-08,3.34931e-08,1.0198e-08
-63.5678,-97.8344,-96.1894,-87.0043,-84.6176,-97.3163,-84.6176
0,3.14159,3.14159,3.14159,3.14159,3.14159,3.14159
90,90,90,90,168.69,90,11.3099
180,266.556,0,180,180,93.4234,180
90,90,90,90,168.69,90,11.3099
0,273.444,0,180,0,86.5766,0
7
1.66667e-09,3.34748e-08,2.5e-08,8.33333e-09,1.01379e-08,3.32751e-08,1.01379e-08
-61.9842,-97.8816,-96.306,-86.6636,-84.5662,-97.2596,-84.5662
0,3.14159,3.14159,3.14159,3.14159,3.14159,3.14159
90,90,90,90,170.538,90,9.46232
180,267.146,0,180,180,92.871,180
90,90,90,90,170.538,90,9.46232
0,272.854,0,180,0,87.129,0
7
1.66966e-09,3.3375e-08,2.50002e-08,8.33393e-09,1.01384e-08,3.3375e-08,1.01384e-08
-61.9998,-97.8556,-96.3061,-86.6642,-84.5666,-97.2856,-84.5666
0,3.14159,3.14159,3.14159,3.14159,3.14159,3.14159
90,90,90,90,170.521,90,9.47903
183.434,267.138,359.771,180.688,183.434,92.8624,183.434
90,90,90,90,170.521,90,9.47903
3.43363,272.862,0.229182,179.312,3.43363,87.1376,3.43363
7
1.66966e-09,3.3375e-08,2.50002e-08,8.33393e-09,1.01384e-08,3.3375e-08,1.01384e-08
-61.9998,-97.8556,-96.3061,-86.6642,-84.5666,-97.2856,-84.5666
0,3.14159,3.14159,3.14159,3.14159,3.14159,3.14159
90,90,90,90,170.521,90,9.47903
176.566,267.138,0.229182,179.312,176.566,92.8624,176.566
90,90,90,90,170.521,90,9.47903
356.566,272.862,359.771,180.688,356.566,87.1376,356.566
7
1.66667e-09,3.32751e-08,2.5e-08,8.33333e-09,1.01379e-08,3.34748e-08,1.01379e-08
-61.9842,-97.8296,-96.306,-86.6636,-84.5662,-97.3116,-84.5662
0,3.14159,3.14159,3.14159,3.14159,3.14159,3.14159
90,90,90,90,170.538,90,9.46232
180,267.129,0,180,180,92.8539,180
90,90,90,90,170.538,90,9.46232
0,272.871,0,180,0,87.1461,0
7
1.33333e-09,3.34599e-08,2.53333e-08,8e-09,1.00885e-08,3.32601e-08,1.00885e-08
-60.046,-97.8777,-96.4211,-86.309,-84.5238,-97.2557,-84.5238
0,3.14159,3.14159,3.14159,3.14159,3.14159,3.14159
90,90,90,90,172.405,90,7.59464
180,267.716,0,180,180,92.2975,180
90,90,90,90,172.405,90,7.59464
0,272.284,0,180,0,87.7025,0
7
1.33708e-09,3.336e-08,2.53335e-08,8.00062e-09,1.0089e-08,3.336e-08,1.0089e-08
-60.0704,-97.8517,-96.4211,-86.3097,-84.5242,-97.2817,-84.5242
0,3.14159,3.14159,3.14159,3.14159,3.14159,3.14159
90,90,90,90,172.384,90,7.61572
184.289,267.709,359.774,180.716,184.289,92.2906,184.289
90,90,90,90,172.384,90,7.61572
4.28915,272.291,0.226166,179.284,4.28915,87.7094,4.28915
7
1.33708e-09,3.336e-08,2.53335e-08,8.00062e-09,1.0089e-08,3.336e-08,1.0089e-08
-60.0704,-97.8517,-96.4211,-86.3097,-84.5242,-97.2817,-84.5242
0,3.14159,3.14159,3.14159,3.14159,3.14159,3.14159
90,90,90,90,172.384,90,7.61572
175.711,267.709,0.226166,179.284,175.711,92.2906,175.711
90,90,90,90,172.384,90,7.61572
355.711,272.291,359.774,180.716,355.711,87.7094,355.711
7
1.33333e-09,3.32601e-08,2.53333e-08,8e-09,1.00885e-08,3.34599e-08,1.00885e-08
-60.046,-97.8257,-96.4211,-86.309,-84.5238,-97.3077,-84.5238
0,3.14159,3.14159,3.14159,3.14159,3.14159,3.14159
90,90,90,90,172.405,90,7.59464
180,267.703,0,180,180,92.2838,180
90,90,90,90,172.405,90,7.59464
0,272.297,0,180,0,87.7162,0
7
1e-09,3.34483e-08,2.56667e-08,7.66667e-09,1.00499e-08,3.32484e-08,1.00499e-08
-57.5472,-97.8747,-96.5346,-85.9394,-84.4904,-97.2526,-84.4904
0,3.14159,3.14159,3.14159,3.14159,3.14159,3.14159
90,90,90,90,174.289,90,5.71059
180,268.287,0,180,180,91.7235,180
90,90,90,90,174.289,90,5.71059
0,271.713,0,180,0,88.2765,0
7
1.00499e-09,3.33483e-08,2.56669e-08,7.66732e-09,1.00504e-08,3.33483e-08,1.00504e-08
-57.5904,-97.8487,-96.5347,-85.9401,-84.4909,-97.2787,-84.4909
0,3.14159,3.14159,3.14159,3.14159,3.14159,3.14159
90,90,90,90,174.261,90,5.73889
185.711,268.282,359.777,180.747,185.711,91.7184,185.711
90,90,90,90,174.261,90,5.73889
5.71059,271.718,0.223229,179.253,5.71059,88.2816,5.71059
7
1.00499e-09,3.33483e-08,2.56669e-08,7.66732e-09,1.00504e-08,3.33483e-08,1.00504e-08
-57.5904,-97.8487,-96.5347,-85.9401,-84.4909,-97.2787,-84.4909
0,3.14159,3.14159,3.14159,3.14159,3.14159,3.14159
90,90,90,90,174.261,90,5.73889
174.289,268.282,0.223229,179.253,174.289,91.7184,174.289
90,90,90,90,174.261,90,5.73889
354.289,271.718,359.777,180.747,354.289,88.2816,354.289
7
1e-09,3.32484e-08,2.56667e-08,7.66667e-09,1.00499e-08,3.34483e-08,1.00499e-08
-57.5472,-97.8226,-96.5346,-85.9394,-84.4904,-97.3047,-84.4904
0,3.14159,3.14159,3.14159,3.14159,3.14159,3.14159
90,90,90,90,174.289,90,5.71059
180,268.276,0,180,180,91.7132,180
90,90,90,90,174.289,90,5.71059
0,271.724,0,180,0,88.2868,0
7
6.66667e-10,3.344e-08,2.6e-08,7.33333e-09,1.00222e-08,3.324e-08,1.00222e-08
-54.0254,-97.8725,-96.6467,-85.5533,-84.4665,-97.2504,-84.4665
0,3.14159,3.14159,3.14159,3.14159,3.14159,3.14159
90,90,90,90,176.186,90,3.81407
180,268.858,0,180,180,91.1492,180
90,90,90,90,176.186,90,3.81407
0,271.142,0,180,0,88.8508,0
7
6.74125e-10,3.334e-08,2.60002e-08,7.33402e-09,1.00227e-08,3.334e-08,1.00227e-08
-54.122,-97.8465,-96.6468,-85.5541,-84.4669,-97.2765,-84.4669
0,3.14159,3.14159,3.14159,3.14159,3.14159,3.14159
90,90,90,90,176.143,90,3.85662
188.531,268.854,359.78,180.781,188.531,91.1458,188.531
90,90,90,90,176.143,90,3.85662
8.53077,271.146,0.220367,179.219,8.53077,88.8542,8.53077
7
6.74125e-10,3.334e-08,2.60002e-08,7.33402e-09,1.00227e-08,3.334e-08,1.00227e-08
-54.122,-97.8465,-96.6468,-85.5541,-84.4669,-97.2765,-84.4669
0,3.14159,3.14159,3.14159,3.14159,3.14159,3.14159
90,90,90,90,176.143,90,3.85662
171.469,268.854,0.220367,179.219,171.469,91.1458,171.469
90,90,90,90,176.143,90,3.85662
351.469,271.146,359.78,180.781,351.469,88.8542,351.469
7
6.66667e-10,3.324e-08,2.6e-08,7.33333e-09,1.00222e-08,3.344e-08,1.00222e-08
-54.0254,-97.8204,-96.6467,-85.5533,-84.4665,-97.3025,-84.4665
0,3.14159,3.14159,3.14159,3.14159,3.14159,3.14159
90,90,90,90,176.186,90,3.81407
180,268.851,0,180,180,91.1423,180
90,90,90,90,176.186,90,3.81407
0,271.149,0,180,0,88.8577,0
7
3.33333e-10,3.3435e-08,2.63333e-08,7e-09,1.00056e-08,3.3235e-08,1.00056e-08
-48.0048,-97.8712,-96.7573,-85.1492,-84.452,-97.2491,-84.452
0,3.14159,3.14159,3.14159,3.14159,3.14159,3.14159
90,90,90,90,178.091,90,1.90915
180,269.429,0,180,180,90.5747,180
90,90,90,90,178.091,90,1.90915
0,270.571,0,180,0,89.4253,0
7
3.4801e-10,3.3335e-08,2.63335e-08,7.00071e-09,1.00061e-08,3.3335e-08,1.00061e-08
-48.3791,-97.8452,-96.7574,-85.1501,-84.4525,-97.2752,-84.4525
0,3.14159,3.14159,3.14159,3.14159,3.14159,3.14159
90,90,90,90,178.007,90,1.99315
196.699,269.427,359.782,180.818,196.699,90.5729,196.699
90,90,90,90,178.007,90,1.99315
16.6992,270.573,0.217578,179.182,16.6992,89.4271,16.6992
7
3.4801e-10,3.3335e-08,2.63335e-08,7.00071e-09,1.00061e-08,3.3335e-08,1.00061e-08
-48.3791,-97.8452,-96.7574,-85.1501,-84.4525,-97.2752,-84.4525
0,3.14159,3.14159,3.14159,3.14159,3.14159,3.14159
90,90,90,90,178.007,90,1.99315
163.301,269.427,0.217578,179.182,163.301,90.5729,163.301
90,90,90,90,178.007,90,1.99315
343.301,270.573,359.782,180.818,343.301,89.4271,343.301
7
3.33333e-10,3.3235e-08,2.63333e-08,7e-09,1.00056e-08,3.3435e-08,1.00056e-08
-48.0048,-97.8191,-96.7573,-85.1492,-84.452,-97.3012,-84.452
0,3.14159,3.14159,3.14159,3.14159,3.14159,3.14159
90,90,90,90,178.091,90,1.90915
180,269.425,0,180,180,90.5712,180
90,90,90,90,178.091,90,1.90915
0,270.575,0,180,0,89.4288,0
