54
7.07753e-09,3.64249e-08,2.01407e-08,1.35434e-08,1.22512e-08,3.1569e-08,1.22512e-08,3.61047e-08,1.28893e-08,1.17222e-08,3.46292e-08,1.10858e-08,3.42437e-08,1.03646e-08,3.66446e-08,1.43511e-08,1.34848e-08,3.38268e-08,1.39461e-08,3.66679e-08,1.46732e-08,1.42662e-08,3.49186e-08,3.67805e-08,1.48349e-08,3.5295e-08,3.72262e-08,1.61307e-08,3.56705e-08,3.87253e-08,1.61704e-08,3.59772e-08,3.89528e-08,1.77577e-08,3.7304e-08,1.82695e-08,3.89262e-08,NaN,NaN,NaN,NaN,NaN,NaN,NaN,NaN,NaN,NaN,NaN,NaN,NaN,NaN,NaN,NaN,NaN
-74.5449,-96.1671,-93.5622,-87.7838,-85.8777,-97.4202,-87.5223,-98.7295,-98.973,-94.4512,-112.673,-98.8216,-113.233,-104.135,-107.937,-108.727,-105.408,-104.843,-101.052,-108.072,-101.59,-104.943,-105.161,-107.998,-98.0716,-110.047,-111.915,-106.133,-110.998,-116.611,-107.163,-111.133,-118.05,-108.667,-113.009,-107.329,-120.057,NaN,NaN,NaN,NaN,NaN,NaN,NaN,NaN,NaN,NaN,NaN,NaN,NaN,NaN,NaN,NaN,NaN
0,3.14159,3.14159,3.14159,3.14159,3.14159,3.14159,5.15583,3.7218,1.30004,2.7482,0.594452,5.40338,1.18094,2.75709,4.7019,3.87611,1.2532,3.82777,0.0701692,2.63785,4.33472,3.30068,1.4735,4.63372,0.796325,4.44211,4.3132,4.70439,4.36156,6.005,1.97712,1.6658,1.93463,1.17605,2.15074,6.16,NaN,NaN,NaN,NaN,NaN,NaN,NaN,NaN,NaN,NaN,NaN,NaN,NaN,NaN,NaN,NaN,NaN
90,90,90,90,144.711,90,35.2891,87.4503,89.1432,145.63,88.8097,135.857,96.0628,145.766,89.4896,90.2858,140.929,95.3344,37.7351,88.4906,89.3263,145.201,90.0848,89.7657,89.6284,91.1675,90.149,88.5344,91.1212,86.3543,88.3447,85.0244,91.7081,89.6038,87.8113,89.2667,88.4508,NaN,NaN,NaN,NaN,NaN,NaN,NaN,NaN,NaN,NaN,NaN,NaN,NaN,NaN,NaN,NaN,NaN
19.6186,280.546,6.77593,169.895,19.6186,77.8086,19.6186,280.48,170.001,23.654,276.484,18.1158,266.887,19.807,281.599,173.098,12.6446,77.5727,19.146,281.293,169.877,15.7633,78.5093,280.299,168.587,78.5564,280.804,167.517,78.742,288.122,175.943,73.2817,285.273,171.594,76.1096,175.359,75.5013,NaN,NaN,NaN,NaN,NaN,NaN,NaN,NaN,NaN,NaN,NaN,NaN,NaN,NaN,NaN,NaN,NaN
90,90,90,90,144.711,90,35.2891,89.719,88.8548,141.262,90.8535,145.056,89.9378,147.356,87.621,91.55,144.84,90.5413,36.7733,91.9658,89.4189,148.811,87.1005,93.3198,91.3045,90.1637,87.2231,91.0552,91.646,94.6787,90.1754,88.4855,73.2781,86.7336,90.1032,90.0819,91.7657,NaN,NaN,NaN,NaN,NaN,NaN,NaN,NaN,NaN,NaN,NaN,NaN,NaN,NaN,NaN,NaN,NaN
199.619,259.454,353.224,190.105,199.619,102.191,199.619,261.677,197.762,201.419,260.583,199.243,262.489,199.405,260.902,191.661,197.872,108.051,199.155,259.449,195.918,196.732,99.5893,258.643,188.857,99.8619,259.999,184.385,103.641,259.929,193.243,103.366,259.378,189.873,103.936,191.776,105.931,NaN,NaN,NaN,NaN,NaN,NaN,NaN,NaN,NaN,NaN,NaN,NaN,NaN,NaN,NaN,NaN,NaN
54
7.11173e-09,3.63266e-08,2.01527e-08,1.35613e-08,1.2271e-08,3.16667e-08,1.2271e-08,3.13836e-08,1.34736e-08,1.18786e-08,3.12097e-08,1.17338e-08,1.06775e-08,1.12889e-08,3.11815e-08,1.07361e-08,1.04333e-08,3.06569e-08,9.94519e-09,3.71831e-08,1.76381e-08,1.48022e-08,3.36686e-08,1.24277e-08,3.75865e-08,1.8638e-08,1.75792e-08,3.3678e-08,1.25266e-08,3.81729e-08,2.29595e-08,1.76458e-08,3.39128e-08,1.2566e-08,3.83671e-08,2.33965e-08,1.93844e-08,1.27885e-08,3.83714e-08,2.44269e-08,1.36861e-08,3.847e-08,1.59113e-08,3.87967e-08,1.63535e-08,3.88081e-08,3.91766e-08,3.93257e-08,3.98755e-08,4.08591e-08,4.08706e-08,4.10632e-08,4.13157e-08,4.13542e-08
-74.5867,-91.8193,-87.6734,-93.9414,-88.2391,-97.9605,-89.9922,-114.242,-101.758,-110.454,-111.587,-98.5919,-107.973,-111.96,-112.829,-101.153,-109.785,-120.689,-102.26,-99.1999,-103.904,-97.5403,-118.564,-105.291,-100.152,-105.871,-106.051,-117.412,-97.6652,-102.289,-114.427,-107.99,-118.196,-93.1643,-101.594,-114.113,-110.41,-99.5428,-103.387,-116.349,-101.603,-105.19,-113.738,-103.365,-111.492,-106.305,-107.428,-106.577,-109.273,-113.046,-113.143,-115.039,-115.937,-116.422
0,3.14159,3.14159,3.14159,3.14159,3.14159,3.14159,2.218,3.58457,1.67755,4.02692,2.63192,1.66679,0.765767,3.12594,3.73103,5.83376,0.401951,1.74032,1.08371,1.66955,5.96246,2.99822,3.56956,5.89738,1.94772,0.6688,5.75679,1.72141,0.216657,3.5016,0.36427,3.12216,0.811055,5.52642,2.37623,1.02871,0.9751,3.28188,1.54419,1.68899,5.07837,2.72621,2.81223,2.48753,2.17737,4.75732,2.26328,3.49726,5.584,5.27891,1.53327,2.73707,5.20595
90,90,90,90,144.581,90,35.4194,89.3776,95.4887,150.491,89.5361,35.7616,88.7131,142.181,98.0065,34.7731,89.7972,90.6354,35.2999,91.1826,89.3704,143.775,89.8028,34.6812,90.1646,90.4861,152.123,89.9744,32.6559,90.0042,89.6776,153.827,90.3345,32.8179,89.8302,88.1054,148.094,39.0456,90.3916,94.1634,40.6334,90.4278,35.5029,88.5502,27.6663,88.853,89.7784,90.4653,90.1535,91.714,89.4148,90.1352,89.7547,89.0991
20.3775,280.575,7.05825,169.479,20.3775,77.8468,20.3775,287.72,169.59,18.552,77.0149,22.0484,167.231,18.9304,80.0987,21.6751,171.286,77.6969,22.6815,282.864,170.081,20.3572,80.9831,23.016,279.07,172.804,20.4914,77.8953,24.2115,280.231,167.53,22.6528,77.681,18.6584,280.044,171.132,20.4034,19.9753,281.167,168.875,19.7758,282.461,19.5659,285.769,21.1157,277.332,278.947,279.898,291.208,279.645,284.472,278.767,278.582,290.349
90,90,90,90,144.581,90,35.4194,90.0858,89.5303,143.882,91.8113,34.6905,90.3318,148.535,89.1114,34.6176,91.2572,84.9304,35.4404,89.0952,88.2138,144.026,90.5203,40.3346,84.8515,90.2304,142.523,89.5824,25.5982,86.4333,90.3109,148.15,93.8986,42.6635,85.6663,97.4715,149.92,29.9497,93.6989,88.232,33.7972,88.9449,35.3499,90.453,43.6009,89.3729,95.2153,91.4816,93.3245,90.4924,91.0653,89.4513,88.1988,87.012
200.378,259.425,352.942,190.521,200.378,102.153,200.378,258.559,181.414,201.309,103.346,198.802,189.681,197.79,102.953,197.13,190.468,100.363,198.047,261.967,190.621,201.438,99.5496,200.061,259.788,190.563,201.02,94.7122,197.841,258.517,189.367,201.388,103.449,204.588,257.447,188.029,200.157,199.27,258.725,193.988,203.162,255.791,203.188,260.09,201.818,258.126,260.741,258.493,259.104,255.448,254.373,257.637,258.313,255.759
