7
1e-08,3.49926e-08,1.66667e-08,1.66667e-08,1.41421e-08,3.46095e-08,1.41421e-08
-77.5472,-98.2668,-92.7842,-92.6842,-87.4575,-97.6011,-87.4575
0,3.14159,3.14159,3.14159,3.14159,3.14159,3.14159
90,90,90,90,135,90,45
0,286.605,0,180,0,73.2056,0
90,90,90,90,135,90,45
180,253.395,0,180,180,106.794,180
7
1.00005e-08,3.48968e-08,1.6667e-08,1.6667e-08,1.41425e-08,3.47053e-08,1.41425e-08
-77.5477,-98.2429,-92.7844,-92.6844,-87.4577,-97.6251,-87.4577
0,3.14159,3.14159,3.14159,3.14159,3.14159,3.14159
90,90,90,90,134.999,90,45.0014
359.427,286.652,359.656,180.344,359.427,73.2533,359.427
90,90,90,90,134.999,90,45.0014
179.427,253.348,0.343771,179.656,179.427,106.747,179.427
7
1.0002e-08,3.4801e-08,1.66679e-08,1.66679e-08,1.41435e-08,3.4801e-08,1.41435e-08
-77.549,-98.2191,-92.7848,-92.6848,-87.4584,-97.6491,-87.4584
0,3.14159,3.14159,3.14159,3.14159,3.14159,3.14159
90,90,90,90,134.994,90,45.0057
358.854,286.699,359.312,180.688,358.854,73.3008,358.854
90,90,90,90,134.994,90,45.0057
178.854,253.301,0.687516,179.312,178.854,106.699,178.854
7
1.00005e-08,3.48968e-08,1.6667e-08,1.6667e-08,1.41425e-08,3.47053e-08,1.41425e-08
-77.5477,-98.2429,-92.7844,-92.6844,-87.4577,-97.6251,-87.4577
0,3.14159,3.14159,3.14159,3.14159,3.14159,3.14159
90,90,90,90,134.999,90,45.0014
0.572939,286.652,0.343771,179.656,0.572939,73.2533,0.572939
90,90,90,90,134.999,90,45.0014
180.573,253.348,359.656,180.344,180.573,106.747,180.573
7
1e-08,3.4801e-08,1.66667e-08,1.66667e-08,1.41421e-08,3.4801e-08,1.41421e-08
-77.5472,-98.2191,-92.7842,-92.6842,-87.4575,-97.6491,-87.4575
0,3.14159,3.14159,3.14159,3.14159,3.14159,3.14159
90,90,90,90,135,90,45
0,286.699,0,180,0,73.3008,0
90,90,90,90,135,90,45
180,253.301,0,180,180,106.699,180
7
1.00005e-08,3.47053e-08,1.6667e-08,1.6667e-08,1.41425e-08,3.48968e-08,1.41425e-08
-77.5477,-98.1951,-92.7844,-92.6844,-87.4577,-97.6729,-87.4577
0,3.14159,3.14159,3.14159,3.14159,3.14159,3.14159
90,90,90,90,134.999,90,45.0014
359.427,286.747,359.656,180.344,359.427,73.3479,359.427
90,90,90,90,134.999,90,45.0014
179.427,253.253,0.343771,179.656,179.427,106.652,179.427
7
1.0002e-08,3.4801e-08,1.66679e-08,1.66679e-08,1.41435e-08,3.4801e-08,1.41435e-08
-77.549,-98.2191,-92.7848,-92.6848,-87.4584,-97.6491,-87.4584
0,3.14159,3.14159,3.14159,3.14159,3.14159,3.14159
90,90,90,90,134.994,90,45.0057
1.14576,286.699,0.687516,179.312,1.14576,73.3008,1.14576
90,90,90,90,134.994,90,45.0057
181.146,253.301,359.312,180.688,181.146,106.699,181.146
7
1.00005e-08,3.47053e-08,1.6667e-08,1.6667e-08,1.41425e-08,3.48968e-08,1.41425e-08
-77.5477,-98.1951,-92.7844,-92.6844,-87.4577,-97.6729,-87.4577
0,3.14159,3.14159,3.14159,3.14159,3.14159,3.14159
90,90,90,90,134.999,90,45.0014
0.572939,286.747,0.343771,179.656,0.572939,73.3479,0.572939
90,90,90,90,134.999,90,45.0014
180.573,253.253,359.656,180.344,180.573,106.652,180.573
7
1e-08,3.46095e-08,1.66667e-08,1.66667e-08,1.41421e-08,3.49926e-08,1.41421e-08
-77.5472,-98.1711,-92.7842,-92.6842,-87.4575,-97.6968,-87.4575
0,3.14159,3.14159,3.14159,3.14159,3.14159,3.14159
90,90,90,90,135,90,45
0,286.794,0,180,0,73.3949,0
90,90,90,90,135,90,45
180,253.206,0,180,180,106.605,180
7
9.66667e-09,3.48988e-08,1.7e-08,1.63333e-08,1.39084e-08,3.45147e-08,1.39084e-08
-77.2528,-98.2434,-92.9562,-92.5087,-87.3128,-97.5773,-87.3128
0,3.14159,3.14159,3.14159,3.14159,3.14159,3.14159
90,90,90,90,135.971,90,44.029
0,286.081,0,180,0,73.7354,0
90,90,90,90,135.971,90,44.029
180,253.919,0,180,180,106.265,180
7
9.66718e-09,3.48028e-08,1.70003e-08,1.63336e-08,1.39088e-08,3.46107e-08,1.39088e-08
-77.2532,-98.2195,-92.9564,-92.5089,-87.313,-97.6014,-87.313
0,3.14159,3.14159,3.14159,3.14159,3.14159,3.14159
90,90,90,90,135.969,90,44.0305
359.407,286.126,359.663,180.351,359.407,73.7817,359.407
90,90,90,90,135.969,90,44.0305
179.407,253.874,0.33703,179.649,179.407,106.218,179.407
7
9.66874e-09,3.47067e-08,1.70012e-08,1.63346e-08,1.39099e-08,3.47067e-08,1.39099e-08
-77.2546,-98.1955,-92.9568,-92.5094,-87.3137,-97.6255,-87.3137
0,3.14159,3.14159,3.14159,3.14159,3.14159,3.14159
90,90,90,90,135.965,90,44.0351
358.815,286.172,359.326,180.702,358.815,73.8278,358.815
90,90,90,90,135.965,90,44.0351
178.815,253.828,0.674037,179.298,178.815,106.172,178.815
7
9.66718e-09,3.48028e-08,1.70003e-08,1.63336e-08,1.39088e-08,3.46107e-08,1.39088e-08
-77.2532,-98.2195,-92.9564,-92.5089,-87.313,-97.6014,-87.313
0,3.14159,3.14159,3.14159,3.14159,3.14159,3.14159
90,90,90,90,135.969,90,44.0305
0.592694,286.126,0.33703,179.649,0.592694,73.7817,0.592694
90,90,90,90,135.969,90,44.0305
180.593,253.874,359.663,180.351,180.593,106.218,180.593
7
9.66667e-09,3.47067e-08,1.7e-08,1.63333e-08,1.39084e-08,3.47067e-08,1.39084e-08
-77.2528,-98.1955,-92.9562,-92.5087,-87.3128,-97.6255,-87.3128
0,3.14159,3.14159,3.14159,3.14159,3.14159,3.14159
90,90,90,90,135.971,90,44.029
0,286.172,0,180,0,73.8278,0
90,90,90,90,135.971,90,44.029
180,253.828,0,180,180,106.172,180
7
9.66718e-09,3.46107e-08,1.70003e-08,1.63336e-08,1.39088e-08,3.48028e-08,1.39088e-08
-77.2532,-98.1714,-92.9564,-92.5089,-87.313,-97.6495,-87.313
0,3.14159,3.14159,3.14159,3.14159,3.14159,3.14159
90,90,90,90,135.969,90,44.0305
359.407,286.218,359.663,180.351,359.407,73.8737,359.407
90,90,90,90,135.969,90,44.0305
179.407,253.782,0.33703,179.649,179.407,106.126,179.407
7
9.66874e-09,3.47067e-08,1.70012e-08,1.63346e-08,1.39099e-08,3.47067e-08,1.39099e-08
-77.2546,-98.1955,-92.9568,-92.5094,-87.3137,-97.6255,-87.3137
0,3.14159,3.14159,3.14159,3.14159,3.14159,3.14159
90,90,90,90,135.965,90,44.0351
1.18526,286.172,0.674037,179.298,1.18526,73.8278,1.18526
90,90,90,90,135.965,90,44.0351
181.185,253.828,359.326,180.702,181.185,106.172,181.185
7
9.66718e-09,3.46107e-08,1.70003e-08,1.63336e-08,1.39088e-08,3.48028e-08,1.39088e-08
-77.2532,-98.1714,-92.9564,-92.5089,-87.313,-97.6495,-87.313
0,3.14159,3.14159,3.14159,3.14159,3.14159,3.14159
90,90,90,90,135.969,90,44.0305
0.592694,286.218,0.33703,179.649,0.592694,73.8737,0.592694
90,90,90,90,135.969,90,44.0305
180.593,253.782,359.663,180.351,180.593,106.126,180.593
7
9.66667e-09,3.45147e-08,1.7e-08,1.63333e-08,1.39084e-08,3.48988e-08,1.39084e-08
-77.2528,-98.1473,-92.9562,-92.5087,-87.3128,-97.6734,-87.3128
0,3.14159,3.14159,3.14159,3.14159,3.14159,3.14159
90,90,90,90,135.971,90,44.029
0,286.265,0,180,0,73.9193,0
90,90,90,90,135.971,90,44.029
180,253.735,0,180,180,106.081,180
7
9.33333e-09,3.4808e-08,1.73333e-08,1.6e-08,1.36789e-08,3.44228e-08,1.36789e-08
-76.948,-98.2208,-93.1249,-92.3296,-87.1682,-97.5541,-87.1682
0,3.14159,3.14159,3.14159,3.14159,3.14159,3.14159
90,90,90,90,136.975,90,43.0251
0,285.553,0,180,0,74.268,0
90,90,90,90,136.975,90,43.0251
180,254.447,0,180,180,105.732,180
7
9.33387e-09,3.47117e-08,1.73336e-08,1.60003e-08,1.36792e-08,3.45191e-08,1.36792e-08
-76.9485,-98.1967,-93.125,-92.3298,-87.1685,-97.5784,-87.1685
0,3.14159,3.14159,3.14159,3.14159,3.14159,3.14159
90,90,90,90,136.973,90,43.0267
359.386,285.598,359.669,180.358,359.386,74.313,359.386
90,90,90,90,136.973,90,43.0267
179.386,254.402,0.330549,179.642,179.386,105.687,179.386
7
9.33548e-09,3.46153e-08,1.73345e-08,1.60012e-08,1.36803e-08,3.46153e-08,1.36803e-08
-76.95,-98.1726,-93.1254,-92.3303,-87.1691,-97.6026,-87.1691
0,3.14159,3.14159,3.14159,3.14159,3.14159,3.14159
90,90,90,90,136.968,90,43.0316
358.772,285.642,359.339,180.716,358.772,74.3578,358.772
90,90,90,90,136.968,90,43.0316
178.772,254.358,0.661076,179.284,178.772,105.642,178.772
7
9.33387e-09,3.47117e-08,1.73336e-08,1.60003e-08,1.36792e-08,3.45191e-08,1.36792e-08
-76.9485,-98.1967,-93.125,-92.3298,-87.1685,-97.5784,-87.1685
0,3.14159,3.14159,3.14159,3.14159,3.14159,3.14159
90,90,90,90,136.973,90,43.0267
0.61386,285.598,0.330549,179.642,0.61386,74.313,0.61386
90,90,90,90,136.973,90,43.0267
180.614,254.402,359.669,180.358,180.614,105.687,180.614
7
9.33333e-09,3.46153e-08,1.73333e-08,1.6e-08,1.36789e-08,3.46153e-08,1.36789e-08
-76.948,-98.1726,-93.1249,-92.3296,-87.1682,-97.6026,-87.1682
0,3.14159,3.14159,3.14159,3.14159,3.14159,3.14159
90,90,90,90,136.975,90,43.0251
0,285.642,0,180,0,74.3578,0
90,90,90,90,136.975,90,43.0251
180,254.358,0,180,180,105.642,180
7
9.33387e-09,3.45191e-08,1.73336e-08,1.60003e-08,1.36792e-08,3.47117e-08,1.36792e-08
-76.9485,-98.1484,-93.125,-92.3298,-87.1685,-97.6267,-87.1685
0,3.14159,3.14159,3.14159,3.14159,3.14159,3.14159
90,90,90,90,136.973,90,43.0267
359.386,285.687,359.669,180.358,359.386,74.4023,359.386
90,90,90,90,136.973,90,43.0267
179.386,254.313,0.330549,179.642,179.386,105.598,179.386
7
9.33548e-09,3.46153e-08,1.73345e-08,1.60012e-08,1.36803e-08,3.46153e-08,1.36803e-08
-76.95,-98.1726,-93.1254,-92.3303,-87.1691,-97.6026,-87.1691
0,3.14159,3.14159,3.14159,3.14159,3.14159,3.14159
90,90,90,90,136.968,90,43.0316
1.22758,285.642,0.661076,179.284,1.22758,74.3578,1.22758
90,90,90,90,136.968,90,43.0316
181.228,254.358,359.339,180.716,181.228,105.642,181.228
7
9.33387e-09,3.45191e-08,1.73336e-08,1.60003e-08,1.36792e-08,3.47117e-08,1.36792e-08
-76.9485,-98.1484,-93.125,-92.3298,-87.1685,-97.6267,-87.1685
0,3.14159,3.14159,3.14159,3.14159,3.14159,3.14159
90,90,90,90,136.973,90,43.0267
0.61386,285.687,0.330549,179.642,0.61386,74.4023,0.61386
90,90,90,90,136.973,90,43.0267
180.614,254.313,359.669,180.358,180.614,105.598,180.614
7
9.33333e-09,3.44228e-08,1.73333e-08,1.6e-08,1.36789e-08,3.4808e-08,1.36789e-08
-76.948,-98.1241,-93.1249,-92.3296,-87.1682,-97.6508,-87.1682
0,3.14159,3.14159,3.14159,3.14159,3.14159,3.14159
90,90,90,90,136.975,90,43.0251
0,285.732,0,180,0,74.4465,0
90,90,90,90,136.975,90,43.0251
180,254.268,0,180,180,105.553,180
7
9e-09,3.47201e-08,1.76667e-08,1.56667e-08,1.34536e-08,3.43339e-08,1.34536e-08
-76.6321,-98.1988,-93.2903,-92.1468,-87.024,-97.5317,-87.024
0,3.14159,3.14159,3.14159,3.14159,3.14159,3.14159
90,90,90,90,138.013,90,41.9872
0,285.024,0,180,0,74.8034,0
90,90,90,90,138.013,90,41.9872
180,254.976,0,180,180,105.197,180
7
9.00056e-09,3.46235e-08,1.76669e-08,1.5667e-08,1.3454e-08,3.44304e-08,1.3454e-08
-76.6326,-98.1746,-93.2905,-92.1469,-87.0242,-97.5561,-87.0242
0,3.14159,3.14159,3.14159,3.14159,3.14159,3.14159
90,90,90,90,138.011,90,41.989
359.363,285.066,359.676,180.366,359.363,74.847,359.363
90,90,90,90,138.011,90,41.989
179.363,254.934,0.324312,179.634,179.363,105.153,179.363
7
9.00222e-09,3.4527e-08,1.76678e-08,1.56679e-08,1.34551e-08,3.4527e-08,1.34551e-08
-76.6342,-98.1504,-93.2909,-92.1475,-87.025,-97.5804,-87.025
0,3.14159,3.14159,3.14159,3.14159,3.14159,3.14159
90,90,90,90,138.006,90,41.9942
358.727,285.11,359.351,180.731,358.727,74.8904,358.727
90,90,90,90,138.006,90,41.9942
178.727,254.89,0.648604,179.269,178.727,105.11,178.727
7
9.00056e-09,3.46235e-08,1.76669e-08,1.5667e-08,1.3454e-08,3.44304e-08,1.3454e-08
-76.6326,-98.1746,-93.2905,-92.1469,-87.0242,-97.5561,-87.0242
0,3.14159,3.14159,3.14159,3.14159,3.14159,3.14159
90,90,90,90,138.011,90,41.989
0.636594,285.066,0.324312,179.634,0.636594,74.847,0.636594
90,90,90,90,138.011,90,41.989
180.637,254.934,359.676,180.366,180.637,105.153,180.637
7
9e-09,3.4527e-08,1.76667e-08,1.56667e-08,1.34536e-08,3.4527e-08,1.34536e-08
-76.6321,-98.1504,-93.2903,-92.1468,-87.024,-97.5804,-87.024
0,3.14159,3.14159,3.14159,3.14159,3.14159,3.14159
90,90,90,90,138.013,90,41.9872
0,285.11,0,180,0,74.8904,0
90,90,90,90,138.013,90,41.9872
180,254.89,0,180,180,105.11,180
7
9.00056e-09,3.44304e-08,1.76669e-08,1.5667e-08,1.3454e-08,3.46235e-08,1.3454e-08
-76.6326,-98.1261,-93.2905,-92.1469,-87.0242,-97.6046,-87.0242
0,3.14159,3.14159,3.14159,3.14159,3.14159,3.14159
90,90,90,90,138.011,90,41.989
359.363,285.153,359.676,180.366,359.363,74.9336,359.363
90,90,90,90,138.011,90,41.989
179.363,254.847,0.324312,179.634,179.363,105.066,179.363
7
9.00222e-09,3.4527e-08,1.76678e-08,1.56679e-08,1.34551e-08,3.4527e-08,1.34551e-08
-76.6342,-98.1504,-93.2909,-92.1475,-87.025,-97.5804,-87.025
0,3.14159,3.14159,3.14159,3.14159,3.14159,3.14159
90,90,90,90,138.006,90,41.9942
1.27303,285.11,0.648604,179.269,1.27303,74.8904,1.27303
90,90,90,90,138.006,90,41.9942
181.273,254.89,359.351,180.731,181.273,105.11,181.273
7
9.00056e-09,3.44304e-08,1.76669e-08,1.5667e-08,1.3454e-08,3.46235e-08,1.3454e-08
-76.6326,-98.1261,-93.2905,-92.1469,-87.0242,-97.6046,-87.0242
0,3.14159,3.14159,3.14159,3.14159,3.14159,3.14159
90,90,90,90,138.011,90,41.989
0.636594,285.153,0.324312,179.634,0.636594,74.9336,0.636594
90,90,90,90,138.011,90,41.989
180.637,254.847,359.676,180.366,180.637,105.066,180.637
7
9e-09,3.43339e-08,1.76667e-08,1.56667e-08,1.34536e-08,3.47201e-08,1.34536e-08
-76.6321,-98.1017,-93.2903,-92.1468,-87.024,-97.6288,-87.024
0,3.14159,3.14159,3.14159,3.14159,3.14159,3.14159
90,90,90,90,138.013,90,41.9872
0,285.197,0,180,0,74.9765,0
90,90,90,90,138.013,90,41.9872
180,254.803,0,180,180,105.024,180
7
8.66667e-09,3.46352e-08,1.8e-08,1.53333e-08,1.3233e-08,3.4248e-08,1.3233e-08
-76.3043,-98.1776,-93.4527,-91.96,-86.8804,-97.5099,-86.8804
0,3.14159,3.14159,3.14159,3.14159,3.14159,3.14159
90,90,90,90,139.086,90,40.9144
0,284.491,0,180,0,75.3416,0
90,90,90,90,139.086,90,40.9144
180,255.509,0,180,180,104.658,180
7
8.66724e-09,3.45384e-08,1.80003e-08,1.53337e-08,1.32333e-08,3.43448e-08,1.32333e-08
-76.3048,-98.1533,-93.4528,-91.9601,-86.8806,-97.5344,-86.8806
0,3.14159,3.14159,3.14159,3.14159,3.14159,3.14159
90,90,90,90,139.084,90,40.9163
359.339,284.532,359.682,180.374,359.339,75.3838,359.339
90,90,90,90,139.084,90,40.9163
179.339,255.468,0.318307,179.626,179.339,104.616,179.339
7
8.66897e-09,3.44416e-08,1.80011e-08,1.53346e-08,1.32345e-08,3.44416e-08,1.32345e-08
-76.3066,-98.1289,-93.4532,-91.9607,-86.8814,-97.5589,-86.8814
0,3.14159,3.14159,3.14159,3.14159,3.14159,3.14159
90,90,90,90,139.078,90,40.9219
358.678,284.574,359.363,180.747,358.678,75.4258,358.678
90,90,90,90,139.078,90,40.9219
178.678,255.426,0.636594,179.253,178.678,104.574,178.678
7
8.66724e-09,3.45384e-08,1.80003e-08,1.53337e-08,1.32333e-08,3.43448e-08,1.32333e-08
-76.3048,-98.1533,-93.4528,-91.9601,-86.8806,-97.5344,-86.8806
0,3.14159,3.14159,3.14159,3.14159,3.14159,3.14159
90,90,90,90,139.084,90,40.9163
0.661076,284.532,0.318307,179.626,0.661076,75.3838,0.661076
90,90,90,90,139.084,90,40.9163
180.661,255.468,359.682,180.374,180.661,104.616,180.661
7
8.66667e-09,3.44416e-08,1.8e-08,1.53333e-08,1.3233e-08,3.44416e-08,1.3233e-08
-76.3043,-98.1289,-93.4527,-91.96,-86.8804,-97.5589,-86.8804
0,3.14159,3.14159,3.14159,3.14159,3.14159,3.14159
90,90,90,90,139.086,90,40.9144
0,284.574,0,180,0,75.4258,0
90,90,90,90,139.086,90,40.9144
180,255.426,0,180,180,104.574,180
7
8.66724e-09,3.43448e-08,1.80003e-08,1.53337e-08,1.32333e-08,3.45384e-08,1.32333e-08
-76.3048,-98.1044,-93.4528,-91.9601,-86.8806,-97.5833,-86.8806
0,3.14159,3.14159,3.14159,3.14159,3.14159,3.14159
90,90,90,90,139.084,90,40.9163
359.339,284.616,359.682,180.374,359.339,75.4675,359.339
90,90,90,90,139.084,90,40.9163
179.339,255.384,0.318307,179.626,179.339,104.532,179.339
7
8.66897e-09,3.44416e-08,1.80011e-08,1.53346e-08,1.32345e-08,3.44416e-08,1.32345e-08
-76.3066,-98.1289,-93.4532,-91.9607,-86.8814,-97.5589,-86.8814
0,3.14159,3.14159,3.14159,3.14159,3.14159,3.14159
90,90,90,90,139.078,90,40.9219
1.32198,284.574,0.636594,179.253,1.32198,75.4258,1.32198
90,90,90,90,139.078,90,40.9219
181.322,255.426,359.363,180.747,181.322,104.574,181.322
7
8.66724e-09,3.43448e-08,1.80003e-08,1.53337e-08,1.32333e-08,3.45384e-08,1.32333e-08
-76.3048,-98.1044,-93.4528,-91.9601,-86.8806,-97.5833,-86.8806
0,3.14159,3.14159,3.14159,3.14159,3.14159,3.14159
90,90,90,90,139.084,90,40.9163
0.661076,284.616,0.318307,179.626,0.661076,75.4675,0.661076
90,90,90,90,139.084,90,40.9163
180.661,255.384,359.682,180.374,180.661,104.532,180.661
7
8.66667e-09,3.4248e-08,1.8e-08,1.53333e-08,1.3233e-08,3.46352e-08,1.3233e-08
-76.3043,-98.0799,-93.4527,-91.96,-86.8804,-97.6076,-86.8804
0,3.14159,3.14159,3.14159,3.14159,3.14159,3.14159
90,90,90,90,139.086,90,40.9144
0,284.658,0,180,0,75.509,0
90,90,90,90,139.086,90,40.9144
180,255.342,0,180,180,104.491,180
7
8.33333e-09,3.45533e-08,1.83333e-08,1.5e-08,1.30171e-08,3.41652e-08,1.30171e-08
-75.9636,-98.157,-93.6121,-91.769,-86.7375,-97.4889,-86.7375
0,3.14159,3.14159,3.14159,3.14159,3.14159,3.14159
90,90,90,90,140.194,90,39.8056
0,283.956,0,180,0,75.8824,0
90,90,90,90,140.194,90,39.8056
180,256.044,0,180,180,104.118,180
7
8.33393e-09,3.44562e-08,1.83336e-08,1.50003e-08,1.30175e-08,3.42622e-08,1.30175e-08
-75.9642,-98.1326,-93.6122,-91.7692,-86.7378,-97.5135,-86.7378
0,3.14159,3.14159,3.14159,3.14159,3.14159,3.14159
90,90,90,90,140.192,90,39.8076
359.312,283.996,359.687,180.382,359.312,75.9232,359.312
90,90,90,90,140.192,90,39.8076
179.312,256.004,0.312519,179.618,179.312,104.077,179.312
7
8.33573e-09,3.43592e-08,1.83344e-08,1.50013e-08,1.30186e-08,3.43592e-08,1.30186e-08
-75.9661,-98.1081,-93.6126,-91.7698,-86.7385,-97.5381,-86.7385
0,3.14159,3.14159,3.14159,3.14159,3.14159,3.14159
90,90,90,90,140.186,90,39.8137
358.625,284.036,359.375,180.764,358.625,75.9638,358.625
90,90,90,90,140.186,90,39.8137
178.625,255.964,0.62502,179.236,178.625,104.036,178.625
7
8.33393e-09,3.44562e-08,1.83336e-08,1.50003e-08,1.30175e-08,3.42622e-08,1.30175e-08
-75.9642,-98.1326,-93.6122,-91.7692,-86.7378,-97.5135,-86.7378
0,3.14159,3.14159,3.14159,3.14159,3.14159,3.14159
90,90,90,90,140.192,90,39.8076
0.687516,283.996,0.312519,179.618,0.687516,75.9232,0.687516
90,90,90,90,140.192,90,39.8076
180.688,256.004,359.687,180.382,180.688,104.077,180.688
7
8.33333e-09,3.43592e-08,1.83333e-08,1.5e-08,1.30171e-08,3.43592e-08,1.30171e-08
-75.9636,-98.1081,-93.6121,-91.769,-86.7375,-97.5381,-86.7375
0,3.14159,3.14159,3.14159,3.14159,3.14159,3.14159
90,90,90,90,140.194,90,39.8056
0,284.036,0,180,0,75.9638,0
90,90,90,90,140.194,90,39.8056
180,255.964,0,180,180,104.036,180
7
8.33393e-09,3.42622e-08,1.83336e-08,1.50003e-08,1.30175e-08,3.44562e-08,1.30175e-08
-75.9642,-98.0835,-93.6122,-91.7692,-86.7378,-97.5626,-86.7378
0,3.14159,3.14159,3.14159,3.14159,3.14159,3.14159
90,90,90,90,140.192,90,39.8076
359.312,284.077,359.687,180.382,359.312,76.0041,359.312
90,90,90,90,140.192,90,39.8076
179.312,255.923,0.312519,179.618,179.312,103.996,179.312
7
8.33573e-09,3.43592e-08,1.83344e-08,1.50013e-08,1.30186e-08,3.43592e-08,1.30186e-08
-75.9661,-98.1081,-93.6126,-91.7698,-86.7385,-97.5381,-86.7385
0,3.14159,3.14159,3.14159,3.14159,3.14159,3.14159
90,90,90,90,140.186,90,39.8137
1.37483,284.036,0.62502,179.236,1.37483,75.9638,1.37483
90,90,90,90,140.186,90,39.8137
181.375,255.964,359.375,180.764,181.375,104.036,181.375
7
8.33393e-09,3.42622e-08,1.83336e-08,1.50003e-08,1.30175e-08,3.44562e-08,1.30175e-08
-75.9642,-98.0835,-93.6122,-91.7692,-86.7378,-97.5626,-86.7378
0,3.14159,3.14159,3.14159,3.14159,3.14159,3.14159
90,90,90,90,140.192,90,39.8076
0.687516,284.077,0.312519,179.618,0.687516,76.0041,0.687516
90,90,90,90,140.192,90,39.8076
180.688,255.923,359.687,180.382,180.688,103.996,180.688
7
8.33333e-09,3.41652e-08,1.83333e-08,1.5e-08,1.30171e-08,3.45533e-08,1.30171e-08
-75.9636,-98.0589,-93.6121,-91.769,-86.7375,-97.587,-86.7375
0,3.14159,3.14159,3.14159,3.14159,3.14159,3.14159
90,90,90,90,140.194,90,39.8056
0,284.118,0,180,0,76.0442,0
90,90,90,90,140.194,90,39.8056
180,255.882,0,180,180,103.956,180
7
8e-09,3.44744e-08,1.86667e-08,1.46667e-08,1.28062e-08,3.40854e-08,1.28062e-08
-75.609,-98.1372,-93.7686,-91.5739,-86.5957,-97.4686,-86.5957
0,3.14159,3.14159,3.14159,3.14159,3.14159,3.14159
90,90,90,90,141.34,90,38.6598
0,283.418,0,180,0,76.4258,0
90,90,90,90,141.34,90,38.6598
180,256.582,0,180,180,103.574,180
7
8.00062e-09,3.43771e-08,1.86669e-08,1.4667e-08,1.28066e-08,3.41827e-08,1.28066e-08
-75.6097,-98.1126,-93.7687,-91.5741,-86.5959,-97.4933,-86.5959
0,3.14159,3.14159,3.14159,3.14159,3.14159,3.14159
90,90,90,90,141.338,90,38.662
359.284,283.457,359.693,180.391,359.284,76.4651,359.284
90,90,90,90,141.338,90,38.662
179.284,256.543,0.306939,179.609,179.284,103.535,179.284
7
8.0025e-09,3.42799e-08,1.86677e-08,1.4668e-08,1.28078e-08,3.42799e-08,1.28078e-08
-75.6117,-98.088,-93.7691,-91.5747,-86.5967,-97.518,-86.5967
0,3.14159,3.14159,3.14159,3.14159,3.14159,3.14159
90,90,90,90,141.331,90,38.6685
358.568,283.496,359.386,180.781,358.568,76.5043,358.568
90,90,90,90,141.331,90,38.6685
178.568,256.504,0.61386,179.219,178.568,103.496,178.568
7
8.00062e-09,3.43771e-08,1.86669e-08,1.4667e-08,1.28066e-08,3.41827e-08,1.28066e-08
-75.6097,-98.1126,-93.7687,-91.5741,-86.5959,-97.4933,-86.5959
0,3.14159,3.14159,3.14159,3.14159,3.14159,3.14159
90,90,90,90,141.338,90,38.662
0.71616,283.457,0.306939,179.609,0.71616,76.4651,0.71616
90,90,90,90,141.338,90,38.662
180.716,256.543,359.693,180.391,180.716,103.535,180.716
7
8e-09,3.42799e-08,1.86667e-08,1.46667e-08,1.28062e-08,3.42799e-08,1.28062e-08
-75.609,-98.088,-93.7686,-91.5739,-86.5957,-97.518,-86.5957
0,3.14159,3.14159,3.14159,3.14159,3.14159,3.14159
90,90,90,90,141.34,90,38.6598
0,283.496,0,180,0,76.5043,0
90,90,90,90,141.34,90,38.6598
180,256.504,0,180,180,103.496,180
7
8.00062e-09,3.41827e-08,1.86669e-08,1.4667e-08,1.28066e-08,3.43771e-08,1.28066e-08
-75.6097,-98.0633,-93.7687,-91.5741,-86.5959,-97.5426,-86.5959
0,3.14159,3.14159,3.14159,3.14159,3.14159,3.14159
90,90,90,90,141.338,90,38.662
359.284,283.535,359.693,180.391,359.284,76.5432,359.284
90,90,90,90,141.338,90,38.662
179.284,256.465,0.306939,179.609,179.284,103.457,179.284
7
8.0025e-09,3.42799e-08,1.86677e-08,1.4668e-08,1.28078e-08,3.42799e-08,1.28078e-08
-75.6117,-98.088,-93.7691,-91.5747,-86.5967,-97.518,-86.5967
0,3.14159,3.14159,3.14159,3.14159,3.14159,3.14159
90,90,90,90,141.331,90,38.6685
1.4321,283.496,0.61386,179.219,1.4321,76.5043,1.4321
90,90,90,90,141.331,90,38.6685
181.432,256.504,359.386,180.781,181.432,103.496,181.432
7
8.00062e-09,3.41827e-08,1.86669e-08,1.4667e-08,1.28066e-08,3.43771e-08,1.28066e-08
-75.6097,-98.0633,-93.7687,-91.5741,-86.5959,-97.5426,-86.5959
0,3.14159,3.14159,3.14159,3.14159,3.14159,3.14159
90,90,90,90,141.338,90,38.662
0.71616,283.535,0.306939,179.609,0.71616,76.5432,0.71616
90,90,90,90,141.338,90,38.662
180.716,256.465,359.693,180.391,180.716,103.457,180.716
7
8e-09,3.40854e-08,1.86667e-08,1.46667e-08,1.28062e-08,3.44744e-08,1.28062e-08
-75.609,-98.0386,-93.7686,-91.5739,-86.5957,-97.5672,-86.5957
0,3.14159,3.14159,3.14159,3.14159,3.14159,3.14159
90,90,90,90,141.34,90,38.6598
0,283.574,0,180,0,76.5818,0
90,90,90,90,141.34,90,38.6598
180,256.426,0,180,180,103.418,180
7
7.66667e-09,3.43986e-08,1.9e-08,1.43333e-08,1.26007e-08,3.40088e-08,1.26007e-08
-75.2394,-98.118,-93.9223,-91.3742,-86.4551,-97.449,-86.4551
0,3.14159,3.14159,3.14159,3.14159,3.14159,3.14159
90,90,90,90,142.524,90,37.4762
0,282.878,0,180,0,76.9717,0
90,90,90,90,142.524,90,37.4762
180,257.122,0,180,180,103.028,180
7
7.66732e-09,3.43011e-08,1.90003e-08,1.43337e-08,1.26011e-08,3.41062e-08,1.26011e-08
-75.2401,-98.0934,-93.9224,-91.3744,-86.4554,-97.4739,-86.4554
0,3.14159,3.14159,3.14159,3.14159,3.14159,3.14159
90,90,90,90,142.521,90,37.4785
359.253,282.915,359.698,180.4,359.253,77.0096,359.253
90,90,90,90,142.521,90,37.4785
179.253,257.085,0.301554,179.6,179.253,102.99,179.253
7
7.66927e-09,3.42036e-08,1.90011e-08,1.43347e-08,1.26023e-08,3.42036e-08,1.26023e-08
-75.2423,-98.0687,-93.9228,-91.375,-86.4562,-97.4987,-86.4562
0,3.14159,3.14159,3.14159,3.14159,3.14159,3.14159
90,90,90,90,142.514,90,37.4856
358.506,282.953,359.397,180.799,358.506,77.0472,358.506
90,90,90,90,142.514,90,37.4856
178.506,257.047,0.603091,179.201,178.506,102.953,178.506
7
7.66732e-09,3.43011e-08,1.90003e-08,1.43337e-08,1.26011e-08,3.41062e-08,1.26011e-08
-75.2401,-98.0934,-93.9224,-91.3744,-86.4554,-97.4739,-86.4554
0,3.14159,3.14159,3.14159,3.14159,3.14159,3.14159
90,90,90,90,142.521,90,37.4785
0.747294,282.915,0.301554,179.6,0.747294,77.0096,0.747294
90,90,90,90,142.521,90,37.4785
180.747,257.085,359.698,180.4,180.747,102.99,180.747
7
7.66667e-09,3.42036e-08,1.9e-08,1.43333e-08,1.26007e-08,3.42036e-08,1.26007e-08
-75.2394,-98.0687,-93.9223,-91.3742,-86.4551,-97.4987,-86.4551
0,3.14159,3.14159,3.14159,3.14159,3.14159,3.14159
90,90,90,90,142.524,90,37.4762
0,282.953,0,180,0,77.0472,0
90,90,90,90,142.524,90,37.4762
180,257.047,0,180,180,102.953,180
7
7.66732e-09,3.41062e-08,1.90003e-08,1.43337e-08,1.26011e-08,3.43011e-08,1.26011e-08
-75.2401,-98.0439,-93.9224,-91.3744,-86.4554,-97.5234,-86.4554
0,3.14159,3.14159,3.14159,3.14159,3.14159,3.14159
90,90,90,90,142.521,90,37.4785
359.253,282.99,359.698,180.4,359.253,77.0847,359.253
90,90,90,90,142.521,90,37.4785
179.253,257.01,0.301554,179.6,179.253,102.915,179.253
7
7.66927e-09,3.42036e-08,1.90011e-08,1.43347e-08,1.26023e-08,3.42036e-08,1.26023e-08
-75.2423,-98.0687,-93.9228,-91.375,-86.4562,-97.4987,-86.4562
0,3.14159,3.14159,3.14159,3.14159,3.14159,3.14159
90,90,90,90,142.514,90,37.4856
1.49433,282.953,0.603091,179.201,1.49433,77.0472,1.49433
90,90,90,90,142.514,90,37.4856
181.494,257.047,359.397,180.799,181.494,102.953,181.494
7
7.66732e-09,3.41062e-08,1.90003e-08,1.43337e-08,1.26011e-08,3.43011e-08,1.26011e-08
-75.2401,-98.0439,-93.9224,-91.3744,-86.4554,-97.5234,-86.4554
0,3.14159,3.14159,3.14159,3.14159,3.14159,3.14159
90,90,90,90,142.521,90,37.4785
0.747294,282.99,0.301554,179.6,0.747294,77.0847,0.747294
90,90,90,90,142.521,90,37.4785
180.747,257.01,359.698,180.4,180.747,102.915,180.747
7
7.66667e-09,3.40088e-08,1.9e-08,1.43333e-08,1.26007e-08,3.43986e-08,1.26007e-08
-75.2394,-98.019,-93.9223,-91.3742,-86.4551,-97.548,-86.4551
0,3.14159,3.14159,3.14159,3.14159,3.14159,3.14159
90,90,90,90,142.524,90,37.4762
0,283.028,0,180,0,77.1219,0
90,90,90,90,142.524,90,37.4762
180,256.972,0,180,180,102.878,180
7
7.33333e-09,3.43258e-08,1.93333e-08,1.4e-08,1.24007e-08,3.39352e-08,1.24007e-08
-74.8533,-98.0996,-94.0734,-91.1698,-86.3162,-97.4302,-86.3162
0,3.14159,3.14159,3.14159,3.14159,3.14159,3.14159
90,90,90,90,143.746,90,36.2538
0,282.336,0,180,0,77.52,0
90,90,90,90,143.746,90,36.2538
180,257.664,0,180,180,102.48,180
7
7.33402e-09,3.42281e-08,1.93336e-08,1.40004e-08,1.24011e-08,3.40328e-08,1.24011e-08
-74.8541,-98.0749,-94.0735,-91.17,-86.3164,-97.4552,-86.3164
0,3.14159,3.14159,3.14159,3.14159,3.14159,3.14159
90,90,90,90,143.744,90,36.2564
359.219,282.371,359.704,180.409,359.219,77.5564,359.219
90,90,90,90,143.744,90,36.2564
179.219,257.629,0.296355,179.591,179.219,102.444,179.219
7
7.33606e-09,3.41305e-08,1.93344e-08,1.40014e-08,1.24023e-08,3.41305e-08,1.24023e-08
-74.8565,-98.0501,-94.0738,-91.1707,-86.3173,-97.4801,-86.3173
0,3.14159,3.14159,3.14159,3.14159,3.14159,3.14159
90,90,90,90,143.736,90,36.264
358.438,282.407,359.407,180.818,358.438,77.5926,358.438
90,90,90,90,143.736,90,36.264
178.438,257.593,0.592694,179.182,178.438,102.407,178.438
7
7.33402e-09,3.42281e-08,1.93336e-08,1.40004e-08,1.24011e-08,3.40328e-08,1.24011e-08
-74.8541,-98.0749,-94.0735,-91.17,-86.3164,-97.4552,-86.3164
0,3.14159,3.14159,3.14159,3.14159,3.14159,3.14159
90,90,90,90,143.744,90,36.2564
0.781258,282.371,0.296355,179.591,0.781258,77.5564,0.781258
90,90,90,90,143.744,90,36.2564
180.781,257.629,359.704,180.409,180.781,102.444,180.781
7
7.33333e-09,3.41305e-08,1.93333e-08,1.4e-08,1.24007e-08,3.41305e-08,1.24007e-08
-74.8533,-98.0501,-94.0734,-91.1698,-86.3162,-97.4801,-86.3162
0,3.14159,3.14159,3.14159,3.14159,3.14159,3.14159
90,90,90,90,143.746,90,36.2538
0,282.407,0,180,0,77.5926,0
90,90,90,90,143.746,90,36.2538
180,257.593,0,180,180,102.407,180
7
7.33402e-09,3.40328e-08,1.93336e-08,1.40004e-08,1.24011e-08,3.42281e-08,1.24011e-08
-74.8541,-98.0252,-94.0735,-91.17,-86.3164,-97.5049,-86.3164
0,3.14159,3.14159,3.14159,3.14159,3.14159,3.14159
90,90,90,90,143.744,90,36.2564
359.219,282.444,359.704,180.409,359.219,77.6285,359.219
90,90,90,90,143.744,90,36.2564
179.219,257.556,0.296355,179.591,179.219,102.371,179.219
7
7.33606e-09,3.41305e-08,1.93344e-08,1.40014e-08,1.24023e-08,3.41305e-08,1.24023e-08
-74.8565,-98.0501,-94.0738,-91.1707,-86.3173,-97.4801,-86.3173
0,3.14159,3.14159,3.14159,3.14159,3.14159,3.14159
90,90,90,90,143.736,90,36.264
1.56222,282.407,0.592694,179.182,1.56222,77.5926,1.56222
90,90,90,90,143.736,90,36.264
181.562,257.593,359.407,180.818,181.562,102.407,181.562
7
7.33402e-09,3.40328e-08,1.93336e-08,1.40004e-08,1.24011e-08,3.42281e-08,1.24011e-08
-74.8541,-98.0252,-94.0735,-91.17,-86.3164,-97.5049,-86.3164
0,3.14159,3.14159,3.14159,3.14159,3.14159,3.14159
90,90,90,90,143.744,90,36.2564
0.781258,282.444,0.296355,179.591,0.781258,77.6285,0.781258
90,90,90,90,143.744,90,36.2564
180.781,257.556,359.704,180.409,180.781,102.371,180.781
7
7.33333e-09,3.39352e-08,1.93333e-08,1.4e-08,1.24007e-08,3.43258e-08,1.24007e-08
-74.8533,-98.0002,-94.0734,-91.1698,-86.3162,-97.5296,-86.3162
0,3.14159,3.14159,3.14159,3.14159,3.14159,3.14159
90,90,90,90,143.746,90,36.2538
0,282.48,0,180,0,77.6643,0
90,90,90,90,143.746,90,36.2538
180,257.52,0,180,180,102.336,180
7
7e-09,3.42562e-08,1.96667e-08,1.36667e-08,1.22066e-08,3.38647e-08,1.22066e-08
-74.4492,-98.082,-94.2218,-90.9605,-86.1791,-97.4122,-86.1791
0,3.14159,3.14159,3.14159,3.14159,3.14159,3.14159
90,90,90,90,145.008,90,34.992
0,281.791,0,180,0,78.0707,0
90,90,90,90,145.008,90,34.992
180,258.209,0,180,180,101.929,180
7
7.00071e-09,3.41583e-08,1.96669e-08,1.3667e-08,1.2207e-08,3.39625e-08,1.2207e-08
-74.4501,-98.0571,-94.2219,-90.9607,-86.1794,-97.4372,-86.1794
0,3.14159,3.14159,3.14159,3.14159,3.14159,3.14159
90,90,90,90,145.005,90,34.9948
359.182,281.825,359.709,180.419,359.182,78.1055,359.182
90,90,90,90,145.005,90,34.9948
179.182,258.175,0.291332,179.581,179.182,101.894,179.182
7
7.00286e-09,3.40604e-08,1.96677e-08,1.36681e-08,1.22082e-08,3.40604e-08,1.22082e-08
-74.4527,-98.0322,-94.2223,-90.9614,-86.1803,-97.4622,-86.1803
0,3.14159,3.14159,3.14159,3.14159,3.14159,3.14159
90,90,90,90,144.997,90,35.003
358.363,281.86,359.417,180.838,358.363,78.1402,358.363
90,90,90,90,144.997,90,35.003
178.363,258.14,0.582649,179.162,178.363,101.86,178.363
7
7.00071e-09,3.41583e-08,1.96669e-08,1.3667e-08,1.2207e-08,3.39625e-08,1.2207e-08
-74.4501,-98.0571,-94.2219,-90.9607,-86.1794,-97.4372,-86.1794
0,3.14159,3.14159,3.14159,3.14159,3.14159,3.14159
90,90,90,90,145.005,90,34.9948
0.818455,281.825,0.291332,179.581,0.818455,78.1055,0.818455
90,90,90,90,145.005,90,34.9948
180.818,258.175,359.709,180.419,180.818,101.894,180.818
7
7e-09,3.40604e-08,1.96667e-08,1.36667e-08,1.22066e-08,3.40604e-08,1.22066e-08
-74.4492,-98.0322,-94.2218,-90.9605,-86.1791,-97.4622,-86.1791
0,3.14159,3.14159,3.14159,3.14159,3.14159,3.14159
90,90,90,90,145.008,90,34.992
0,281.86,0,180,0,78.1402,0
90,90,90,90,145.008,90,34.992
180,258.14,0,180,180,101.86,180
7
7.00071e-09,3.39625e-08,1.96669e-08,1.3667e-08,1.2207e-08,3.41583e-08,1.2207e-08
-74.4501,-98.0072,-94.2219,-90.9607,-86.1794,-97.4871,-86.1794
0,3.14159,3.14159,3.14159,3.14159,3.14159,3.14159
90,90,90,90,145.005,90,34.9948
359.182,281.894,359.709,180.419,359.182,78.1747,359.182
90,90,90,90,145.005,90,34.9948
179.182,258.106,0.291332,179.581,179.182,101.825,179.182
7
7.00286e-09,3.40604e-08,1.96677e-08,1.36681e-08,1.22082e-08,3.40604e-08,1.22082e-08
-74.4527,-98.0322,-94.2223,-90.9614,-86.1803,-97.4622,-86.1803
0,3.14159,3.14159,3.14159,3.14159,3.14159,3.14159
90,90,90,90,144.997,90,35.003
1.63658,281.86,0.582649,179.162,1.63658,78.1402,1.63658
90,90,90,90,144.997,90,35.003
181.637,258.14,359.417,180.838,181.637,101.86,181.637
7
7.00071e-09,3.39625e-08,1.96669e-08,1.3667e-08,1.2207e-08,3.41583e-08,1.2207e-08
-74.4501,-98.0072,-94.2219,-90.9607,-86.1794,-97.4871,-86.1794
0,3.14159,3.14159,3.14159,3.14159,3.14159,3.14159
90,90,90,90,145.005,90,34.9948
0.818455,281.894,0.291332,179.581,0.818455,78.1747,0.818455
90,90,90,90,145.005,90,34.9948
180.818,258.106,359.709,180.419,180.818,101.825,180.818
7
7e-09,3.38647e-08,1.96667e-08,1.36667e-08,1.22066e-08,3.42562e-08,1.22066e-08
-74.4492,-97.9822,-94.2218,-90.9605,-86.1791,-97.512,-86.1791
0,3.14159,3.14159,3.14159,3.14159,3.14159,3.14159
90,90,90,90,145.008,90,34.992
0,281.929,0,180,0,78.209,0
90,90,90,90,145.008,90,34.992
180,258.071,0,180,180,101.791,180
7
6.66667e-09,3.41896e-08,2e-08,1.33333e-08,1.20185e-08,3.37974e-08,1.20185e-08
-74.0254,-98.0651,-94.3678,-90.746,-86.0442,-97.3949,-86.0442
0,3.14159,3.14159,3.14159,3.14159,3.14159,3.14159
90,90,90,90,146.31,90,33.6901
0,281.244,0,180,0,78.6236,0
90,90,90,90,146.31,90,33.6901
180,258.756,0,180,180,101.376,180
7
6.66742e-09,3.40915e-08,2.00002e-08,1.33337e-08,1.20189e-08,3.38954e-08,1.20189e-08
-74.0264,-98.0402,-94.3679,-90.7462,-86.0445,-97.42,-86.0445
0,3.14159,3.14159,3.14159,3.14159,3.14159,3.14159
90,90,90,90,146.307,90,33.693
359.141,281.277,359.714,180.43,359.141,78.6569,359.141
90,90,90,90,146.307,90,33.693
179.141,258.723,0.286477,179.57,179.141,101.343,179.141
7
6.66967e-09,3.39935e-08,2.0001e-08,1.33348e-08,1.20202e-08,3.39935e-08,1.20202e-08
-74.0293,-98.0151,-94.3683,-90.747,-86.0454,-97.4451,-86.0454
0,3.14159,3.14159,3.14159,3.14159,3.14159,3.14159
90,90,90,90,146.298,90,33.702
358.282,281.31,359.427,180.859,358.282,78.6901,358.282
90,90,90,90,146.298,90,33.702
178.282,258.69,0.572939,179.141,178.282,101.31,178.282
7
6.66742e-09,3.40915e-08,2.00002e-08,1.33337e-08,1.20189e-08,3.38954e-08,1.20189e-08
-74.0264,-98.0402,-94.3679,-90.7462,-86.0445,-97.42,-86.0445
0,3.14159,3.14159,3.14159,3.14159,3.14159,3.14159
90,90,90,90,146.307,90,33.693
0.859372,281.277,0.286477,179.57,0.859372,78.6569,0.859372
90,90,90,90,146.307,90,33.693
180.859,258.723,359.714,180.43,180.859,101.343,180.859
7
6.66667e-09,3.39935e-08,2e-08,1.33333e-08,1.20185e-08,3.39935e-08,1.20185e-08
-74.0254,-98.0151,-94.3678,-90.746,-86.0442,-97.4451,-86.0442
0,3.14159,3.14159,3.14159,3.14159,3.14159,3.14159
90,90,90,90,146.31,90,33.6901
0,281.31,0,180,0,78.6901,0
90,90,90,90,146.31,90,33.6901
180,258.69,0,180,180,101.31,180
7
6.66742e-09,3.38954e-08,2.00002e-08,1.33337e-08,1.20189e-08,3.40915e-08,1.20189e-08
-74.0264,-97.99,-94.3679,-90.7462,-86.0445,-97.4702,-86.0445
0,3.14159,3.14159,3.14159,3.14159,3.14159,3.14159
90,90,90,90,146.307,90,33.693
359.141,281.343,359.714,180.43,359.141,78.723,359.141
90,90,90,90,146.307,90,33.693
179.141,258.657,0.286477,179.57,179.141,101.277,179.141
7
6.66967e-09,3.39935e-08,2.0001e-08,1.33348e-08,1.20202e-08,3.39935e-08,1.20202e-08
-74.0293,-98.0151,-94.3683,-90.747,-86.0454,-97.4451,-86.0454
0,3.14159,3.14159,3.14159,3.14159,3.14159,3.14159
90,90,90,90,146.298,90,33.702
1.71836,281.31,0.572939,179.141,1.71836,78.6901,1.71836
90,90,90,90,146.298,90,33.702
181.718,258.69,359.427,180.859,181.718,101.31,181.718
7
6.66742e-09,3.38954e-08,2.00002e-08,1.33337e-08,1.20189e-08,3.40915e-08,1.20189e-08
-74.0264,-97.99,-94.3679,-90.7462,-86.0445,-97.4702,-86.0445
0,3.14159,3.14159,3.14159,3.14159,3.14159,3.14159
90,90,90,90,146.307,90,33.693
0.859372,281.343,0.286477,179.57,0.859372,78.723,0.859372
90,90,90,90,146.307,90,33.693
180.859,258.657,359.714,180.43,180.859,101.277,180.859
7
6.66667e-09,3.37974e-08,2e-08,1.33333e-08,1.20185e-08,3.41896e-08,1.20185e-08
-74.0254,-97.9649,-94.3678,-90.746,-86.0442,-97.4951,-86.0442
0,3.14159,3.14159,3.14159,3.14159,3.14159,3.14159
90,90,90,90,146.31,90,33.6901
0,281.376,0,180,0,78.7558,0
90,90,90,90,146.31,90,33.6901
180,258.624,0,180,180,101.244,180
7
6.33333e-09,3.41262e-08,2.03333e-08,1.3e-08,1.18369e-08,3.37332e-08,1.18369e-08
-73.5799,-98.049,-94.5114,-90.5261,-85.9119,-97.3784,-85.9119
0,3.14159,3.14159,3.14159,3.14159,3.14159,3.14159
90,90,90,90,147.653,90,32.3474
0,280.695,0,180,0,79.1786,0
90,90,90,90,147.653,90,32.3474
180,259.305,0,180,180,100.821,180
7
6.33412e-09,3.40279e-08,2.03336e-08,1.30004e-08,1.18373e-08,3.38314e-08,1.18373e-08
-73.581,-98.0239,-94.5115,-90.5263,-85.9123,-97.4036,-85.9123
0,3.14159,3.14159,3.14159,3.14159,3.14159,3.14159
90,90,90,90,147.649,90,32.3507
359.095,280.727,359.718,180.441,359.095,79.2104,359.095
90,90,90,90,147.649,90,32.3507
179.095,259.273,0.28178,179.559,179.095,100.79,179.095
7
6.33649e-09,3.39297e-08,2.03343e-08,1.30015e-08,1.18385e-08,3.39297e-08,1.18385e-08
-73.5842,-97.9988,-94.5118,-90.5271,-85.9132,-97.4288,-85.9132
0,3.14159,3.14159,3.14159,3.14159,3.14159,3.14159
90,90,90,90,147.64,90,32.3604
358.191,280.758,359.436,180.881,358.191,79.242,358.191
90,90,90,90,147.64,90,32.3604
178.191,259.242,0.563547,179.119,178.191,100.758,178.191
7
6.33412e-09,3.40279e-08,2.03336e-08,1.30004e-08,1.18373e-08,3.38314e-08,1.18373e-08
-73.581,-98.0239,-94.5115,-90.5263,-85.9123,-97.4036,-85.9123
0,3.14159,3.14159,3.14159,3.14159,3.14159,3.14159
90,90,90,90,147.649,90,32.3507
0.904595,280.727,0.28178,179.559,0.904595,79.2104,0.904595
90,90,90,90,147.649,90,32.3507
180.905,259.273,359.718,180.441,180.905,100.79,180.905
7
6.33333e-09,3.39297e-08,2.03333e-08,1.3e-08,1.18369e-08,3.39297e-08,1.18369e-08
-73.5799,-97.9988,-94.5114,-90.5261,-85.9119,-97.4288,-85.9119
0,3.14159,3.14159,3.14159,3.14159,3.14159,3.14159
90,90,90,90,147.653,90,32.3474
0,280.758,0,180,0,79.242,0
90,90,90,90,147.653,90,32.3474
180,259.242,0,180,180,100.758,180
7
6.33412e-09,3.38314e-08,2.03336e-08,1.30004e-08,1.18373e-08,3.40279e-08,1.18373e-08
-73.581,-97.9736,-94.5115,-90.5263,-85.9123,-97.4539,-85.9123
0,3.14159,3.14159,3.14159,3.14159,3.14159,3.14159
90,90,90,90,147.649,90,32.3507
359.095,280.79,359.718,180.441,359.095,79.2735,359.095
90,90,90,90,147.649,90,32.3507
179.095,259.21,0.28178,179.559,179.095,100.727,179.095
7
6.33649e-09,3.39297e-08,2.03343e-08,1.30015e-08,1.18385e-08,3.39297e-08,1.18385e-08
-73.5842,-97.9988,-94.5118,-90.5271,-85.9132,-97.4288,-85.9132
0,3.14159,3.14159,3.14159,3.14159,3.14159,3.14159
90,90,90,90,147.64,90,32.3604
1.80874,280.758,0.563547,179.119,1.80874,79.242,1.80874
90,90,90,90,147.64,90,32.3604
181.809,259.242,359.436,180.881,181.809,100.758,181.809
7
6.33412e-09,3.38314e-08,2.03336e-08,1.30004e-08,1.18373e-08,3.40279e-08,1.18373e-08
-73.581,-97.9736,-94.5115,-90.5263,-85.9123,-97.4539,-85.9123
0,3.14159,3.14159,3.14159,3.14159,3.14159,3.14159
90,90,90,90,147.649,90,32.3507
0.904595,280.79,0.28178,179.559,0.904595,79.2735,0.904595
90,90,90,90,147.649,90,32.3507
180.905,259.21,359.718,180.441,180.905,100.727,180.905
7
6.33333e-09,3.37332e-08,2.03333e-08,1.3e-08,1.18369e-08,3.41262e-08,1.18369e-08
-73.5799,-97.9484,-94.5114,-90.5261,-85.9119,-97.479,-85.9119
0,3.14159,3.14159,3.14159,3.14159,3.14159,3.14159
90,90,90,90,147.653,90,32.3474
0,280.821,0,180,0,79.3047,0
90,90,90,90,147.653,90,32.3474
180,259.179,0,180,180,100.695,180
7
6e-09,3.40659e-08,2.06667e-08,1.26667e-08,1.16619e-08,3.36722e-08,1.16619e-08
-73.1102,-98.0336,-94.6526,-90.3005,-85.7826,-97.3627,-85.7826
0,3.14159,3.14159,3.14159,3.14159,3.14159,3.14159
90,90,90,90,149.036,90,30.9638
0,280.144,0,180,0,79.7357,0
90,90,90,90,149.036,90,30.9638
180,259.856,0,180,180,100.264,180
7
6.00083e-09,3.39675e-08,2.06669e-08,1.26671e-08,1.16623e-08,3.37706e-08,1.16623e-08
-73.1115,-98.0085,-94.6527,-90.3007,-85.7829,-97.388,-85.7829
0,3.14159,3.14159,3.14159,3.14159,3.14159,3.14159
90,90,90,90,149.033,90,30.9673
359.045,280.174,359.723,180.452,359.045,79.766,359.045
90,90,90,90,149.033,90,30.9673
179.045,259.826,0.277235,179.548,179.045,100.234,179.045
7
6.00333e-09,3.3869e-08,2.06676e-08,1.26682e-08,1.16636e-08,3.3869e-08,1.16636e-08
-73.1151,-97.9833,-94.653,-90.3016,-85.7839,-97.4133,-85.7839
0,3.14159,3.14159,3.14159,3.14159,3.14159,3.14159
90,90,90,90,149.022,90,30.9778
358.091,280.204,359.446,180.905,358.091,79.796,358.091
90,90,90,90,149.022,90,30.9778
178.091,259.796,0.554458,179.095,178.091,100.204,178.091
7
6.00083e-09,3.39675e-08,2.06669e-08,1.26671e-08,1.16623e-08,3.37706e-08,1.16623e-08
-73.1115,-98.0085,-94.6527,-90.3007,-85.7829,-97.388,-85.7829
0,3.14159,3.14159,3.14159,3.14159,3.14159,3.14159
90,90,90,90,149.033,90,30.9673
0.954841,280.174,0.277235,179.548,0.954841,79.766,0.954841
90,90,90,90,149.033,90,30.9673
180.955,259.826,359.723,180.452,180.955,100.234,180.955
7
6e-09,3.3869e-08,2.06667e-08,1.26667e-08,1.16619e-08,3.3869e-08,1.16619e-08
-73.1102,-97.9833,-94.6526,-90.3005,-85.7826,-97.4133,-85.7826
0,3.14159,3.14159,3.14159,3.14159,3.14159,3.14159
90,90,90,90,149.036,90,30.9638
0,280.204,0,180,0,79.796,0
90,90,90,90,149.036,90,30.9638
180,259.796,0,180,180,100.204,180
7
6.00083e-09,3.37706e-08,2.06669e-08,1.26671e-08,1.16623e-08,3.39675e-08,1.16623e-08
-73.1115,-97.958,-94.6527,-90.3007,-85.7829,-97.4385,-85.7829
0,3.14159,3.14159,3.14159,3.14159,3.14159,3.14159
90,90,90,90,149.033,90,30.9673
359.045,280.234,359.723,180.452,359.045,79.8259,359.045
90,90,90,90,149.033,90,30.9673
179.045,259.766,0.277235,179.548,179.045,100.174,179.045
7
6.00333e-09,3.3869e-08,2.06676e-08,1.26682e-08,1.16636e-08,3.3869e-08,1.16636e-08
-73.1151,-97.9833,-94.653,-90.3016,-85.7839,-97.4133,-85.7839
0,3.14159,3.14159,3.14159,3.14159,3.14159,3.14159
90,90,90,90,149.022,90,30.9778
1.90915,280.204,0.554458,179.095,1.90915,79.796,1.90915
90,90,90,90,149.022,90,30.9778
181.909,259.796,359.446,180.905,181.909,100.204,181.909
7
6.00083e-09,3.37706e-08,2.06669e-08,1.26671e-08,1.16623e-08,3.39675e-08,1.16623e-08
-73.1115,-97.958,-94.6527,-90.3007,-85.7829,-97.4385,-85.7829
0,3.14159,3.14159,3.14159,3.14159,3.14159,3.14159
90,90,90,90,149.033,90,30.9673
0.954841,280.234,0.277235,179.548,0.954841,79.8259,0.954841
90,90,90,90,149.033,90,30.9673
180.955,259.766,359.723,180.452,180.955,100.174,180.955
7
6e-09,3.36722e-08,2.06667e-08,1.26667e-08,1.16619e-08,3.40659e-08,1.16619e-08
-73.1102,-97.9327,-94.6526,-90.3005,-85.7826,-97.4636,-85.7826
0,3.14159,3.14159,3.14159,3.14159,3.14159,3.14159
90,90,90,90,149.036,90,30.9638
0,280.264,0,180,0,79.8556,0
90,90,90,90,149.036,90,30.9638
180,259.736,0,180,180,100.144,180
7
5.66667e-09,3.40088e-08,2.1e-08,1.23333e-08,1.1494e-08,3.36144e-08,1.1494e-08
-72.6138,-98.019,-94.7916,-90.0688,-85.6566,-97.3477,-85.6566
0,3.14159,3.14159,3.14159,3.14159,3.14159,3.14159
90,90,90,90,150.461,90,29.5388
0,279.592,0,180,0,80.2948,0
90,90,90,90,150.461,90,29.5388
180,260.408,0,180,180,99.7052,180
7
5.66755e-09,3.39102e-08,2.10002e-08,1.23337e-08,1.14944e-08,3.3713e-08,1.14944e-08
-72.6151,-97.9938,-94.7917,-90.0691,-85.6569,-97.3732,-85.6569
0,3.14159,3.14159,3.14159,3.14159,3.14159,3.14159
90,90,90,90,150.457,90,29.5426
358.989,279.62,359.727,180.465,358.989,80.3235,358.989
90,90,90,90,150.457,90,29.5426
178.989,260.38,0.272835,179.535,178.989,99.6765,178.989
7
5.67019e-09,3.38116e-08,2.1001e-08,1.2335e-08,1.14957e-08,3.38116e-08,1.14957e-08
-72.6192,-97.9685,-94.792,-90.07,-85.6579,-97.3985,-85.6579
0,3.14159,3.14159,3.14159,3.14159,3.14159,3.14159
90,90,90,90,150.446,90,29.5541
357.979,279.648,359.454,180.929,357.979,80.352,357.979
90,90,90,90,150.446,90,29.5541
177.979,260.352,0.545658,179.071,177.979,99.648,177.979
7
5.66755e-09,3.39102e-08,2.10002e-08,1.23337e-08,1.14944e-08,3.3713e-08,1.14944e-08
-72.6151,-97.9938,-94.7917,-90.0691,-85.6569,-97.3732,-85.6569
0,3.14159,3.14159,3.14159,3.14159,3.14159,3.14159
90,90,90,90,150.457,90,29.5426
1.011,279.62,0.272835,179.535,1.011,80.3235,1.011
90,90,90,90,150.457,90,29.5426
181.011,260.38,359.727,180.465,181.011,99.6765,181.011
7
5.66667e-09,3.38116e-08,2.1e-08,1.23333e-08,1.1494e-08,3.38116e-08,1.1494e-08
-72.6138,-97.9685,-94.7916,-90.0688,-85.6566,-97.3985,-85.6566
0,3.14159,3.14159,3.14159,3.14159,3.14159,3.14159
90,90,90,90,150.461,90,29.5388
0,279.648,0,180,0,80.352,0
90,90,90,90,150.461,90,29.5388
180,260.352,0,180,180,99.648,180
7
5.66755e-09,3.3713e-08,2.10002e-08,1.23337e-08,1.14944e-08,3.39102e-08,1.14944e-08
-72.6151,-97.9432,-94.7917,-90.0691,-85.6569,-97.4238,-85.6569
0,3.14159,3.14159,3.14159,3.14159,3.14159,3.14159
90,90,90,90,150.457,90,29.5426
358.989,279.677,359.727,180.465,358.989,80.3803,358.989
90,90,90,90,150.457,90,29.5426
178.989,260.323,0.272835,179.535,178.989,99.6197,178.989
7
5.67019e-09,3.38116e-08,2.1001e-08,1.2335e-08,1.14957e-08,3.38116e-08,1.14957e-08
-72.6192,-97.9685,-94.792,-90.07,-85.6579,-97.3985,-85.6579
0,3.14159,3.14159,3.14159,3.14159,3.14159,3.14159
90,90,90,90,150.446,90,29.5541
2.02136,279.648,0.545658,179.071,2.02136,80.352,2.02136
90,90,90,90,150.446,90,29.5541
182.021,260.352,359.454,180.929,182.021,99.648,182.021
7
5.66755e-09,3.3713e-08,2.10002e-08,1.23337e-08,1.14944e-08,3.39102e-08,1.14944e-08
-72.6151,-97.9432,-94.7917,-90.0691,-85.6569,-97.4238,-85.6569
0,3.14159,3.14159,3.14159,3.14159,3.14159,3.14159
90,90,90,90,150.457,90,29.5426
1.011,279.677,0.272835,179.535,1.011,80.3803,1.011
90,90,90,90,150.457,90,29.5426
181.011,260.323,359.727,180.465,181.011,99.6197,181.011
7
5.66667e-09,3.36144e-08,2.1e-08,1.23333e-08,1.1494e-08,3.40088e-08,1.1494e-08
-72.6138,-97.9177,-94.7916,-90.0688,-85.6566,-97.449,-85.6566
0,3.14159,3.14159,3.14159,3.14159,3.14159,3.14159
90,90,90,90,150.461,90,29.5388
0,279.705,0,180,0,80.4084,0
90,90,90,90,150.461,90,29.5388
180,260.295,0,180,180,99.5916,180
7
5.33333e-09,3.39548e-08,2.13333e-08,1.2e-08,1.13333e-08,3.35598e-08,1.13333e-08
-72.0872,-98.0052,-94.9284,-89.8308,-85.5344,-97.3336,-85.5344
0,3.14159,3.14159,3.14159,3.14159,3.14159,3.14159
90,90,90,90,151.928,90,28.0725
0,279.037,0,180,0,80.8558,0
90,90,90,90,151.928,90,28.0725
180,260.963,0,180,180,99.1442,180
7
5.33427e-09,3.38561e-08,2.13336e-08,1.20004e-08,1.13338e-08,3.36586e-08,1.13338e-08
-72.0887,-97.9799,-94.9285,-89.8311,-85.5347,-97.3591,-85.5347
0,3.14159,3.14159,3.14159,3.14159,3.14159,3.14159
90,90,90,90,151.923,90,28.0767
358.926,279.064,359.731,180.477,358.926,80.8828,358.926
90,90,90,90,151.923,90,28.0767
178.926,260.936,0.268572,179.523,178.926,99.1172,178.926
7
5.33708e-09,3.37573e-08,2.13343e-08,1.20017e-08,1.13351e-08,3.37573e-08,1.13351e-08
-72.0933,-97.9546,-94.9288,-89.8321,-85.5357,-97.3846,-85.5357
0,3.14159,3.14159,3.14159,3.14159,3.14159,3.14159
90,90,90,90,151.911,90,28.0892
357.852,279.09,359.463,180.955,357.852,80.9097,357.852
90,90,90,90,151.911,90,28.0892
177.852,260.91,0.537132,179.045,177.852,99.0903,177.852
7
5.33427e-09,3.38561e-08,2.13336e-08,1.20004e-08,1.13338e-08,3.36586e-08,1.13338e-08
-72.0887,-97.9799,-94.9285,-89.8311,-85.5347,-97.3591,-85.5347
0,3.14159,3.14159,3.14159,3.14159,3.14159,3.14159
90,90,90,90,151.923,90,28.0767
1.07417,279.064,0.268572,179.523,1.07417,80.8828,1.07417
90,90,90,90,151.923,90,28.0767
181.074,260.936,359.731,180.477,181.074,99.1172,181.074
7
5.33333e-09,3.37573e-08,2.13333e-08,1.2e-08,1.13333e-08,3.37573e-08,1.13333e-08
-72.0872,-97.9546,-94.9284,-89.8308,-85.5344,-97.3846,-85.5344
0,3.14159,3.14159,3.14159,3.14159,3.14159,3.14159
90,90,90,90,151.928,90,28.0725
0,279.09,0,180,0,80.9097,0
90,90,90,90,151.928,90,28.0725
180,260.91,0,180,180,99.0903,180
7
5.33427e-09,3.36586e-08,2.13336e-08,1.20004e-08,1.13338e-08,3.38561e-08,1.13338e-08
-72.0887,-97.9291,-94.9285,-89.8311,-85.5347,-97.4099,-85.5347
0,3.14159,3.14159,3.14159,3.14159,3.14159,3.14159
90,90,90,90,151.923,90,28.0767
358.926,279.117,359.731,180.477,358.926,80.9365,358.926
90,90,90,90,151.923,90,28.0767
178.926,260.883,0.268572,179.523,178.926,99.0635,178.926
7
5.33708e-09,3.37573e-08,2.13343e-08,1.20017e-08,1.13351e-08,3.37573e-08,1.13351e-08
-72.0933,-97.9546,-94.9288,-89.8321,-85.5357,-97.3846,-85.5357
0,3.14159,3.14159,3.14159,3.14159,3.14159,3.14159
90,90,90,90,151.911,90,28.0892
2.14759,279.09,0.537132,179.045,2.14759,80.9097,2.14759
90,90,90,90,151.911,90,28.0892
182.148,260.91,359.463,180.955,182.148,99.0903,182.148
7
5.33427e-09,3.36586e-08,2.13336e-08,1.20004e-08,1.13338e-08,3.38561e-08,1.13338e-08
-72.0887,-97.9291,-94.9285,-89.8311,-85.5347,-97.4099,-85.5347
0,3.14159,3.14159,3.14159,3.14159,3.14159,3.14159
90,90,90,90,151.923,90,28.0767
1.07417,279.117,0.268572,179.523,1.07417,80.9365,1.07417
90,90,90,90,151.923,90,28.0767
181.074,260.883,359.731,180.477,181.074,99.0635,181.074
7
5.33333e-09,3.35598e-08,2.13333e-08,1.2e-08,1.13333e-08,3.39548e-08,1.13333e-08
-72.0872,-97.9036,-94.9284,-89.8308,-85.5344,-97.4352,-85.5344
0,3.14159,3.14159,3.14159,3.14159,3.14159,3.14159
90,90,90,90,151.928,90,28.0725
0,279.144,0,180,0,80.963,0
90,90,90,90,151.928,90,28.0725
180,260.856,0,180,180,99.037,180
7
5e-09,3.3904e-08,2.16667e-08,1.16667e-08,1.11803e-08,3.35085e-08,1.11803e-08
-71.5266,-97.9923,-95.0631,-89.5862,-85.4163,-97.3203,-85.4163
0,3.14159,3.14159,3.14159,3.14159,3.14159,3.14159
90,90,90,90,153.435,90,26.5651
0,278.481,0,180,0,81.4185,0
90,90,90,90,153.435,90,26.5651
180,261.519,0,180,180,98.5815,180
7
5.001e-09,3.38051e-08,2.16669e-08,1.16671e-08,1.11808e-08,3.36074e-08,1.11808e-08
-71.5284,-97.9669,-95.0632,-89.5865,-85.4167,-97.3459,-85.4167
0,3.14159,3.14159,3.14159,3.14159,3.14159,3.14159
90,90,90,90,153.43,90,26.5696
358.854,278.506,359.736,180.491,358.854,81.4439,358.854
90,90,90,90,153.43,90,26.5696
178.854,261.494,0.26444,179.509,178.854,98.5561,178.854
7
5.004e-09,3.37062e-08,2.16676e-08,1.16684e-08,1.11821e-08,3.37062e-08,1.11821e-08
-71.5336,-97.9414,-95.0634,-89.5874,-85.4177,-97.3714,-85.4177
0,3.14159,3.14159,3.14159,3.14159,3.14159,3.14159
90,90,90,90,153.417,90,26.5834
357.709,278.531,359.471,180.982,357.709,81.4692,357.709
90,90,90,90,153.417,90,26.5834
177.709,261.469,0.528869,179.018,177.709,98.5308,177.709
7
5.001e-09,3.38051e-08,2.16669e-08,1.16671e-08,1.11808e-08,3.36074e-08,1.11808e-08
-71.5284,-97.9669,-95.0632,-89.5865,-85.4167,-97.3459,-85.4167
0,3.14159,3.14159,3.14159,3.14159,3.14159,3.14159
90,90,90,90,153.43,90,26.5696
1.14576,278.506,0.26444,179.509,1.14576,81.4439,1.14576
90,90,90,90,153.43,90,26.5696
181.146,261.494,359.736,180.491,181.146,98.5561,181.146
7
5e-09,3.37062e-08,2.16667e-08,1.16667e-08,1.11803e-08,3.37062e-08,1.11803e-08
-71.5266,-97.9414,-95.0631,-89.5862,-85.4163,-97.3714,-85.4163
0,3.14159,3.14159,3.14159,3.14159,3.14159,3.14159
90,90,90,90,153.435,90,26.5651
0,278.531,0,180,0,81.4692,0
90,90,90,90,153.435,90,26.5651
180,261.469,0,180,180,98.5308,180
7
5.001e-09,3.36074e-08,2.16669e-08,1.16671e-08,1.11808e-08,3.38051e-08,1.11808e-08
-71.5284,-97.9159,-95.0632,-89.5865,-85.4167,-97.3969,-85.4167
0,3.14159,3.14159,3.14159,3.14159,3.14159,3.14159
90,90,90,90,153.43,90,26.5696
358.854,278.556,359.736,180.491,358.854,81.4944,358.854
90,90,90,90,153.43,90,26.5696
178.854,261.444,0.26444,179.509,178.854,98.5056,178.854
7
5.004e-09,3.37062e-08,2.16676e-08,1.16684e-08,1.11821e-08,3.37062e-08,1.11821e-08
-71.5336,-97.9414,-95.0634,-89.5874,-85.4177,-97.3714,-85.4177
0,3.14159,3.14159,3.14159,3.14159,3.14159,3.14159
90,90,90,90,153.417,90,26.5834
2.29061,278.531,0.528869,179.018,2.29061,81.4692,2.29061
90,90,90,90,153.417,90,26.5834
182.291,261.469,359.471,180.982,182.291,98.5308,182.291
7
5.001e-09,3.36074e-08,2.16669e-08,1.16671e-08,1.11808e-08,3.38051e-08,1.11808e-08
-71.5284,-97.9159,-95.0632,-89.5865,-85.4167,-97.3969,-85.4167
0,3.14159,3.14159,3.14159,3.14159,3.14159,3.14159
90,90,90,90,153.43,90,26.5696
1.14576,278.556,0.26444,179.509,1.14576,81.4944,1.14576
90,90,90,90,153.43,90,26.5696
181.146,261.444,359.736,180.491,181.146,98.5056,181.146
7
5e-09,3.35085e-08,2.16667e-08,1.16667e-08,1.11803e-08,3.3904e-08,1.11803e-08
-71.5266,-97.8903,-95.0631,-89.5862,-85.4163,-97.4223,-85.4163
0,3.14159,3.14159,3.14159,3.14159,3.14159,3.14159
90,90,90,90,153.435,90,26.5651
0,278.581,0,180,0,81.5194,0
90,90,90,90,153.435,90,26.5651
180,261.419,0,180,180,98.4806,180
7
4.66667e-09,3.38565e-08,2.2e-08,1.13333e-08,1.10353e-08,3.34604e-08,1.10353e-08
-70.9274,-97.9801,-95.1957,-89.3344,-85.3029,-97.3078,-85.3029
0,3.14159,3.14159,3.14159,3.14159,3.14159,3.14159
90,90,90,90,154.983,90,25.0169
0,277.923,0,180,0,81.9829,0
90,90,90,90,154.983,90,25.0169
180,262.077,0,180,180,98.0171,180
7
4.66774e-09,3.37575e-08,2.20002e-08,1.13338e-08,1.10357e-08,3.35594e-08,1.10357e-08
-70.9294,-97.9546,-95.1958,-89.3347,-85.3033,-97.3335,-85.3033
0,3.14159,3.14159,3.14159,3.14159,3.14159,3.14159
90,90,90,90,154.978,90,25.0219
358.772,277.946,359.74,180.506,358.772,82.0067,358.772
90,90,90,90,154.978,90,25.0219
178.772,262.054,0.260434,179.494,178.772,97.9933,178.772
7
4.67095e-09,3.36584e-08,2.20009e-08,1.13351e-08,1.10371e-08,3.36584e-08,1.10371e-08
-70.9353,-97.9291,-95.196,-89.3357,-85.3043,-97.3591,-85.3043
0,3.14159,3.14159,3.14159,3.14159,3.14159,3.14159
90,90,90,90,154.963,90,25.037
357.546,277.97,359.479,181.011,357.546,82.0304,357.546
90,90,90,90,154.963,90,25.037
177.546,262.03,0.520856,178.989,177.546,97.9696,177.546
7
4.66774e-09,3.37575e-08,2.20002e-08,1.13338e-08,1.10357e-08,3.35594e-08,1.10357e-08
-70.9294,-97.9546,-95.1958,-89.3347,-85.3033,-97.3335,-85.3033
0,3.14159,3.14159,3.14159,3.14159,3.14159,3.14159
90,90,90,90,154.978,90,25.0219
1.22758,277.946,0.260434,179.494,1.22758,82.0067,1.22758
90,90,90,90,154.978,90,25.0219
181.228,262.054,359.74,180.506,181.228,97.9933,181.228
7
4.66667e-09,3.36584e-08,2.2e-08,1.13333e-08,1.10353e-08,3.36584e-08,1.10353e-08
-70.9274,-97.9291,-95.1957,-89.3344,-85.3029,-97.3591,-85.3029
0,3.14159,3.14159,3.14159,3.14159,3.14159,3.14159
90,90,90,90,154.983,90,25.0169
0,277.97,0,180,0,82.0304,0
90,90,90,90,154.983,90,25.0169
180,262.03,0,180,180,97.9696,180
7
4.66774e-09,3.35594e-08,2.20002e-08,1.13338e-08,1.10357e-08,3.37575e-08,1.10357e-08
-70.9294,-97.9035,-95.1958,-89.3347,-85.3033,-97.3846,-85.3033
0,3.14159,3.14159,3.14159,3.14159,3.14159,3.14159
90,90,90,90,154.978,90,25.0219
358.772,277.993,359.74,180.506,358.772,82.0539,358.772
90,90,90,90,154.978,90,25.0219
178.772,262.007,0.260434,179.494,178.772,97.9461,178.772
7
4.67095e-09,3.36584e-08,2.20009e-08,1.13351e-08,1.10371e-08,3.36584e-08,1.10371e-08
-70.9353,-97.9291,-95.196,-89.3357,-85.3043,-97.3591,-85.3043
0,3.14159,3.14159,3.14159,3.14159,3.14159,3.14159
90,90,90,90,154.963,90,25.037
2.45403,277.97,0.520856,178.989,2.45403,82.0304,2.45403
90,90,90,90,154.963,90,25.037
182.454,262.03,359.479,181.011,182.454,97.9696,182.454
7
4.66774e-09,3.35594e-08,2.20002e-08,1.13338e-08,1.10357e-08,3.37575e-08,1.10357e-08
-70.9294,-97.9035,-95.1958,-89.3347,-85.3033,-97.3846,-85.3033
0,3.14159,3.14159,3.14159,3.14159,3.14159,3.14159
90,90,90,90,154.978,90,25.0219
1.22758,277.993,0.260434,179.494,1.22758,82.0539,1.22758
90,90,90,90,154.978,90,25.0219
181.228,262.007,359.74,180.506,181.228,97.9461,181.228
7
4.66667e-09,3.34604e-08,2.2e-08,1.13333e-08,1.10353e-08,3.38565e-08,1.10353e-08
-70.9274,-97.8778,-95.1957,-89.3344,-85.3029,-97.4101,-85.3029
0,3.14159,3.14159,3.14159,3.14159,3.14159,3.14159
90,90,90,90,154.983,90,25.0169
0,278.017,0,180,0,82.0773,0
90,90,90,90,154.983,90,25.0169
180,261.983,0,180,180,97.9227,180
7
4.33333e-09,3.38122e-08,2.23333e-08,1.1e-08,1.08985e-08,3.34155e-08,1.08985e-08
-70.2837,-97.9687,-95.3263,-89.0751,-85.1946,-97.2962,-85.1946
0,3.14159,3.14159,3.14159,3.14159,3.14159,3.14159
90,90,90,90,156.571,90,23.4287
0,277.363,0,180,0,82.5489,0
90,90,90,90,156.571,90,23.4287
180,262.637,0,180,180,97.4511,180
7
4.33449e-09,3.3713e-08,2.23336e-08,1.10005e-08,1.0899e-08,3.35147e-08,1.0899e-08
-70.286,-97.9432,-95.3264,-89.0754,-85.1949,-97.3219,-85.1949
0,3.14159,3.14159,3.14159,3.14159,3.14159,3.14159
90,90,90,90,156.566,90,23.4343
358.678,277.385,359.743,180.521,358.678,82.571,358.678
90,90,90,90,156.566,90,23.4343
178.678,262.615,0.256547,179.479,178.678,97.429,178.678
7
4.33795e-09,3.36138e-08,2.23342e-08,1.10018e-08,1.09004e-08,3.36138e-08,1.09004e-08
-70.2929,-97.9176,-95.3266,-89.0765,-85.196,-97.3476,-85.196
0,3.14159,3.14159,3.14159,3.14159,3.14159,3.14159
90,90,90,90,156.549,90,23.4509
357.357,277.407,359.487,181.042,357.357,82.5931,357.357
90,90,90,90,156.549,90,23.4509
177.357,262.593,0.513083,178.958,177.357,97.4069,177.357
7
4.33449e-09,3.3713e-08,2.23336e-08,1.10005e-08,1.0899e-08,3.35147e-08,1.0899e-08
-70.286,-97.9432,-95.3264,-89.0754,-85.1949,-97.3219,-85.1949
0,3.14159,3.14159,3.14159,3.14159,3.14159,3.14159
90,90,90,90,156.566,90,23.4343
1.32198,277.385,0.256547,179.479,1.32198,82.571,1.32198
90,90,90,90,156.566,90,23.4343
181.322,262.615,359.743,180.521,181.322,97.429,181.322
7
4.33333e-09,3.36138e-08,2.23333e-08,1.1e-08,1.08985e-08,3.36138e-08,1.08985e-08
-70.2837,-97.9176,-95.3263,-89.0751,-85.1946,-97.3476,-85.1946
0,3.14159,3.14159,3.14159,3.14159,3.14159,3.14159
90,90,90,90,156.571,90,23.4287
0,277.407,0,180,0,82.5931,0
90,90,90,90,156.571,90,23.4287
180,262.593,0,180,180,97.4069,180
7
4.33449e-09,3.35147e-08,2.23336e-08,1.10005e-08,1.0899e-08,3.3713e-08,1.0899e-08
-70.286,-97.8919,-95.3264,-89.0754,-85.1949,-97.3732,-85.1949
0,3.14159,3.14159,3.14159,3.14159,3.14159,3.14159
90,90,90,90,156.566,90,23.4343
358.678,277.429,359.743,180.521,358.678,82.615,358.678
90,90,90,90,156.566,90,23.4343
178.678,262.571,0.256547,179.479,178.678,97.385,178.678
7
4.33795e-09,3.36138e-08,2.23342e-08,1.10018e-08,1.09004e-08,3.36138e-08,1.09004e-08
-70.2929,-97.9176,-95.3266,-89.0765,-85.196,-97.3476,-85.196
0,3.14159,3.14159,3.14159,3.14159,3.14159,3.14159
90,90,90,90,156.549,90,23.4509
2.64255,277.407,0.513083,178.958,2.64255,82.5931,2.64255
90,90,90,90,156.549,90,23.4509
182.643,262.593,359.487,181.042,182.643,97.4069,182.643
7
4.33449e-09,3.35147e-08,2.23336e-08,1.10005e-08,1.0899e-08,3.3713e-08,1.0899e-08
-70.286,-97.8919,-95.3264,-89.0754,-85.1949,-97.3732,-85.1949
0,3.14159,3.14159,3.14159,3.14159,3.14159,3.14159
90,90,90,90,156.566,90,23.4343
1.32198,277.429,0.256547,179.479,1.32198,82.615,1.32198
90,90,90,90,156.566,90,23.4343
181.322,262.571,359.743,180.521,181.322,97.385,181.322
7
4.33333e-09,3.34155e-08,2.23333e-08,1.1e-08,1.08985e-08,3.38122e-08,1.08985e-08
-70.2837,-97.8662,-95.3263,-89.0751,-85.1946,-97.3987,-85.1946
0,3.14159,3.14159,3.14159,3.14159,3.14159,3.14159
90,90,90,90,156.571,90,23.4287
0,277.451,0,180,0,82.6368,0
90,90,90,90,156.571,90,23.4287
180,262.549,0,180,180,97.3632,180
7
4e-09,3.37711e-08,2.26667e-08,1.06667e-08,1.07703e-08,3.33739e-08,1.07703e-08
-69.5884,-97.9581,-95.455,-88.8078,-85.0918,-97.2854,-85.0918
0,3.14159,3.14159,3.14159,3.14159,3.14159,3.14159
90,90,90,90,158.199,90,21.8014
0,276.802,0,180,0,83.1163,0
90,90,90,90,158.199,90,21.8014
180,263.198,0,180,180,96.8837,180
7
4.00125e-09,3.36718e-08,2.26669e-08,1.06671e-08,1.07708e-08,3.34732e-08,1.07708e-08
-69.5911,-97.9325,-95.4551,-88.8082,-85.0922,-97.3112,-85.0922
0,3.14159,3.14159,3.14159,3.14159,3.14159,3.14159
90,90,90,90,158.192,90,21.8076
358.568,276.822,359.747,180.537,358.568,83.1368,358.568
90,90,90,90,158.192,90,21.8076
178.568,263.178,0.252774,179.463,178.568,96.8632,178.568
7
4.005e-09,3.35725e-08,2.26675e-08,1.06685e-08,1.07722e-08,3.35725e-08,1.07722e-08
-69.5993,-97.9069,-95.4553,-88.8093,-85.0933,-97.3369,-85.0933
0,3.14159,3.14159,3.14159,3.14159,3.14159,3.14159
90,90,90,90,158.174,90,21.8261
357.138,276.843,359.494,181.074,357.138,83.1572,357.138
90,90,90,90,158.174,90,21.8261
177.138,263.157,0.505538,178.926,177.138,96.8428,177.138
7
4.00125e-09,3.36718e-08,2.26669e-08,1.06671e-08,1.07708e-08,3.34732e-08,1.07708e-08
-69.5911,-97.9325,-95.4551,-88.8082,-85.0922,-97.3112,-85.0922
0,3.14159,3.14159,3.14159,3.14159,3.14159,3.14159
90,90,90,90,158.192,90,21.8076
1.4321,276.822,0.252774,179.463,1.4321,83.1368,1.4321
90,90,90,90,158.192,90,21.8076
181.432,263.178,359.747,180.537,181.432,96.8632,181.432
7
4e-09,3.35725e-08,2.26667e-08,1.06667e-08,1.07703e-08,3.35725e-08,1.07703e-08
-69.5884,-97.9069,-95.455,-88.8078,-85.0918,-97.3369,-85.0918
0,3.14159,3.14159,3.14159,3.14159,3.14159,3.14159
90,90,90,90,158.199,90,21.8014
0,276.843,0,180,0,83.1572,0
90,90,90,90,158.199,90,21.8014
180,263.157,0,180,180,96.8428,180
7
4.00125e-09,3.34732e-08,2.26669e-08,1.06671e-08,1.07708e-08,3.36718e-08,1.07708e-08
-69.5911,-97.8812,-95.4551,-88.8082,-85.0922,-97.3625,-85.0922
0,3.14159,3.14159,3.14159,3.14159,3.14159,3.14159
90,90,90,90,158.192,90,21.8076
358.568,276.863,359.747,180.537,358.568,83.1775,358.568
90,90,90,90,158.192,90,21.8076
178.568,263.137,0.252774,179.463,178.568,96.8225,178.568
7
4.005e-09,3.35725e-08,2.26675e-08,1.06685e-08,1.07722e-08,3.35725e-08,1.07722e-08
-69.5993,-97.9069,-95.4553,-88.8093,-85.0933,-97.3369,-85.0933
0,3.14159,3.14159,3.14159,3.14159,3.14159,3.14159
90,90,90,90,158.174,90,21.8261
2.86241,276.843,0.505538,178.926,2.86241,83.1572,2.86241
90,90,90,90,158.174,90,21.8261
182.862,263.157,359.494,181.074,182.862,96.8428,182.862
7
4.00125e-09,3.34732e-08,2.26669e-08,1.06671e-08,1.07708e-08,3.36718e-08,1.07708e-08
-69.5911,-97.8812,-95.4551,-88.8082,-85.0922,-97.3625,-85.0922
0,3.14159,3.14159,3.14159,3.14159,3.14159,3.14159
90,90,90,90,158.192,90,21.8076
1.4321,276.863,0.252774,179.463,1.4321,83.1775,1.4321
90,90,90,90,158.192,90,21.8076
181.432,263.137,359.747,180.537,181.432,96.8225,181.432
7
4e-09,3.33739e-08,2.26667e-08,1.06667e-08,1.07703e-08,3.37711e-08,1.07703e-08
-69.5884,-97.8554,-95.455,-88.8078,-85.0918,-97.3881,-85.0918
0,3.14159,3.14159,3.14159,3.14159,3.14159,3.14159
90,90,90,90,158.199,90,21.8014
0,276.884,0,180,0,83.1977,0
90,90,90,90,158.199,90,21.8014
180,263.116,0,180,180,96.8023,180
7
3.66667e-09,3.37332e-08,2.3e-08,1.03333e-08,1.0651e-08,3.33356e-08,1.0651e-08
-68.8327,-97.9484,-95.5818,-88.532,-84.9951,-97.2754,-84.9951
0,3.14159,3.14159,3.14159,3.14159,3.14159,3.14159
90,90,90,90,159.864,90,20.1363
0,276.24,0,180,0,83.6851,0
90,90,90,90,159.864,90,20.1363
180,263.76,0,180,180,96.3149,180
7
3.66803e-09,3.36338e-08,2.30002e-08,1.03338e-08,1.06515e-08,3.3435e-08,1.06515e-08
-68.8359,-97.9227,-95.5819,-88.5324,-84.9954,-97.3012,-84.9954
0,3.14159,3.14159,3.14159,3.14159,3.14159,3.14159
90,90,90,90,159.857,90,20.1432
358.438,276.259,359.751,180.554,358.438,83.704,358.438
90,90,90,90,159.857,90,20.1432
178.438,263.741,0.249111,179.446,178.438,96.296,178.438
7
3.67212e-09,3.35344e-08,2.30009e-08,1.03353e-08,1.06529e-08,3.35344e-08,1.06529e-08
-68.8456,-97.897,-95.5821,-88.5337,-84.9966,-97.327,-84.9966
0,3.14159,3.14159,3.14159,3.14159,3.14159,3.14159
90,90,90,90,159.836,90,20.1638
356.878,276.277,359.502,181.109,356.878,83.7227,356.878
90,90,90,90,159.836,90,20.1638
176.878,263.723,0.498212,178.891,176.878,96.2773,176.878
7
3.66803e-09,3.36338e-08,2.30002e-08,1.03338e-08,1.06515e-08,3.3435e-08,1.06515e-08
-68.8359,-97.9227,-95.5819,-88.5324,-84.9954,-97.3012,-84.9954
0,3.14159,3.14159,3.14159,3.14159,3.14159,3.14159
90,90,90,90,159.857,90,20.1432
1.56222,276.259,0.249111,179.446,1.56222,83.704,1.56222
90,90,90,90,159.857,90,20.1432
181.562,263.741,359.751,180.554,181.562,96.296,181.562
7
3.66667e-09,3.35344e-08,2.3e-08,1.03333e-08,1.0651e-08,3.35344e-08,1.0651e-08
-68.8327,-97.897,-95.5818,-88.532,-84.9951,-97.327,-84.9951
0,3.14159,3.14159,3.14159,3.14159,3.14159,3.14159
90,90,90,90,159.864,90,20.1363
0,276.277,0,180,0,83.7227,0
90,90,90,90,159.864,90,20.1363
180,263.723,0,180,180,96.2773,180
7
3.66803e-09,3.3435e-08,2.30002e-08,1.03338e-08,1.06515e-08,3.36338e-08,1.06515e-08
-68.8359,-97.8712,-95.5819,-88.5324,-84.9954,-97.3527,-84.9954
0,3.14159,3.14159,3.14159,3.14159,3.14159,3.14159
90,90,90,90,159.857,90,20.1432
358.438,276.296,359.751,180.554,358.438,83.7413,358.438
90,90,90,90,159.857,90,20.1432
178.438,263.704,0.249111,179.446,178.438,96.2587,178.438
7
3.67212e-09,3.35344e-08,2.30009e-08,1.03353e-08,1.06529e-08,3.35344e-08,1.06529e-08
-68.8456,-97.897,-95.5821,-88.5337,-84.9966,-97.327,-84.9966
0,3.14159,3.14159,3.14159,3.14159,3.14159,3.14159
90,90,90,90,159.836,90,20.1638
3.12213,276.277,0.498212,178.891,3.12213,83.7227,3.12213
90,90,90,90,159.836,90,20.1638
183.122,263.723,359.502,181.109,183.122,96.2773,183.122
7
3.66803e-09,3.3435e-08,2.30002e-08,1.03338e-08,1.06515e-08,3.36338e-08,1.06515e-08
-68.8359,-97.8712,-95.5819,-88.5324,-84.9954,-97.3527,-84.9954
0,3.14159,3.14159,3.14159,3.14159,3.14159,3.14159
90,90,90,90,159.857,90,20.1432
1.56222,276.296,0.249111,179.446,1.56222,83.7413,1.56222
90,90,90,90,159.857,90,20.1432
181.562,263.704,359.751,180.554,181.562,96.2587,181.562
7
3.66667e-09,3.33356e-08,2.3e-08,1.03333e-08,1.0651e-08,3.37332e-08,1.0651e-08
-68.8327,-97.8454,-95.5818,-88.532,-84.9951,-97.3784,-84.9951
0,3.14159,3.14159,3.14159,3.14159,3.14159,3.14159
90,90,90,90,159.864,90,20.1363
0,276.315,0,180,0,83.7598,0
90,90,90,90,159.864,90,20.1363
180,263.685,0,180,180,96.2402,180
7
3.33333e-09,3.36986e-08,2.33333e-08,1e-08,1.05409e-08,3.33006e-08,1.05409e-08
-68.0048,-97.9395,-95.7068,-88.2472,-84.9048,-97.2663,-84.9048
0,3.14159,3.14159,3.14159,3.14159,3.14159,3.14159
90,90,90,90,161.565,90,18.4349
0,275.677,0,180,0,84.2552,0
90,90,90,90,161.565,90,18.4349
180,264.323,0,180,180,95.7448,180
7
3.33483e-09,3.35991e-08,2.33335e-08,1.00005e-08,1.05414e-08,3.34001e-08,1.05414e-08
-68.0087,-97.9138,-95.7068,-88.2477,-84.9052,-97.2922,-84.9052
0,3.14159,3.14159,3.14159,3.14159,3.14159,3.14159
90,90,90,90,161.557,90,18.4427
358.282,275.694,359.754,180.573,358.282,84.2723,358.282
90,90,90,90,161.557,90,18.4427
178.282,264.306,0.245552,179.427,178.282,95.7277,178.282
7
3.33933e-09,3.34996e-08,2.33342e-08,1.0002e-08,1.05428e-08,3.34996e-08,1.05428e-08
-68.0204,-97.888,-95.7071,-88.249,-84.9064,-97.318,-84.9064
0,3.14159,3.14159,3.14159,3.14159,3.14159,3.14159
90,90,90,90,161.534,90,18.4659
356.566,275.711,359.509,181.146,356.566,84.2894,356.566
90,90,90,90,161.534,90,18.4659
176.566,264.289,0.491095,178.854,176.566,95.7106,176.566
7
3.33483e-09,3.35991e-08,2.33335e-08,1.00005e-08,1.05414e-08,3.34001e-08,1.05414e-08
-68.0087,-97.9138,-95.7068,-88.2477,-84.9052,-97.2922,-84.9052
0,3.14159,3.14159,3.14159,3.14159,3.14159,3.14159
90,90,90,90,161.557,90,18.4427
1.71836,275.694,0.245552,179.427,1.71836,84.2723,1.71836
90,90,90,90,161.557,90,18.4427
181.718,264.306,359.754,180.573,181.718,95.7277,181.718
7
3.33333e-09,3.34996e-08,2.33333e-08,1e-08,1.05409e-08,3.34996e-08,1.05409e-08
-68.0048,-97.888,-95.7068,-88.2472,-84.9048,-97.318,-84.9048
0,3.14159,3.14159,3.14159,3.14159,3.14159,3.14159
90,90,90,90,161.565,90,18.4349
0,275.711,0,180,0,84.2894,0
90,90,90,90,161.565,90,18.4349
180,264.289,0,180,180,95.7106,180
7
3.33483e-09,3.34001e-08,2.33335e-08,1.00005e-08,1.05414e-08,3.35991e-08,1.05414e-08
-68.0087,-97.8622,-95.7068,-88.2477,-84.9052,-97.3438,-84.9052
0,3.14159,3.14159,3.14159,3.14159,3.14159,3.14159
90,90,90,90,161.557,90,18.4427
358.282,275.728,359.754,180.573,358.282,84.3064,358.282
90,90,90,90,161.557,90,18.4427
178.282,264.272,0.245552,179.427,178.282,95.6936,178.282
7
3.33933e-09,3.34996e-08,2.33342e-08,1.0002e-08,1.05428e-08,3.34996e-08,1.05428e-08
-68.0204,-97.888,-95.7071,-88.249,-84.9064,-97.318,-84.9064
0,3.14159,3.14159,3.14159,3.14159,3.14159,3.14159
90,90,90,90,161.534,90,18.4659
3.43363,275.711,0.491095,178.854,3.43363,84.2894,3.43363
90,90,90,90,161.534,90,18.4659
183.434,264.289,359.509,181.146,183.434,95.7106,183.434
7
3.33483e-09,3.34001e-08,2.33335e-08,1.00005e-08,1.05414e-08,3.35991e-08,1.05414e-08
-68.0087,-97.8622,-95.7068,-88.2477,-84.9052,-97.3438,-84.9052
0,3.14159,3.14159,3.14159,3.14159,3.14159,3.14159
90,90,90,90,161.557,90,18.4427
1.71836,275.728,0.245552,179.427,1.71836,84.3064,1.71836
90,90,90,90,161.557,90,18.4427
181.718,264.272,359.754,180.573,181.718,95.6936,181.718
7
3.33333e-09,3.33006e-08,2.33333e-08,1e-08,1.05409e-08,3.36986e-08,1.05409e-08
-68.0048,-97.8363,-95.7068,-88.2472,-84.9048,-97.3695,-84.9048
0,3.14159,3.14159,3.14159,3.14159,3.14159,3.14159
90,90,90,90,161.565,90,18.4349
0,275.745,0,180,0,84.3232,0
90,90,90,90,161.565,90,18.4349
180,264.255,0,180,180,95.6768,180
7
3e-09,3.36673e-08,2.36667e-08,9.66667e-09,1.04403e-08,3.32689e-08,1.04403e-08
-67.0896,-97.9314,-95.83,-87.9528,-84.8215,-97.258,-84.8215
0,3.14159,3.14159,3.14159,3.14159,3.14159,3.14159
90,90,90,90,163.301,90,16.6992
0,275.112,0,180,0,84.8264,0
90,90,90,90,163.301,90,16.6992
180,264.888,0,180,180,95.1736,180
7
3.00167e-09,3.35677e-08,2.36669e-08,9.66718e-09,1.04408e-08,3.33685e-08,1.04408e-08
-67.0945,-97.9056,-95.83,-87.9532,-84.8219,-97.2839,-84.8219
0,3.14159,3.14159,3.14159,3.14159,3.14159,3.14159
90,90,90,90,163.292,90,16.708
358.091,275.127,359.758,180.593,358.091,84.8418,358.091
90,90,90,90,163.292,90,16.708
178.091,264.873,0.242093,179.407,178.091,95.1582,178.091
7
3.00666e-09,3.34681e-08,2.36675e-08,9.66874e-09,1.04422e-08,3.34681e-08,1.04422e-08
-67.1089,-97.8798,-95.8303,-87.9546,-84.8231,-97.3098,-84.8231
0,3.14159,3.14159,3.14159,3.14159,3.14159,3.14159
90,90,90,90,163.266,90,16.7342
356.186,275.143,359.516,181.185,356.186,84.8572,356.186
90,90,90,90,163.266,90,16.7342
176.186,264.857,0.484178,178.815,176.186,95.1428,176.186
7
3.00167e-09,3.35677e-08,2.36669e-08,9.66718e-09,1.04408e-08,3.33685e-08,1.04408e-08
-67.0945,-97.9056,-95.83,-87.9532,-84.8219,-97.2839,-84.8219
0,3.14159,3.14159,3.14159,3.14159,3.14159,3.14159
90,90,90,90,163.292,90,16.708
1.90915,275.127,0.242093,179.407,1.90915,84.8418,1.90915
90,90,90,90,163.292,90,16.708
181.909,264.873,359.758,180.593,181.909,95.1582,181.909
7
3e-09,3.34681e-08,2.36667e-08,9.66667e-09,1.04403e-08,3.34681e-08,1.04403e-08
-67.0896,-97.8798,-95.83,-87.9528,-84.8215,-97.3098,-84.8215
0,3.14159,3.14159,3.14159,3.14159,3.14159,3.14159
90,90,90,90,163.301,90,16.6992
0,275.143,0,180,0,84.8572,0
90,90,90,90,163.301,90,16.6992
180,264.857,0,180,180,95.1428,180
7
3.00167e-09,3.33685e-08,2.36669e-08,9.66718e-09,1.04408e-08,3.35677e-08,1.04408e-08
-67.0945,-97.8539,-95.83,-87.9532,-84.8219,-97.3356,-84.8219
0,3.14159,3.14159,3.14159,3.14159,3.14159,3.14159
90,90,90,90,163.292,90,16.708
358.091,275.158,359.758,180.593,358.091,84.8725,358.091
90,90,90,90,163.292,90,16.708
178.091,264.842,0.242093,179.407,178.091,95.1275,178.091
7
3.00666e-09,3.34681e-08,2.36675e-08,9.66874e-09,1.04422e-08,3.34681e-08,1.04422e-08
-67.1089,-97.8798,-95.8303,-87.9546,-84.8231,-97.3098,-84.8231
0,3.14159,3.14159,3.14159,3.14159,3.14159,3.14159
90,90,90,90,163.266,90,16.7342
3.81407,275.143,0.484178,178.815,3.81407,84.8572,3.81407
90,90,90,90,163.266,90,16.7342
183.814,264.857,359.516,181.185,183.814,95.1428,183.814
7
3.00167e-09,3.33685e-08,2.36669e-08,9.66718e-09,1.04408e-08,3.35677e-08,1.04408e-08
-67.0945,-97.8539,-95.83,-87.9532,-84.8219,-97.3356,-84.8219
0,3.14159,3.14159,3.14159,3.14159,3.14159,3.14159
90,90,90,90,163.292,90,16.708
1.90915,275.158,0.242093,179.407,1.90915,84.8725,1.90915
90,90,90,90,163.292,90,16.708
181.909,264.842,359.758,180.593,181.909,95.1275,181.909
7
3e-09,3.32689e-08,2.36667e-08,9.66667e-09,1.04403e-08,3.36673e-08,1.04403e-08
-67.0896,-97.828,-95.83,-87.9528,-84.8215,-97.3614,-84.8215
0,3.14159,3.14159,3.14159,3.14159,3.14159,3.14159
90,90,90,90,163.301,90,16.6992
0,275.174,0,180,0,84.8877,0
90,90,90,90,163.301,90,16.6992
180,264.826,0,180,180,95.1123,180
7
2.66667e-09,3.36392e-08,2.4e-08,9.33333e-09,1.03494e-08,3.32405e-08,1.03494e-08
-66.0666,-97.9241,-95.9514,-87.648,-84.7456,-97.2506,-84.7456
0,3.14159,3.14159,3.14159,3.14159,3.14159,3.14159
90,90,90,90,165.069,90,14.9314
0,274.547,0,180,0,85.3986,0
90,90,90,90,165.069,90,14.9314
180,265.453,0,180,180,94.6014,180
7
2.66854e-09,3.35395e-08,2.40002e-08,9.33387e-09,1.03499e-08,3.33401e-08,1.03499e-08
-66.0727,-97.8984,-95.9515,-87.6485,-84.746,-97.2766,-84.746
0,3.14159,3.14159,3.14159,3.14159,3.14159,3.14159
90,90,90,90,165.059,90,14.9414
357.852,274.56,359.761,180.614,357.852,85.4124,357.852
90,90,90,90,165.059,90,14.9414
177.852,265.44,0.238731,179.386,177.852,94.5876,177.852
7
2.67416e-09,3.34398e-08,2.40008e-08,9.33548e-09,1.03514e-08,3.34398e-08,1.03514e-08
-66.091,-97.8725,-95.9517,-87.65,-84.7472,-97.3025,-84.7472
0,3.14159,3.14159,3.14159,3.14159,3.14159,3.14159
90,90,90,90,165.029,90,14.9715
355.711,274.574,359.523,181.228,355.711,85.4261,355.711
90,90,90,90,165.029,90,14.9715
175.711,265.426,0.477454,178.772,175.711,94.5739,175.711
7
2.66854e-09,3.35395e-08,2.40002e-08,9.33387e-09,1.03499e-08,3.33401e-08,1.03499e-08
-66.0727,-97.8984,-95.9515,-87.6485,-84.746,-97.2766,-84.746
0,3.14159,3.14159,3.14159,3.14159,3.14159,3.14159
90,90,90,90,165.059,90,14.9414
2.14759,274.56,0.238731,179.386,2.14759,85.4124,2.14759
90,90,90,90,165.059,90,14.9414
182.148,265.44,359.761,180.614,182.148,94.5876,182.148
7
2.66667e-09,3.34398e-08,2.4e-08,9.33333e-09,1.03494e-08,3.34398e-08,1.03494e-08
-66.0666,-97.8725,-95.9514,-87.648,-84.7456,-97.3025,-84.7456
0,3.14159,3.14159,3.14159,3.14159,3.14159,3.14159
90,90,90,90,165.069,90,14.9314
0,274.574,0,180,0,85.4261,0
90,90,90,90,165.069,90,14.9314
180,265.426,0,180,180,94.5739,180
7
2.66854e-09,3.33401e-08,2.40002e-08,9.33387e-09,1.03499e-08,3.35395e-08,1.03499e-08
-66.0727,-97.8466,-95.9515,-87.6485,-84.746,-97.3284,-84.746
0,3.14159,3.14159,3.14159,3.14159,3.14159,3.14159
90,90,90,90,165.059,90,14.9414
357.852,274.588,359.761,180.614,357.852,85.4397,357.852
90,90,90,90,165.059,90,14.9414
177.852,265.412,0.238731,179.386,177.852,94.5603,177.852
7
2.67416e-09,3.34398e-08,2.40008e-08,9.33548e-09,1.03514e-08,3.34398e-08,1.03514e-08
-66.091,-97.8725,-95.9517,-87.65,-84.7472,-97.3025,-84.7472
0,3.14159,3.14159,3.14159,3.14159,3.14159,3.14159
90,90,90,90,165.029,90,14.9715
4.28915,274.574,0.477454,178.772,4.28915,85.4261,4.28915
90,90,90,90,165.029,90,14.9715
184.289,265.426,359.523,181.228,184.289,94.5739,184.289
7
2.66854e-09,3.33401e-08,2.40002e-08,9.33387e-09,1.03499e-08,3.35395e-08,1.03499e-08
-66.0727,-97.8466,-95.9515,-87.6485,-84.746,-97.3284,-84.746
0,3.14159,3.14159,3.14159,3.14159,3.14159,3.14159
90,90,90,90,165.059,90,14.9414
2.14759,274.588,0.238731,179.386,2.14759,85.4397,2.14759
90,90,90,90,165.059,90,14.9414
182.148,265.412,359.761,180.614,182.148,94.5603,182.148
7
2.66667e-09,3.32405e-08,2.4e-08,9.33333e-09,1.03494e-08,3.36392e-08,1.03494e-08
-66.0666,-97.8206,-95.9514,-87.648,-84.7456,-97.3541,-84.7456
0,3.14159,3.14159,3.14159,3.14159,3.14159,3.14159
90,90,90,90,165.069,90,14.9314
0,274.601,0,180,0,85.4532,0
90,90,90,90,165.069,90,14.9314
180,265.399,0,180,180,94.5468,180
7
2.33333e-09,3.36144e-08,2.43333e-08,9e-09,1.02686e-08,3.32154e-08,1.02686e-08
-64.9068,-97.9177,-96.0713,-87.3321,-84.6775,-97.244,-84.6775
0,3.14159,3.14159,3.14159,3.14159,3.14159,3.14159
90,90,90,90,166.866,90,13.134
0,273.98,0,180,0,85.9717,0
90,90,90,90,166.866,90,13.134
180,266.02,0,180,180,94.0283,180
7
2.33548e-09,3.35147e-08,2.43335e-08,9.00056e-09,1.02691e-08,3.33151e-08,1.02691e-08
-64.9147,-97.8919,-96.0713,-87.3326,-84.6779,-97.2701,-84.6779
0,3.14159,3.14159,3.14159,3.14159,3.14159,3.14159
90,90,90,90,166.854,90,13.1457
357.546,273.992,359.765,180.637,357.546,85.9838,357.546
90,90,90,90,166.854,90,13.1457
177.546,266.008,0.235461,179.363,177.546,94.0162,177.546
7
2.34189e-09,3.34149e-08,2.43342e-08,9.00222e-09,1.02706e-08,3.34149e-08,1.02706e-08
-64.9385,-97.866,-96.0715,-87.3342,-84.6791,-97.296,-84.6791
0,3.14159,3.14159,3.14159,3.14159,3.14159,3.14159
90,90,90,90,166.819,90,13.1805
355.101,274.004,359.529,181.273,355.101,85.9958,355.101
90,90,90,90,166.819,90,13.1805
175.101,265.996,0.470914,178.727,175.101,94.0042,175.101
7
2.33548e-09,3.35147e-08,2.43335e-08,9.00056e-09,1.02691e-08,3.33151e-08,1.02691e-08
-64.9147,-97.8919,-96.0713,-87.3326,-84.6779,-97.2701,-84.6779
0,3.14159,3.14159,3.14159,3.14159,3.14159,3.14159
90,90,90,90,166.854,90,13.1457
2.45403,273.992,0.235461,179.363,2.45403,85.9838,2.45403
90,90,90,90,166.854,90,13.1457
182.454,266.008,359.765,180.637,182.454,94.0162,182.454
7
2.33333e-09,3.34149e-08,2.43333e-08,9e-09,1.02686e-08,3.34149e-08,1.02686e-08
-64.9068,-97.866,-96.0713,-87.3321,-84.6775,-97.296,-84.6775
0,3.14159,3.14159,3.14159,3.14159,3.14159,3.14159
90,90,90,90,166.866,90,13.134
0,274.004,0,180,0,85.9958,0
90,90,90,90,166.866,90,13.134
180,265.996,0,180,180,94.0042,180
7
2.33548e-09,3.33151e-08,2.43335e-08,9.00056e-09,1.02691e-08,3.35147e-08,1.02691e-08
-64.9147,-97.8401,-96.0713,-87.3326,-84.6779,-97.3219,-84.6779
0,3.14159,3.14159,3.14159,3.14159,3.14159,3.14159
90,90,90,90,166.854,90,13.1457
357.546,274.016,359.765,180.637,357.546,86.0078,357.546
90,90,90,90,166.854,90,13.1457
177.546,265.984,0.235461,179.363,177.546,93.9922,177.546
7
2.34189e-09,3.34149e-08,2.43342e-08,9.00222e-09,1.02706e-08,3.34149e-08,1.02706e-08
-64.9385,-97.866,-96.0715,-87.3342,-84.6791,-97.296,-84.6791
0,3.14159,3.14159,3.14159,3.14159,3.14159,3.14159
90,90,90,90,166.819,90,13.1805
4.89909,274.004,0.470914,178.727,4.89909,85.9958,4.89909
90,90,90,90,166.819,90,13.1805
184.899,265.996,359.529,181.273,184.899,94.0042,184.899
7
2.33548e-09,3.33151e-08,2.43335e-08,9.00056e-09,1.02691e-08,3.35147e-08,1.02691e-08
-64.9147,-97.8401,-96.0713,-87.3326,-84.6779,-97.3219,-84.6779
0,3.14159,3.14159,3.14159,3.14159,3.14159,3.14159
90,90,90,90,166.854,90,13.1457
2.45403,274.016,0.235461,179.363,2.45403,86.0078,2.45403
90,90,90,90,166.854,90,13.1457
182.454,265.984,359.765,180.637,182.454,93.9922,182.454
7
2.33333e-09,3.32154e-08,2.43333e-08,9e-09,1.02686e-08,3.36144e-08,1.02686e-08
-64.9068,-97.814,-96.0713,-87.3321,-84.6775,-97.3477,-84.6775
0,3.14159,3.14159,3.14159,3.14159,3.14159,3.14159
90,90,90,90,166.866,90,13.134
0,274.028,0,180,0,86.0196,0
90,90,90,90,166.866,90,13.134
180,265.972,0,180,180,93.9804,180
7
2e-09,3.35929e-08,2.46667e-08,8.66667e-09,1.0198e-08,3.31936e-08,1.0198e-08
-63.5678,-97.9122,-96.1894,-87.0043,-84.6176,-97.2383,-84.6176
0,3.14159,3.14159,3.14159,3.14159,3.14159,3.14159
90,90,90,90,168.69,90,11.3099
0,273.413,0,180,0,86.5457,0
90,90,90,90,168.69,90,11.3099
180,266.587,0,180,180,93.4543,180
7
2.0025e-09,3.34931e-08,2.46669e-08,8.66724e-09,1.01985e-08,3.32935e-08,1.01985e-08
-63.5787,-97.8863,-96.1895,-87.0048,-84.618,-97.2644,-84.618
0,3.14159,3.14159,3.14159,3.14159,3.14159,3.14159
90,90,90,90,168.676,90,11.3237
357.138,273.423,359.768,180.661,357.138,86.5561,357.138
90,90,90,90,168.676,90,11.3237
177.138,266.577,0.232279,179.339,177.138,93.4439,177.138
7
2.00998e-09,3.33933e-08,2.46675e-08,8.66897e-09,1.02e-08,3.33933e-08,1.02e-08
-63.611,-97.8604,-96.1897,-87.0066,-84.6192,-97.2904,-84.6192
0,3.14159,3.14159,3.14159,3.14159,3.14159,3.14159
90,90,90,90,168.635,90,11.3649
354.289,273.434,359.535,181.322,354.289,86.5664,354.289
90,90,90,90,168.635,90,11.3649
174.289,266.566,0.46455,178.678,174.289,93.4336,174.289
7
2.0025e-09,3.34931e-08,2.46669e-08,8.66724e-09,1.01985e-08,3.32935e-08,1.01985e-08
-63.5787,-97.8863,-96.1895,-87.0048,-84.618,-97.2644,-84.618
0,3.14159,3.14159,3.14159,3.14159,3.14159,3.14159
90,90,90,90,168.676,90,11.3237
2.86241,273.423,0.232279,179.339,2.86241,86.5561,2.86241
90,90,90,90,168.676,90,11.3237
182.862,266.577,359.768,180.661,182.862,93.4439,182.862
7
2e-09,3.33933e-08,2.46667e-08,8.66667e-09,1.0198e-08,3.33933e-08,1.0198e-08
-63.5678,-97.8604,-96.1894,-87.0043,-84.6176,-97.2904,-84.6176
0,3.14159,3.14159,3.14159,3.14159,3.14159,3.14159
90,90,90,90,168.69,90,11.3099
0,273.434,0,180,0,86.5664,0
90,90,90,90,168.69,90,11.3099
180,266.566,0,180,180,93.4336,180
7
2.0025e-09,3.32935e-08,2.46669e-08,8.66724e-09,1.01985e-08,3.34931e-08,1.01985e-08
-63.5787,-97.8344,-96.1895,-87.0048,-84.618,-97.3163,-84.618
0,3.14159,3.14159,3.14159,3.14159,3.14159,3.14159
90,90,90,90,168.676,90,11.3237
357.138,273.444,359.768,180.661,357.138,86.5766,357.138
90,90,90,90,168.676,90,11.3237
177.138,266.556,0.232279,179.339,177.138,93.4234,177.138
7
2.00998e-09,3.33933e-08,2.46675e-08,8.66897e-09,1.02e-08,3.33933e-08,1.02e-08
-63.611,-97.8604,-96.1897,-87.0066,-84.6192,-97.2904,-84.6192
0,3.14159,3.14159,3.14159,3.14159,3.14159,3.14159
90,90,90,90,168.635,90,11.3649
5.71059,273.434,0.46455,178.678,5.71059,86.5664,5.71059
90,90,90,90,168.635,90,11.3649
185.711,266.566,359.535,181.322,185.711,93.4336,185.711
7
2.0025e-09,3.32935e-08,2.46669e-08,8.66724e-09,1.01985e-08,3.34931e-08,1.01985e-08
-63.5787,-97.8344,-96.1895,-87.0048,-84.618,-97.3163,-84.618
0,3.14159,3.14159,3.14159,3.14159,3.14159,3.14159
90,90,90,90,168.676,90,11.3237
2.86241,273.444,0.232279,179.339,2.86241,86.5766,2.86241
90,90,90,90,168.676,90,11.3237
182.862,266.556,359.768,180.661,182.862,93.4234,182.862
7
2e-09,3.31936e-08,2.46667e-08,8.66667e-09,1.0198e-08,3.35929e-08,1.0198e-08
-63.5678,-97.8083,-96.1894,-87.0043,-84.6176,-97.3422,-84.6176
0,3.14159,3.14159,3.14159,3.14159,3.14159,3.14159
90,90,90,90,168.69,90,11.3099
0,273.454,0,180,0,86.5868,0
90,90,90,90,168.69,90,11.3099
180,266.546,0,180,180,93.4132,180
7
1.66667e-09,3.35747e-08,2.5e-08,8.33333e-09,1.01379e-08,3.31752e-08,1.01379e-08
-61.9842,-97.9075,-96.306,-86.6636,-84.5662,-97.2335,-84.5662
0,3.14159,3.14159,3.14159,3.14159,3.14159,3.14159
90,90,90,90,170.538,90,9.46232
0,272.845,0,180,0,87.1203,0
90,90,90,90,170.538,90,9.46232
180,267.155,0,180,180,92.8797,180
7
1.66966e-09,3.34748e-08,2.50002e-08,8.33393e-09,1.01384e-08,3.32751e-08,1.01384e-08
-61.9998,-97.8816,-96.3061,-86.6642,-84.5666,-97.2596,-84.5666
0,3.14159,3.14159,3.14159,3.14159,3.14159,3.14159
90,90,90,90,170.521,90,9.47903
356.566,272.854,359.771,180.688,356.566,87.129,356.566
90,90,90,90,170.521,90,9.47903
176.566,267.146,0.229182,179.312,176.566,92.871,176.566
7
1.67862e-09,3.3375e-08,2.50008e-08,8.33573e-09,1.01399e-08,3.3375e-08,1.01399e-08
-62.0463,-97.8556,-96.3063,-86.6661,-84.5679,-97.2856,-84.5679
0,3.14159,3.14159,3.14159,3.14159,3.14159,3.14159
90,90,90,90,170.471,90,9.52897
353.157,272.862,359.542,181.375,353.157,87.1376,353.157
90,90,90,90,170.471,90,9.52897
173.157,267.138,0.458356,178.625,173.157,92.8624,173.157
7
1.66966e-09,3.34748e-08,2.50002e-08,8.33393e-09,1.01384e-08,3.32751e-08,1.01384e-08
-61.9998,-97.8816,-96.3061,-86.6642,-84.5666,-97.2596,-84.5666
0,3.14159,3.14159,3.14159,3.14159,3.14159,3.14159
90,90,90,90,170.521,90,9.47903
3.43363,272.854,0.229182,179.312,3.43363,87.129,3.43363
90,90,90,90,170.521,90,9.47903
183.434,267.146,359.771,180.688,183.434,92.871,183.434
7
1.66667e-09,3.3375e-08,2.5e-08,8.33333e-09,1.01379e-08,3.3375e-08,1.01379e-08
-61.9842,-97.8556,-96.306,-86.6636,-84.5662,-97.2856,-84.5662
0,3.14159,3.14159,3.14159,3.14159,3.14159,3.14159
90,90,90,90,170.538,90,9.46232
0,272.862,0,180,0,87.1376,0
90,90,90,90,170.538,90,9.46232
180,267.138,0,180,180,92.8624,180
7
1.66966e-09,3.32751e-08,2.50002e-08,8.33393e-09,1.01384e-08,3.34748e-08,1.01384e-08
-61.9998,-97.8296,-96.3061,-86.6642,-84.5666,-97.3116,-84.5666
0,3.14159,3.14159,3.14159,3.14159,3.14159,3.14159
90,90,90,90,170.521,90,9.47903
356.566,272.871,359.771,180.688,356.566,87.1461,356.566
90,90,90,90,170.521,90,9.47903
176.566,267.129,0.229182,179.312,176.566,92.8539,176.566
7
1.67862e-09,3.3375e-08,2.50008e-08,8.33573e-09,1.01399e-08,3.3375e-08,1.01399e-08
-62.0463,-97.8556,-96.3063,-86.6661,-84.5679,-97.2856,-84.5679
0,3.14159,3.14159,3.14159,3.14159,3.14159,3.14159
90,90,90,90,170.471,90,9.52897
6.84277,272.862,0.458356,178.625,6.84277,87.1376,6.84277
90,90,90,90,170.471,90,9.52897
186.843,267.138,359.542,181.375,186.843,92.8624,186.843
7
1.66966e-09,3.32751e-08,2.50002e-08,8.33393e-09,1.01384e-08,3.34748e-08,1.01384e-08
-61.9998,-97.8296,-96.3061,-86.6642,-84.5666,-97.3116,-84.5666
0,3.14159,3.14159,3.14159,3.14159,3.14159,3.14159
90,90,90,90,170.521,90,9.47903
3.43363,272.871,0.229182,179.312,3.43363,87.1461,3.43363
90,90,90,90,170.521,90,9.47903
183.434,267.129,359.771,180.688,183.434,92.8539,183.434
7
1.66667e-09,3.31752e-08,2.5e-08,8.33333e-09,1.01379e-08,3.35747e-08,1.01379e-08
-61.9842,-97.8035,-96.306,-86.6636,-84.5662,-97.3375,-84.5662
0,3.14159,3.14159,3.14159,3.14159,3.14159,3.14159
90,90,90,90,170.538,90,9.46232
0,272.88,0,180,0,87.1546,0
90,90,90,90,170.538,90,9.46232
180,267.12,0,180,180,92.8454,180
7
1.33333e-09,3.35598e-08,2.53333e-08,8e-09,1.00885e-08,3.31602e-08,1.00885e-08
-60.046,-97.9036,-96.4211,-86.309,-84.5238,-97.2296,-84.5238
0,3.14159,3.14159,3.14159,3.14159,3.14159,3.14159
90,90,90,90,172.405,90,7.59464
0,272.277,0,180,0,87.6956,0
90,90,90,90,172.405,90,7.59464
180,267.723,0,180,180,92.3044,180
7
1.33708e-09,3.34599e-08,2.53335e-08,8.00062e-09,1.0089e-08,3.32601e-08,1.0089e-08
-60.0704,-97.8777,-96.4211,-86.3097,-84.5242,-97.2557,-84.5242
0,3.14159,3.14159,3.14159,3.14159,3.14159,3.14159
90,90,90,90,172.384,90,7.61572
355.711,272.284,359.774,180.716,355.711,87.7025,355.711
90,90,90,90,172.384,90,7.61572
175.711,267.716,0.226166,179.284,175.711,92.2975,175.711
7
1.34825e-09,3.336e-08,2.53341e-08,8.0025e-09,1.00905e-08,3.336e-08,1.00905e-08
-60.1426,-97.8517,-96.4213,-86.3117,-84.5255,-97.2817,-84.5255
0,3.14159,3.14159,3.14159,3.14159,3.14159,3.14159
90,90,90,90,172.321,90,7.6786
351.469,272.291,359.548,181.432,351.469,87.7094,351.469
90,90,90,90,172.321,90,7.6786
171.469,267.709,0.452326,178.568,171.469,92.2906,171.469
7
1.33708e-09,3.34599e-08,2.53335e-08,8.00062e-09,1.0089e-08,3.32601e-08,1.0089e-08
-60.0704,-97.8777,-96.4211,-86.3097,-84.5242,-97.2557,-84.5242
0,3.14159,3.14159,3.14159,3.14159,3.14159,3.14159
90,90,90,90,172.384,90,7.61572
4.28915,272.284,0.226166,179.284,4.28915,87.7025,4.28915
90,90,90,90,172.384,90,7.61572
184.289,267.716,359.774,180.716,184.289,92.2975,184.289
7
1.33333e-09,3.336e-08,2.53333e-08,8e-09,1.00885e-08,3.336e-08,1.00885e-08
-60.046,-97.8517,-96.4211,-86.309,-84.5238,-97.2817,-84.5238
0,3.14159,3.14159,3.14159,3.14159,3.14159,3.14159
90,90,90,90,172.405,90,7.59464
0,272.291,0,180,0,87.7094,0
90,90,90,90,172.405,90,7.59464
180,267.709,0,180,180,92.2906,180
7
1.33708e-09,3.32601e-08,2.53335e-08,8.00062e-09,1.0089e-08,3.34599e-08,1.0089e-08
-60.0704,-97.8257,-96.4211,-86.3097,-84.5242,-97.3077,-84.5242
0,3.14159,3.14159,3.14159,3.14159,3.14159,3.14159
90,90,90,90,172.384,90,7.61572
355.711,272.297,359.774,180.716,355.711,87.7162,355.711
90,90,90,90,172.384,90,7.61572
175.711,267.703,0.226166,179.284,175.711,92.2838,175.711
7
1.34825e-09,3.336e-08,2.53341e-08,8.0025e-09,1.00905e-08,3.336e-08,1.00905e-08
-60.1426,-97.8517,-96.4213,-86.3117,-84.5255,-97.2817,-84.5255
0,3.14159,3.14159,3.14159,3.14159,3.14159,3.14159
90,90,90,90,172.321,90,7.6786
8.53077,272.291,0.452326,178.568,8.53077,87.7094,8.53077
90,90,90,90,172.321,90,7.6786
188.531,267.709,359.548,181.432,188.531,92.2906,188.531
7
1.33708e-09,3.32601e-08,2.53335e-08,8.00062e-09,1.0089e-08,3.34599e-08,1.0089e-08
-60.0704,-97.8257,-96.4211,-86.3097,-84.5242,-97.3077,-84.5242
0,3.14159,3.14159,3.14159,3.14159,3.14159,3.14159
90,90,90,90,172.384,90,7.61572
4.28915,272.297,0.226166,179.284,4.28915,87.7162,4.28915
90,90,90,90,172.384,90,7.61572
184.289,267.703,359.774,180.716,184.289,92.2838,184.289
7
1.33333e-09,3.31602e-08,2.53333e-08,8e-09,1.00885e-08,3.35598e-08,1.00885e-08
-60.046,-97.7996,-96.4211,-86.309,-84.5238,-97.3336,-84.5238
0,3.14159,3.14159,3.14159,3.14159,3.14159,3.14159
90,90,90,90,172.405,90,7.59464
0,272.304,0,180,0,87.723,0
90,90,90,90,172.405,90,7.59464
180,267.696,0,180,180,92.277,180
7
1e-09,3.35482e-08,2.56667e-08,7.66667e-09,1.00499e-08,3.31484e-08,1.00499e-08
-57.5472,-97.9006,-96.5346,-85.9394,-84.4904,-97.2265,-84.4904
0,3.14159,3.14159,3.14159,3.14159,3.14159,3.14159
90,90,90,90,174.289,90,5.71059
0,271.708,0,180,0,88.2713,0
90,90,90,90,174.289,90,5.71059
180,268.292,0,180,180,91.7287,180
7
1.00499e-09,3.34483e-08,2.56669e-08,7.66732e-09,1.00504e-08,3.32484e-08,1.00504e-08
-57.5904,-97.8747,-96.5347,-85.9401,-84.4909,-97.2526,-84.4909
0,3.14159,3.14159,3.14159,3.14159,3.14159,3.14159
90,90,90,90,174.261,90,5.73889
354.289,271.713,359.777,180.747,354.289,88.2765,354.289
90,90,90,90,174.261,90,5.73889
174.289,268.287,0.223229,179.253,174.289,91.7235,174.289
7
1.0198e-09,3.33483e-08,2.56674e-08,7.66927e-09,1.00519e-08,3.33483e-08,1.00519e-08
-57.7176,-97.8487,-96.5349,-85.9423,-84.4922,-97.2787,-84.4922
0,3.14159,3.14159,3.14159,3.14159,3.14159,3.14159
90,90,90,90,174.177,90,5.82292
348.69,271.718,359.554,181.494,348.69,88.2816,348.69
90,90,90,90,174.177,90,5.82292
168.69,268.282,0.446452,178.506,168.69,91.7184,168.69
7
1.00499e-09,3.34483e-08,2.56669e-08,7.66732e-09,1.00504e-08,3.32484e-08,1.00504e-08
-57.5904,-97.8747,-96.5347,-85.9401,-84.4909,-97.2526,-84.4909
0,3.14159,3.14159,3.14159,3.14159,3.14159,3.14159
90,90,90,90,174.261,90,5.73889
5.71059,271.713,0.223229,179.253,5.71059,88.2765,5.71059
90,90,90,90,174.261,90,5.73889
185.711,268.287,359.777,180.747,185.711,91.7235,185.711
7
1e-09,3.33483e-08,2.56667e-08,7.66667e-09,1.00499e-08,3.33483e-08,1.00499e-08
-57.5472,-97.8487,-96.5346,-85.9394,-84.4904,-97.2787,-84.4904
0,3.14159,3.14159,3.14159,3.14159,3.14159,3.14159
90,90,90,90,174.289,90,5.71059
0,271.718,0,180,0,88.2816,0
90,90,90,90,174.289,90,5.71059
180,268.282,0,180,180,91.7184,180
7
1.00499e-09,3.32484e-08,2.56669e-08,7.66732e-09,1.00504e-08,3.34483e-08,1.00504e-08
-57.5904,-97.8226,-96.5347,-85.9401,-84.4909,-97.3047,-84.4909
0,3.14159,3.14159,3.14159,3.14159,3.14159,3.14159
90,90,90,90,174.261,90,5.73889
354.289,271.724,359.777,180.747,354.289,88.2868,354.289
90,90,90,90,174.261,90,5.73889
174.289,268.276,0.223229,179.253,174.289,91.7132,174.289
7
1.0198e-09,3.33483e-08,2.56674e-08,7.66927e-09,1.00519e-08,3.33483e-08,1.00519e-08
-57.7176,-97.8487,-96.5349,-85.9423,-84.4922,-97.2787,-84.4922
0,3.14159,3.14159,3.14159,3.14159,3.14159,3.14159
90,90,90,90,174.177,90,5.82292
11.3099,271.718,0.446452,178.506,11.3099,88.2816,11.3099
90,90,90,90,174.177,90,5.82292
191.31,268.282,359.554,181.494,191.31,91.7184,191.31
7
1.00499e-09,3.32484e-08,2.56669e-08,7.66732e-09,1.00504e-08,3.34483e-08,1.00504e-08
-57.5904,-97.8226,-96.5347,-85.9401,-84.4909,-97.3047,-84.4909
0,3.14159,3.14159,3.14159,3.14159,3.14159,3.14159
90,90,90,90,174.261,90,5.73889
5.71059,271.724,0.223229,179.253,5.71059,88.2868,5.71059
90,90,90,90,174.261,90,5.73889
185.711,268.276,359.777,180.747,185.711,91.7132,185.711
7
1e-09,3.31484e-08,2.56667e-08,7.66667e-09,1.00499e-08,3.35482e-08,1.00499e-08
-57.5472,-97.7965,-96.5346,-85.9394,-84.4904,-97.3306,-84.4904
0,3.14159,3.14159,3.14159,3.14159,3.14159,3.14159
90,90,90,90,174.289,90,5.71059
0,271.729,0,180,0,88.2919,0
90,90,90,90,174.289,90,5.71059
180,268.271,0,180,180,91.7081,180
7
6.66667e-10,3.354e-08,2.6e-08,7.33333e-09,1.00222e-08,3.314e-08,1.00222e-08
-54.0254,-97.8985,-96.6467,-85.5533,-84.4665,-97.2243,-84.4665
0,3.14159,3.14159,3.14159,3.14159,3.14159,3.14159
90,90,90,90,176.186,90,3.81407
0,271.139,0,180,0,88.8473,0
90,90,90,90,176.186,90,3.81407
180,268.861,0,180,180,91.1527,180
7
6.74125e-10,3.344e-08,2.60002e-08,7.33402e-09,1.00227e-08,3.324e-08,1.00227e-08
-54.122,-97.8725,-96.6468,-85.5541,-84.4669,-97.2504,-84.4669
0,3.14159,3.14159,3.14159,3.14159,3.14159,3.14159
90,90,90,90,176.143,90,3.85662
351.469,271.142,359.78,180.781,351.469,88.8508,351.469
90,90,90,90,176.143,90,3.85662
171.469,268.858,0.220367,179.219,171.469,91.1492,171.469
7
6.9602e-10,3.334e-08,2.60008e-08,7.33606e-09,1.00242e-08,3.334e-08,1.00242e-08
-54.3997,-97.8465,-96.6469,-85.5565,-84.4682,-97.2765,-84.4682
0,3.14159,3.14159,3.14159,3.14159,3.14159,3.14159
90,90,90,90,176.019,90,3.98148
343.301,271.146,359.559,181.562,343.301,88.8542,343.301
90,90,90,90,176.019,90,3.98148
163.301,268.854,0.440728,178.438,163.301,91.1458,163.301
7
6.74125e-10,3.344e-08,2.60002e-08,7.33402e-09,1.00227e-08,3.324e-08,1.00227e-08
-54.122,-97.8725,-96.6468,-85.5541,-84.4669,-97.2504,-84.4669
0,3.14159,3.14159,3.14159,3.14159,3.14159,3.14159
90,90,90,90,176.143,90,3.85662
8.53077,271.142,0.220367,179.219,8.53077,88.8508,8.53077
90,90,90,90,176.143,90,3.85662
188.531,268.858,359.78,180.781,188.531,91.1492,188.531
7
6.66667e-10,3.334e-08,2.6e-08,7.33333e-09,1.00222e-08,3.334e-08,1.00222e-08
-54.0254,-97.8465,-96.6467,-85.5533,-84.4665,-97.2765,-84.4665
0,3.14159,3.14159,3.14159,3.14159,3.14159,3.14159
90,90,90,90,176.186,90,3.81407
0,271.146,0,180,0,88.8542,0
90,90,90,90,176.186,90,3.81407
180,268.854,0,180,180,91.1458,180
7
6.74125e-10,3.324e-08,2.60002e-08,7.33402e-09,1.00227e-08,3.344e-08,1.00227e-08
-54.122,-97.8204,-96.6468,-85.5541,-84.4669,-97.3025,-84.4669
0,3.14159,3.14159,3.14159,3.14159,3.14159,3.14159
90,90,90,90,176.143,90,3.85662
351.469,271.149,359.78,180.781,351.469,88.8577,351.469
90,90,90,90,176.143,90,3.85662
171.469,268.851,0.220367,179.219,171.469,91.1423,171.469
7
6.9602e-10,3.334e-08,2.60008e-08,7.33606e-09,1.00242e-08,3.334e-08,1.00242e-08
-54.3997,-97.8465,-96.6469,-85.5565,-84.4682,-97.2765,-84.4682
0,3.14159,3.14159,3.14159,3.14159,3.14159,3.14159
90,90,90,90,176.019,90,3.98148
16.6992,271.146,0.440728,178.438,16.6992,88.8542,16.6992
90,90,90,90,176.019,90,3.98148
196.699,268.854,359.559,181.562,196.699,91.1458,196.699
7
6.74125e-10,3.324e-08,2.60002e-08,7.33402e-09,1.00227e-08,3.344e-08,1.00227e-08
-54.122,-97.8204,-96.6468,-85.5541,-84.4669,-97.3025,-84.4669
0,3.14159,3.14159,3.14159,3.14159,3.14159,3.14159
90,90,90,90,176.143,90,3.85662
8.53077,271.149,0.220367,179.219,8.53077,88.8577,8.53077
90,90,90,90,176.143,90,3.85662
188.531,268.851,359.78,180.781,188.531,91.1423,188.531
7
6.66667e-10,3.314e-08,2.6e-08,7.33333e-09,1.00222e-08,3.354e-08,1.00222e-08
-54.0254,-97.7943,-96.6467,-85.5533,-84.4665,-97.3285,-84.4665
0,3.14159,3.14159,3.14159,3.14159,3.14159,3.14159
90,90,90,90,176.186,90,3.81407
0,271.153,0,180,0,88.8611,0
90,90,90,90,176.186,90,3.81407
180,268.847,0,180,180,91.1389,180
7
3.33333e-10,3.3535e-08,2.63333e-08,7e-09,1.00056e-08,3.3135e-08,1.00056e-08
-48.0048,-97.8972,-96.7573,-85.1492,-84.452,-97.223,-84.452
0,3.14159,3.14159,3.14159,3.14159,3.14159,3.14159
90,90,90,90,178.091,90,1.90915
0,270.57,0,180,0,89.4236,0
90,90,90,90,178.091,90,1.90915
180,269.43,0,180,180,90.5764,180
7
3.4801e-10,3.3435e-08,2.63335e-08,7.00071e-09,1.00061e-08,3.3235e-08,1.00061e-08
-48.3791,-97.8712,-96.7574,-85.1501,-84.4525,-97.2491,-84.4525
0,3.14159,3.14159,3.14159,3.14159,3.14159,3.14159
90,90,90,90,178.007,90,1.99315
343.301,270.571,359.782,180.818,343.301,89.4253,343.301
90,90,90,90,178.007,90,1.99315
163.301,269.429,0.217578,179.182,163.301,90.5747,163.301
7
3.8873e-10,3.3335e-08,2.63341e-08,7.00286e-09,1.00076e-08,3.3335e-08,1.00076e-08
-49.3402,-97.8452,-96.7576,-85.1527,-84.4538,-97.2752,-84.4538
0,3.14159,3.14159,3.14159,3.14159,3.14159,3.14159
90,90,90,90,177.774,90,2.22614
329.036,270.573,359.565,181.637,329.036,89.4271,329.036
90,90,90,90,177.774,90,2.22614
149.036,269.427,0.435149,178.363,149.036,90.5729,149.036
7
3.4801e-10,3.3435e-08,2.63335e-08,7.00071e-09,1.00061e-08,3.3235e-08,1.00061e-08
-48.3791,-97.8712,-96.7574,-85.1501,-84.4525,-97.2491,-84.4525
0,3.14159,3.14159,3.14159,3.14159,3.14159,3.14159
90,90,90,90,178.007,90,1.99315
16.6992,270.571,0.217578,179.182,16.6992,89.4253,16.6992
90,90,90,90,178.007,90,1.99315
196.699,269.429,359.782,180.818,196.699,90.5747,196.699
7
3.33333e-10,3.3335e-08,2.63333e-08,7e-09,1.00056e-08,3.3335e-08,1.00056e-08
-48.0048,-97.8452,-96.7573,-85.1492,-84.452,-97.2752,-84.452
0,3.14159,3.14159,3.14159,3.14159,3.14159,3.14159
90,90,90,90,178.091,90,1.90915
0,270.573,0,180,0,89.4271,0
90,90,90,90,178.091,90,1.90915
180,269.427,0,180,180,90.5729,180
7
3.4801e-10,3.3235e-08,2.63335e-08,7.00071e-09,1.00061e-08,3.3435e-08,1.00061e-08
-48.3791,-97.8191,-96.7574,-85.1501,-84.4525,-97.3012,-84.4525
0,3.14159,3.14159,3.14159,3.14159,3.14159,3.14159
90,90,90,90,178.007,90,1.99315
343.301,270.575,359.782,180.818,343.301,89.4288,343.301
90,90,90,90,178.007,90,1.99315
163.301,269.425,0.217578,179.182,163.301,90.5712,163.301
7
3.8873e-10,3.3335e-08,2.63341e-08,7.00286e-09,1.00076e-08,3.3335e-08,1.00076e-08
-49.3402,-97.8452,-96.7576,-85.1527,-84.4538,-97.2752,-84.4538
0,3.14159,3.14159,3.14159,3.14159,3.14159,3.14159
90,90,90,90,177.774,90,2.22614
30.9638,270.573,0.435149,178.363,30.9638,89.4271,30.9638
90,90,90,90,177.774,90,2.22614
210.964,269.427,359.565,181.637,210.964,90.5729,210.964
7
3.4801e-10,3.3235e-08,2.63335e-08,7.00071e-09,1.00061e-08,3.3435e-08,1.00061e-08
-48.3791,-97.8191,-96.7574,-85.1501,-84.4525,-97.3012,-84.4525
0,3.14159,3.14159,3.14159,3.14159,3.14159,3.14159
90,90,90,90,178.007,90,1.99315
16.6992,270.575,0.217578,179.182,16.6992,89.4288,16.6992
90,90,90,90,178.007,90,1.99315
196.699,269.425,359.782,180.818,196.699,90.5712,196.699
7
3.33333e-10,3.3135e-08,2.63333e-08,7e-09,1.00056e-08,3.3535e-08,1.00056e-08
-48.0048,-97.793,-96.7573,-85.1492,-84.452,-97.3272,-84.452
0,3.14159,3.14159,3.14159,3.14159,3.14159,3.14159
90,90,90,90,178.091,90,1.90915
0,270.576,0,180,0,89.4305,0
90,90,90,90,178.091,90,1.90915
180,269.424,0,180,180,90.5695,180
