7
1e-08,3.51204e-08,1.66667e-08,1.66667e-08,1.41421e-08,3.44819e-08,1.41421e-08
-77.5472,-98.2984,-92.7842,-92.6842,-87.4575,-97.569,-87.4575
0,3.14159,3.14159,3.14159,3.14159,3.14159,3.14159
90,90,90,90,135,90,45
180,253.457,0,180,180,106.858,180
90,90,90,90,135,90,45
0,286.543,0,180,0,73.1416,0
7
1.00014e-08,3.49607e-08,1.66675e-08,1.66675e-08,1.41431e-08,3.46414e-08,1.41431e-08
-77.5484,-98.2588,-92.7846,-92.6846,-87.4581,-97.6091,-87.4581
0,3.14159,3.14159,3.14159,3.14159,3.14159,3.14159
90,90,90,90,134.996,90,45.004
180.955,253.379,359.427,180.573,180.955,106.778,180.955
90,90,90,90,134.996,90,45.004
0.954841,286.621,0.572939,179.427,0.954841,73.2215,0.954841
7
1.00056e-08,3.4801e-08,1.667e-08,1.667e-08,1.41461e-08,3.4801e-08,1.41461e-08
-77.552,-98.2191,-92.7859,-92.6859,-87.4599,-97.6491,-87.4599
0,3.14159,3.14159,3.14159,3.14159,3.14159,3.14159
90,90,90,90,134.984,90,45.0159
181.909,253.301,358.854,181.146,181.909,106.699,181.909
90,90,90,90,134.984,90,45.0159
1.90915,286.699,1.14576,178.854,1.90915,73.3008,1.90915
7
1.00014e-08,3.49607e-08,1.66675e-08,1.66675e-08,1.41431e-08,3.46414e-08,1.41431e-08
-77.5484,-98.2588,-92.7846,-92.6846,-87.4581,-97.6091,-87.4581
0,3.14159,3.14159,3.14159,3.14159,3.14159,3.14159
90,90,90,90,134.996,90,45.004
179.045,253.379,0.572939,179.427,179.045,106.778,179.045
90,90,90,90,134.996,90,45.004
359.045,286.621,359.427,180.573,359.045,73.2215,359.045
7
1e-08,3.4801e-08,1.66667e-08,1.66667e-08,1.41421e-08,3.4801e-08,1.41421e-08
-77.5472,-98.2191,-92.7842,-92.6842,-87.4575,-97.6491,-87.4575
0,3.14159,3.14159,3.14159,3.14159,3.14159,3.14159
90,90,90,90,135,90,45
180,253.301,0,180,180,106.699,180
90,90,90,90,135,90,45
0,286.699,0,180,0,73.3008,0
7
1.00014e-08,3.46414e-08,1.66675e-08,1.66675e-08,1.41431e-08,3.49607e-08,1.41431e-08
-77.5484,-98.1791,-92.7846,-92.6846,-87.4581,-97.6888,-87.4581
0,3.14159,3.14159,3.14159,3.14159,3.14159,3.14159
90,90,90,90,134.996,90,45.004
180.955,253.222,359.427,180.573,180.955,106.621,180.955
90,90,90,90,134.996,90,45.004
0.954841,286.778,0.572939,179.427,0.954841,73.3792,0.954841
7
1.00056e-08,3.4801e-08,1.667e-08,1.667e-08,1.41461e-08,3.4801e-08,1.41461e-08
-77.552,-98.2191,-92.7859,-92.6859,-87.4599,-97.6491,-87.4599
0,3.14159,3.14159,3.14159,3.14159,3.14159,3.14159
90,90,90,90,134.984,90,45.0159
178.091,253.301,1.14576,178.854,178.091,106.699,178.091
90,90,90,90,134.984,90,45.0159
358.091,286.699,358.854,181.146,358.091,73.3008,358.091
7
1.00014e-08,3.46414e-08,1.66675e-08,1.66675e-08,1.41431e-08,3.49607e-08,1.41431e-08
-77.5484,-98.1791,-92.7846,-92.6846,-87.4581,-97.6888,-87.4581
0,3.14159,3.14159,3.14159,3.14159,3.14159,3.14159
90,90,90,90,134.996,90,45.004
179.045,253.222,0.572939,179.427,179.045,106.621,179.045
90,90,90,90,134.996,90,45.004
359.045,286.778,359.427,180.573,359.045,73.3792,359.045
7
1e-08,3.44819e-08,1.66667e-08,1.66667e-08,1.41421e-08,3.51204e-08,1.41421e-08
-77.5472,-98.139,-92.7842,-92.6842,-87.4575,-97.7284,-87.4575
0,3.14159,3.14159,3.14159,3.14159,3.14159,3.14159
90,90,90,90,135,90,45
180,253.142,0,180,180,106.543,180
90,90,90,90,135,90,45
0,286.858,0,180,0,73.457,0
7
9.66667e-09,3.5027e-08,1.7e-08,1.63333e-08,1.39084e-08,3.43867e-08,1.39084e-08
-77.2528,-98.2753,-92.9562,-92.5087,-87.3128,-97.545,-87.3128
0,3.14159,3.14159,3.14159,3.14159,3.14159,3.14159
90,90,90,90,135.971,90,44.029
180,253.98,0,180,180,106.327,180
90,90,90,90,135.971,90,44.029
0,286.02,0,180,0,73.6731,0
7
9.6681e-09,3.48668e-08,1.70008e-08,1.63342e-08,1.39094e-08,3.45467e-08,1.39094e-08
-77.254,-98.2355,-92.9566,-92.5092,-87.3134,-97.5853,-87.3134
0,3.14159,3.14159,3.14159,3.14159,3.14159,3.14159
90,90,90,90,135.967,90,44.0332
180.988,253.904,359.438,180.585,180.988,106.249,180.988
90,90,90,90,135.967,90,44.0332
0.98776,286.096,0.561705,179.415,0.98776,73.7509,0.98776
7
9.67241e-09,3.47067e-08,1.70033e-08,1.63367e-08,1.39124e-08,3.47067e-08,1.39124e-08
-77.2579,-98.1955,-92.9579,-92.5105,-87.3153,-97.6255,-87.3153
0,3.14159,3.14159,3.14159,3.14159,3.14159,3.14159
90,90,90,90,135.954,90,44.046
181.975,253.828,358.877,181.169,181.975,106.172,181.975
90,90,90,90,135.954,90,44.046
1.97493,286.172,1.1233,178.831,1.97493,73.8278,1.97493
7
9.6681e-09,3.48668e-08,1.70008e-08,1.63342e-08,1.39094e-08,3.45467e-08,1.39094e-08
-77.254,-98.2355,-92.9566,-92.5092,-87.3134,-97.5853,-87.3134
0,3.14159,3.14159,3.14159,3.14159,3.14159,3.14159
90,90,90,90,135.967,90,44.0332
179.012,253.904,0.561705,179.415,179.012,106.249,179.012
90,90,90,90,135.967,90,44.0332
359.012,286.096,359.438,180.585,359.012,73.7509,359.012
7
9.66667e-09,3.47067e-08,1.7e-08,1.63333e-08,1.39084e-08,3.47067e-08,1.39084e-08
-77.2528,-98.1955,-92.9562,-92.5087,-87.3128,-97.6255,-87.3128
0,3.14159,3.14159,3.14159,3.14159,3.14159,3.14159
90,90,90,90,135.971,90,44.029
180,253.828,0,180,180,106.172,180
90,90,90,90,135.971,90,44.029
0,286.172,0,180,0,73.8278,0
7
9.6681e-09,3.45467e-08,1.70008e-08,1.63342e-08,1.39094e-08,3.48668e-08,1.39094e-08
-77.254,-98.1553,-92.9566,-92.5092,-87.3134,-97.6655,-87.3134
0,3.14159,3.14159,3.14159,3.14159,3.14159,3.14159
90,90,90,90,135.967,90,44.0332
180.988,253.751,359.438,180.585,180.988,106.096,180.988
90,90,90,90,135.967,90,44.0332
0.98776,286.249,0.561705,179.415,0.98776,73.9041,0.98776
7
9.67241e-09,3.47067e-08,1.70033e-08,1.63367e-08,1.39124e-08,3.47067e-08,1.39124e-08
-77.2579,-98.1955,-92.9579,-92.5105,-87.3153,-97.6255,-87.3153
0,3.14159,3.14159,3.14159,3.14159,3.14159,3.14159
90,90,90,90,135.954,90,44.046
178.025,253.828,1.1233,178.831,178.025,106.172,178.025
90,90,90,90,135.954,90,44.046
358.025,286.172,358.877,181.169,358.025,73.8278,358.025
7
9.6681e-09,3.45467e-08,1.70008e-08,1.63342e-08,1.39094e-08,3.48668e-08,1.39094e-08
-77.254,-98.1553,-92.9566,-92.5092,-87.3134,-97.6655,-87.3134
0,3.14159,3.14159,3.14159,3.14159,3.14159,3.14159
90,90,90,90,135.967,90,44.0332
179.012,253.751,0.561705,179.415,179.012,106.096,179.012
90,90,90,90,135.967,90,44.0332
359.012,286.249,359.438,180.585,359.012,73.9041,359.012
7
9.66667e-09,3.43867e-08,1.7e-08,1.63333e-08,1.39084e-08,3.5027e-08,1.39084e-08
-77.2528,-98.115,-92.9562,-92.5087,-87.3128,-97.7053,-87.3128
0,3.14159,3.14159,3.14159,3.14159,3.14159,3.14159
90,90,90,90,135.971,90,44.029
180,253.673,0,180,180,106.02,180
90,90,90,90,135.971,90,44.029
0,286.327,0,180,0,73.9797,0
7
9.33333e-09,3.49365e-08,1.73333e-08,1.6e-08,1.36789e-08,3.42945e-08,1.36789e-08
-76.948,-98.2528,-93.1249,-92.3296,-87.1682,-97.5217,-87.1682
0,3.14159,3.14159,3.14159,3.14159,3.14159,3.14159
90,90,90,90,136.975,90,43.0251
180,254.505,0,180,180,105.792,180
90,90,90,90,136.975,90,43.0251
0,285.495,0,180,0,74.2076,0
7
9.33482e-09,3.47759e-08,1.73341e-08,1.60009e-08,1.36799e-08,3.44549e-08,1.36799e-08
-76.9493,-98.2128,-93.1253,-92.3301,-87.1689,-97.5622,-87.1689
0,3.14159,3.14159,3.14159,3.14159,3.14159,3.14159
90,90,90,90,136.97,90,43.0296
181.023,254.432,359.449,180.597,181.023,105.717,181.023
90,90,90,90,136.97,90,43.0296
1.02303,285.568,0.550904,179.403,1.02303,74.283,1.02303
7
9.33928e-09,3.46153e-08,1.73365e-08,1.60035e-08,1.36829e-08,3.46153e-08,1.36829e-08
-76.9535,-98.1726,-93.1265,-92.3315,-87.1708,-97.6026,-87.1708
0,3.14159,3.14159,3.14159,3.14159,3.14159,3.14159
90,90,90,90,136.957,90,43.0433
182.045,254.358,358.898,181.193,182.045,105.642,182.045
90,90,90,90,136.957,90,43.0433
2.04541,285.642,1.10171,178.807,2.04541,74.3578,2.04541
7
9.33482e-09,3.47759e-08,1.73341e-08,1.60009e-08,1.36799e-08,3.44549e-08,1.36799e-08
-76.9493,-98.2128,-93.1253,-92.3301,-87.1689,-97.5622,-87.1689
0,3.14159,3.14159,3.14159,3.14159,3.14159,3.14159
90,90,90,90,136.97,90,43.0296
178.977,254.432,0.550904,179.403,178.977,105.717,178.977
90,90,90,90,136.97,90,43.0296
358.977,285.568,359.449,180.597,358.977,74.283,358.977
7
9.33333e-09,3.46153e-08,1.73333e-08,1.6e-08,1.36789e-08,3.46153e-08,1.36789e-08
-76.948,-98.1726,-93.1249,-92.3296,-87.1682,-97.6026,-87.1682
0,3.14159,3.14159,3.14159,3.14159,3.14159,3.14159
90,90,90,90,136.975,90,43.0251
180,254.358,0,180,180,105.642,180
90,90,90,90,136.975,90,43.0251
0,285.642,0,180,0,74.3578,0
7
9.33482e-09,3.44549e-08,1.73341e-08,1.60009e-08,1.36799e-08,3.47759e-08,1.36799e-08
-76.9493,-98.1322,-93.1253,-92.3301,-87.1689,-97.6428,-87.1689
0,3.14159,3.14159,3.14159,3.14159,3.14159,3.14159
90,90,90,90,136.97,90,43.0296
181.023,254.283,359.449,180.597,181.023,105.568,181.023
90,90,90,90,136.97,90,43.0296
1.02303,285.717,0.550904,179.403,1.02303,74.4318,1.02303
7
9.33928e-09,3.46153e-08,1.73365e-08,1.60035e-08,1.36829e-08,3.46153e-08,1.36829e-08
-76.9535,-98.1726,-93.1265,-92.3315,-87.1708,-97.6026,-87.1708
0,3.14159,3.14159,3.14159,3.14159,3.14159,3.14159
90,90,90,90,136.957,90,43.0433
177.955,254.358,1.10171,178.807,177.955,105.642,177.955
90,90,90,90,136.957,90,43.0433
357.955,285.642,358.898,181.193,357.955,74.3578,357.955
7
9.33482e-09,3.44549e-08,1.73341e-08,1.60009e-08,1.36799e-08,3.47759e-08,1.36799e-08
-76.9493,-98.1322,-93.1253,-92.3301,-87.1689,-97.6428,-87.1689
0,3.14159,3.14159,3.14159,3.14159,3.14159,3.14159
90,90,90,90,136.97,90,43.0296
178.977,254.283,0.550904,179.403,178.977,105.568,178.977
90,90,90,90,136.97,90,43.0296
358.977,285.717,359.449,180.597,358.977,74.4318,358.977
7
9.33333e-09,3.42945e-08,1.73333e-08,1.6e-08,1.36789e-08,3.49365e-08,1.36789e-08
-76.948,-98.0917,-93.1249,-92.3296,-87.1682,-97.6828,-87.1682
0,3.14159,3.14159,3.14159,3.14159,3.14159,3.14159
90,90,90,90,136.975,90,43.0251
180,254.208,0,180,180,105.495,180
90,90,90,90,136.975,90,43.0251
0,285.792,0,180,0,74.5052,0
7
9e-09,3.48489e-08,1.76667e-08,1.56667e-08,1.34536e-08,3.42053e-08,1.34536e-08
-76.6321,-98.231,-93.2903,-92.1468,-87.024,-97.4991,-87.024
0,3.14159,3.14159,3.14159,3.14159,3.14159,3.14159
90,90,90,90,138.013,90,41.9872
180,255.033,0,180,180,105.255,180
90,90,90,90,138.013,90,41.9872
0,284.967,0,180,0,74.7449,0
7
9.00154e-09,3.46879e-08,1.76675e-08,1.56676e-08,1.34547e-08,3.43661e-08,1.34547e-08
-76.6336,-98.1908,-93.2907,-92.1472,-87.0247,-97.5398,-87.0247
0,3.14159,3.14159,3.14159,3.14159,3.14159,3.14159
90,90,90,90,138.008,90,41.9921
181.061,254.962,359.459,180.61,181.061,105.182,181.061
90,90,90,90,138.008,90,41.9921
1.06091,285.038,0.54051,179.39,1.06091,74.818,1.06091
7
9.00617e-09,3.4527e-08,1.76698e-08,1.56702e-08,1.34578e-08,3.4527e-08,1.34578e-08
-76.638,-98.1504,-93.2919,-92.1487,-87.0267,-97.5804,-87.0267
0,3.14159,3.14159,3.14159,3.14159,3.14159,3.14159
90,90,90,90,137.993,90,42.0067
182.121,254.89,358.919,181.219,182.121,105.11,182.121
90,90,90,90,137.993,90,42.0067
2.1211,285.11,1.08092,178.781,2.1211,74.8904,2.1211
7
9.00154e-09,3.46879e-08,1.76675e-08,1.56676e-08,1.34547e-08,3.43661e-08,1.34547e-08
-76.6336,-98.1908,-93.2907,-92.1472,-87.0247,-97.5398,-87.0247
0,3.14159,3.14159,3.14159,3.14159,3.14159,3.14159
90,90,90,90,138.008,90,41.9921
178.939,254.962,0.54051,179.39,178.939,105.182,178.939
90,90,90,90,138.008,90,41.9921
358.939,285.038,359.459,180.61,358.939,74.818,358.939
7
9e-09,3.4527e-08,1.76667e-08,1.56667e-08,1.34536e-08,3.4527e-08,1.34536e-08
-76.6321,-98.1504,-93.2903,-92.1468,-87.024,-97.5804,-87.024
0,3.14159,3.14159,3.14159,3.14159,3.14159,3.14159
90,90,90,90,138.013,90,41.9872
180,254.89,0,180,180,105.11,180
90,90,90,90,138.013,90,41.9872
0,285.11,0,180,0,74.8904,0
7
9.00154e-09,3.43661e-08,1.76675e-08,1.56676e-08,1.34547e-08,3.46879e-08,1.34547e-08
-76.6336,-98.1098,-93.2907,-92.1472,-87.0247,-97.6208,-87.0247
0,3.14159,3.14159,3.14159,3.14159,3.14159,3.14159
90,90,90,90,138.008,90,41.9921
181.061,254.818,359.459,180.61,181.061,105.038,181.061
90,90,90,90,138.008,90,41.9921
1.06091,285.182,0.54051,179.39,1.06091,74.9622,1.06091
7
9.00617e-09,3.4527e-08,1.76698e-08,1.56702e-08,1.34578e-08,3.4527e-08,1.34578e-08
-76.638,-98.1504,-93.2919,-92.1487,-87.0267,-97.5804,-87.0267
0,3.14159,3.14159,3.14159,3.14159,3.14159,3.14159
90,90,90,90,137.993,90,42.0067
177.879,254.89,1.08092,178.781,177.879,105.11,177.879
90,90,90,90,137.993,90,42.0067
357.879,285.11,358.919,181.219,357.879,74.8904,357.879
7
9.00154e-09,3.43661e-08,1.76675e-08,1.56676e-08,1.34547e-08,3.46879e-08,1.34547e-08
-76.6336,-98.1098,-93.2907,-92.1472,-87.0247,-97.6208,-87.0247
0,3.14159,3.14159,3.14159,3.14159,3.14159,3.14159
90,90,90,90,138.008,90,41.9921
178.939,254.818,0.54051,179.39,178.939,105.038,178.939
90,90,90,90,138.008,90,41.9921
358.939,285.182,359.459,180.61,358.939,74.9622,358.939
7
9e-09,3.42053e-08,1.76667e-08,1.56667e-08,1.34536e-08,3.48489e-08,1.34536e-08
-76.6321,-98.0691,-93.2903,-92.1468,-87.024,-97.661,-87.024
0,3.14159,3.14159,3.14159,3.14159,3.14159,3.14159
90,90,90,90,138.013,90,41.9872
180,254.745,0,180,180,104.967,180
90,90,90,90,138.013,90,41.9872
0,285.255,0,180,0,75.0333,0
7
8.66667e-09,3.47643e-08,1.8e-08,1.53333e-08,1.3233e-08,3.41191e-08,1.3233e-08
-76.3043,-98.2099,-93.4527,-91.96,-86.8804,-97.4772,-86.8804
0,3.14159,3.14159,3.14159,3.14159,3.14159,3.14159
90,90,90,90,139.086,90,40.9144
180,255.564,0,180,180,104.715,180
90,90,90,90,139.086,90,40.9144
0,284.436,0,180,0,75.2849,0
7
8.66827e-09,3.46029e-08,1.80008e-08,1.53342e-08,1.3234e-08,3.42803e-08,1.3234e-08
-76.3059,-98.1695,-93.453,-91.9605,-86.881,-97.5181,-86.881
0,3.14159,3.14159,3.14159,3.14159,3.14159,3.14159
90,90,90,90,139.08,90,40.9196
181.102,255.495,359.469,180.623,181.102,104.644,181.102
90,90,90,90,139.08,90,40.9196
1.10171,284.505,0.530501,179.377,1.10171,75.3557,1.10171
7
8.67307e-09,3.44416e-08,1.80031e-08,1.5337e-08,1.32372e-08,3.44416e-08,1.32372e-08
-76.3107,-98.1289,-93.4542,-91.962,-86.8831,-97.5589,-86.8831
0,3.14159,3.14159,3.14159,3.14159,3.14159,3.14159
90,90,90,90,139.065,90,40.9353
182.203,255.426,358.939,181.245,182.203,104.574,182.203
90,90,90,90,139.065,90,40.9353
2.2026,284.574,1.06091,178.755,2.2026,75.4258,2.2026
7
8.66827e-09,3.46029e-08,1.80008e-08,1.53342e-08,1.3234e-08,3.42803e-08,1.3234e-08
-76.3059,-98.1695,-93.453,-91.9605,-86.881,-97.5181,-86.881
0,3.14159,3.14159,3.14159,3.14159,3.14159,3.14159
90,90,90,90,139.08,90,40.9196
178.898,255.495,0.530501,179.377,178.898,104.644,178.898
90,90,90,90,139.08,90,40.9196
358.898,284.505,359.469,180.623,358.898,75.3557,358.898
7
8.66667e-09,3.44416e-08,1.8e-08,1.53333e-08,1.3233e-08,3.44416e-08,1.3233e-08
-76.3043,-98.1289,-93.4527,-91.96,-86.8804,-97.5589,-86.8804
0,3.14159,3.14159,3.14159,3.14159,3.14159,3.14159
90,90,90,90,139.086,90,40.9144
180,255.426,0,180,180,104.574,180
90,90,90,90,139.086,90,40.9144
0,284.574,0,180,0,75.4258,0
7
8.66827e-09,3.42803e-08,1.80008e-08,1.53342e-08,1.3234e-08,3.46029e-08,1.3234e-08
-76.3059,-98.0881,-93.453,-91.9605,-86.881,-97.5995,-86.881
0,3.14159,3.14159,3.14159,3.14159,3.14159,3.14159
90,90,90,90,139.08,90,40.9196
181.102,255.356,359.469,180.623,181.102,104.505,181.102
90,90,90,90,139.08,90,40.9196
1.10171,284.644,0.530501,179.377,1.10171,75.4952,1.10171
7
8.67307e-09,3.44416e-08,1.80031e-08,1.5337e-08,1.32372e-08,3.44416e-08,1.32372e-08
-76.3107,-98.1289,-93.4542,-91.962,-86.8831,-97.5589,-86.8831
0,3.14159,3.14159,3.14159,3.14159,3.14159,3.14159
90,90,90,90,139.065,90,40.9353
177.797,255.426,1.06091,178.755,177.797,104.574,177.797
90,90,90,90,139.065,90,40.9353
357.797,284.574,358.939,181.245,357.797,75.4258,357.797
7
8.66827e-09,3.42803e-08,1.80008e-08,1.53342e-08,1.3234e-08,3.46029e-08,1.3234e-08
-76.3059,-98.0881,-93.453,-91.9605,-86.881,-97.5995,-86.881
0,3.14159,3.14159,3.14159,3.14159,3.14159,3.14159
90,90,90,90,139.08,90,40.9196
178.898,255.356,0.530501,179.377,178.898,104.505,178.898
90,90,90,90,139.08,90,40.9196
358.898,284.644,359.469,180.623,358.898,75.4952,358.898
7
8.66667e-09,3.41191e-08,1.8e-08,1.53333e-08,1.3233e-08,3.47643e-08,1.3233e-08
-76.3043,-98.0472,-93.4527,-91.96,-86.8804,-97.6399,-86.8804
0,3.14159,3.14159,3.14159,3.14159,3.14159,3.14159
90,90,90,90,139.086,90,40.9144
180,255.285,0,180,180,104.436,180
90,90,90,90,139.086,90,40.9144
0,284.715,0,180,0,75.564,0
7
8.33333e-09,3.46827e-08,1.83333e-08,1.5e-08,1.30171e-08,3.40359e-08,1.30171e-08
-75.9636,-98.1895,-93.6121,-91.769,-86.7375,-97.456,-86.7375
0,3.14159,3.14159,3.14159,3.14159,3.14159,3.14159
90,90,90,90,140.194,90,39.8056
180,256.097,0,180,180,104.172,180
90,90,90,90,140.194,90,39.8056
0,283.903,0,180,0,75.8277,0
7
8.335e-09,3.45209e-08,1.83341e-08,1.50009e-08,1.30181e-08,3.41975e-08,1.30181e-08
-75.9653,-98.1489,-93.6124,-91.7696,-86.7382,-97.4971,-86.7382
0,3.14159,3.14159,3.14159,3.14159,3.14159,3.14159
90,90,90,90,140.189,90,39.8112
181.146,256.031,359.479,180.637,181.146,104.104,181.146
90,90,90,90,140.189,90,39.8112
1.14576,283.969,0.520856,179.363,1.14576,75.896,1.14576
7
8.34e-09,3.43592e-08,1.83364e-08,1.50037e-08,1.30213e-08,3.43592e-08,1.30213e-08
-75.9705,-98.1081,-93.6135,-91.7712,-86.7403,-97.5381,-86.7403
0,3.14159,3.14159,3.14159,3.14159,3.14159,3.14159
90,90,90,90,140.172,90,39.8281
182.291,255.964,358.958,181.273,182.291,104.036,182.291
90,90,90,90,140.172,90,39.8281
2.29061,284.036,1.04163,178.727,2.29061,75.9638,2.29061
7
8.335e-09,3.45209e-08,1.83341e-08,1.50009e-08,1.30181e-08,3.41975e-08,1.30181e-08
-75.9653,-98.1489,-93.6124,-91.7696,-86.7382,-97.4971,-86.7382
0,3.14159,3.14159,3.14159,3.14159,3.14159,3.14159
90,90,90,90,140.189,90,39.8112
178.854,256.031,0.520856,179.363,178.854,104.104,178.854
90,90,90,90,140.189,90,39.8112
358.854,283.969,359.479,180.637,358.854,75.896,358.854
7
8.33333e-09,3.43592e-08,1.83333e-08,1.5e-08,1.30171e-08,3.43592e-08,1.30171e-08
-75.9636,-98.1081,-93.6121,-91.769,-86.7375,-97.5381,-86.7375
0,3.14159,3.14159,3.14159,3.14159,3.14159,3.14159
90,90,90,90,140.194,90,39.8056
180,255.964,0,180,180,104.036,180
90,90,90,90,140.194,90,39.8056
0,284.036,0,180,0,75.9638,0
7
8.335e-09,3.41975e-08,1.83341e-08,1.50009e-08,1.30181e-08,3.45209e-08,1.30181e-08
-75.9653,-98.0671,-93.6124,-91.7696,-86.7382,-97.5789,-86.7382
0,3.14159,3.14159,3.14159,3.14159,3.14159,3.14159
90,90,90,90,140.189,90,39.8112
181.146,255.896,359.479,180.637,181.146,103.969,181.146
90,90,90,90,140.189,90,39.8112
1.14576,284.104,0.520856,179.363,1.14576,76.0308,1.14576
7
8.34e-09,3.43592e-08,1.83364e-08,1.50037e-08,1.30213e-08,3.43592e-08,1.30213e-08
-75.9705,-98.1081,-93.6135,-91.7712,-86.7403,-97.5381,-86.7403
0,3.14159,3.14159,3.14159,3.14159,3.14159,3.14159
90,90,90,90,140.172,90,39.8281
177.709,255.964,1.04163,178.727,177.709,104.036,177.709
90,90,90,90,140.172,90,39.8281
357.709,284.036,358.958,181.273,357.709,75.9638,357.709
7
8.335e-09,3.41975e-08,1.83341e-08,1.50009e-08,1.30181e-08,3.45209e-08,1.30181e-08
-75.9653,-98.0671,-93.6124,-91.7696,-86.7382,-97.5789,-86.7382
0,3.14159,3.14159,3.14159,3.14159,3.14159,3.14159
90,90,90,90,140.189,90,39.8112
178.854,255.896,0.520856,179.363,178.854,103.969,178.854
90,90,90,90,140.189,90,39.8112
358.854,284.104,359.479,180.637,358.854,76.0308,358.854
7
8.33333e-09,3.40359e-08,1.83333e-08,1.5e-08,1.30171e-08,3.46827e-08,1.30171e-08
-75.9636,-98.026,-93.6121,-91.769,-86.7375,-97.6195,-86.7375
0,3.14159,3.14159,3.14159,3.14159,3.14159,3.14159
90,90,90,90,140.194,90,39.8056
180,255.828,0,180,180,103.903,180
90,90,90,90,140.194,90,39.8056
0,284.172,0,180,0,76.0973,0
7
8e-09,3.46041e-08,1.86667e-08,1.46667e-08,1.28062e-08,3.39559e-08,1.28062e-08
-75.609,-98.1698,-93.7686,-91.5739,-86.5957,-97.4355,-86.5957
0,3.14159,3.14159,3.14159,3.14159,3.14159,3.14159
90,90,90,90,141.34,90,38.6598
180,256.633,0,180,180,103.627,180
90,90,90,90,141.34,90,38.6598
0,283.367,0,180,0,76.373,0
7
8.00174e-09,3.4442e-08,1.86674e-08,1.46676e-08,1.28073e-08,3.41179e-08,1.28073e-08
-75.6109,-98.129,-93.7689,-91.5744,-86.5964,-97.4769,-86.5964
0,3.14159,3.14159,3.14159,3.14159,3.14159,3.14159
90,90,90,90,141.334,90,38.6659
181.193,256.569,359.488,180.651,181.193,103.561,181.193
90,90,90,90,141.334,90,38.6659
1.19349,283.431,0.511556,179.349,1.19349,76.4389,1.19349
7
8.00694e-09,3.42799e-08,1.86696e-08,1.46705e-08,1.28106e-08,3.42799e-08,1.28106e-08
-75.6166,-98.088,-93.7699,-91.5761,-86.5986,-97.518,-86.5986
0,3.14159,3.14159,3.14159,3.14159,3.14159,3.14159
90,90,90,90,141.316,90,38.6841
182.386,256.504,358.977,181.302,182.386,103.496,182.386
90,90,90,90,141.316,90,38.6841
2.38594,283.496,1.02303,178.698,2.38594,76.5043,2.38594
7
8.00174e-09,3.4442e-08,1.86674e-08,1.46676e-08,1.28073e-08,3.41179e-08,1.28073e-08
-75.6109,-98.129,-93.7689,-91.5744,-86.5964,-97.4769,-86.5964
0,3.14159,3.14159,3.14159,3.14159,3.14159,3.14159
90,90,90,90,141.334,90,38.6659
178.807,256.569,0.511556,179.349,178.807,103.561,178.807
90,90,90,90,141.334,90,38.6659
358.807,283.431,359.488,180.651,358.807,76.4389,358.807
7
8e-09,3.42799e-08,1.86667e-08,1.46667e-08,1.28062e-08,3.42799e-08,1.28062e-08
-75.609,-98.088,-93.7686,-91.5739,-86.5957,-97.518,-86.5957
0,3.14159,3.14159,3.14159,3.14159,3.14159,3.14159
90,90,90,90,141.34,90,38.6598
180,256.504,0,180,180,103.496,180
90,90,90,90,141.34,90,38.6598
0,283.496,0,180,0,76.5043,0
7
8.00174e-09,3.41179e-08,1.86674e-08,1.46676e-08,1.28073e-08,3.4442e-08,1.28073e-08
-75.6109,-98.0469,-93.7689,-91.5744,-86.5964,-97.559,-86.5964
0,3.14159,3.14159,3.14159,3.14159,3.14159,3.14159
90,90,90,90,141.334,90,38.6659
181.193,256.439,359.488,180.651,181.193,103.431,181.193
90,90,90,90,141.334,90,38.6659
1.19349,283.561,0.511556,179.349,1.19349,76.569,1.19349
7
8.00694e-09,3.42799e-08,1.86696e-08,1.46705e-08,1.28106e-08,3.42799e-08,1.28106e-08
-75.6166,-98.088,-93.7699,-91.5761,-86.5986,-97.518,-86.5986
0,3.14159,3.14159,3.14159,3.14159,3.14159,3.14159
90,90,90,90,141.316,90,38.6841
177.614,256.504,1.02303,178.698,177.614,103.496,177.614
90,90,90,90,141.316,90,38.6841
357.614,283.496,358.977,181.302,357.614,76.5043,357.614
7
8.00174e-09,3.41179e-08,1.86674e-08,1.46676e-08,1.28073e-08,3.4442e-08,1.28073e-08
-75.6109,-98.0469,-93.7689,-91.5744,-86.5964,-97.559,-86.5964
0,3.14159,3.14159,3.14159,3.14159,3.14159,3.14159
90,90,90,90,141.334,90,38.6659
178.807,256.439,0.511556,179.349,178.807,103.431,178.807
90,90,90,90,141.334,90,38.6659
358.807,283.561,359.488,180.651,358.807,76.569,358.807
7
8e-09,3.39559e-08,1.86667e-08,1.46667e-08,1.28062e-08,3.46041e-08,1.28062e-08
-75.609,-98.0055,-93.7686,-91.5739,-86.5957,-97.5998,-86.5957
0,3.14159,3.14159,3.14159,3.14159,3.14159,3.14159
90,90,90,90,141.34,90,38.6598
180,256.373,0,180,180,103.367,180
90,90,90,90,141.34,90,38.6598
0,283.627,0,180,0,76.6331,0
7
7.66667e-09,3.45286e-08,1.9e-08,1.43333e-08,1.26007e-08,3.38789e-08,1.26007e-08
-75.2394,-98.1508,-93.9223,-91.3742,-86.4551,-97.4158,-86.4551
0,3.14159,3.14159,3.14159,3.14159,3.14159,3.14159
90,90,90,90,142.524,90,37.4762
180,257.171,0,180,180,103.079,180
90,90,90,90,142.524,90,37.4762
0,282.829,0,180,0,76.9209,0
7
7.66848e-09,3.43661e-08,1.90007e-08,1.43343e-08,1.26018e-08,3.40412e-08,1.26018e-08
-75.2414,-98.1098,-93.9226,-91.3748,-86.4559,-97.4573,-86.4559
0,3.14159,3.14159,3.14159,3.14159,3.14159,3.14159
90,90,90,90,142.517,90,37.4827
181.245,257.11,359.497,180.666,181.245,103.016,181.245
90,90,90,90,142.517,90,37.4827
1.24536,282.89,0.502582,179.334,1.24536,76.9844,1.24536
7
7.67391e-09,3.42036e-08,1.90029e-08,1.43372e-08,1.26051e-08,3.42036e-08,1.26051e-08
-75.2476,-98.0687,-93.9236,-91.3765,-86.4582,-97.4987,-86.4582
0,3.14159,3.14159,3.14159,3.14159,3.14159,3.14159
90,90,90,90,142.498,90,37.5023
182.49,257.047,358.995,181.332,182.49,102.953,182.49
90,90,90,90,142.498,90,37.5023
2.48955,282.953,1.00509,178.668,2.48955,77.0472,2.48955
7
7.66848e-09,3.43661e-08,1.90007e-08,1.43343e-08,1.26018e-08,3.40412e-08,1.26018e-08
-75.2414,-98.1098,-93.9226,-91.3748,-86.4559,-97.4573,-86.4559
0,3.14159,3.14159,3.14159,3.14159,3.14159,3.14159
90,90,90,90,142.517,90,37.4827
178.755,257.11,0.502582,179.334,178.755,103.016,178.755
90,90,90,90,142.517,90,37.4827
358.755,282.89,359.497,180.666,358.755,76.9844,358.755
7
7.66667e-09,3.42036e-08,1.9e-08,1.43333e-08,1.26007e-08,3.42036e-08,1.26007e-08
-75.2394,-98.0687,-93.9223,-91.3742,-86.4551,-97.4987,-86.4551
0,3.14159,3.14159,3.14159,3.14159,3.14159,3.14159
90,90,90,90,142.524,90,37.4762
180,257.047,0,180,180,102.953,180
90,90,90,90,142.524,90,37.4762
0,282.953,0,180,0,77.0472,0
7
7.66848e-09,3.40412e-08,1.90007e-08,1.43343e-08,1.26018e-08,3.43661e-08,1.26018e-08
-75.2414,-98.0273,-93.9226,-91.3748,-86.4559,-97.5398,-86.4559
0,3.14159,3.14159,3.14159,3.14159,3.14159,3.14159
90,90,90,90,142.517,90,37.4827
181.245,256.984,359.497,180.666,181.245,102.89,181.245
90,90,90,90,142.517,90,37.4827
1.24536,283.016,0.502582,179.334,1.24536,77.1095,1.24536
7
7.67391e-09,3.42036e-08,1.90029e-08,1.43372e-08,1.26051e-08,3.42036e-08,1.26051e-08
-75.2476,-98.0687,-93.9236,-91.3765,-86.4582,-97.4987,-86.4582
0,3.14159,3.14159,3.14159,3.14159,3.14159,3.14159
90,90,90,90,142.498,90,37.5023
177.51,257.047,1.00509,178.668,177.51,102.953,177.51
90,90,90,90,142.498,90,37.5023
357.51,282.953,358.995,181.332,357.51,77.0472,357.51
7
7.66848e-09,3.40412e-08,1.90007e-08,1.43343e-08,1.26018e-08,3.43661e-08,1.26018e-08
-75.2414,-98.0273,-93.9226,-91.3748,-86.4559,-97.5398,-86.4559
0,3.14159,3.14159,3.14159,3.14159,3.14159,3.14159
90,90,90,90,142.517,90,37.4827
178.755,256.984,0.502582,179.334,178.755,102.89,178.755
90,90,90,90,142.517,90,37.4827
358.755,283.016,359.497,180.666,358.755,77.1095,358.755
7
7.66667e-09,3.38789e-08,1.9e-08,1.43333e-08,1.26007e-08,3.45286e-08,1.26007e-08
-75.2394,-97.9858,-93.9223,-91.3742,-86.4551,-97.5808,-86.4551
0,3.14159,3.14159,3.14159,3.14159,3.14159,3.14159
90,90,90,90,142.524,90,37.4762
180,256.921,0,180,180,102.829,180
90,90,90,90,142.524,90,37.4762
0,283.079,0,180,0,77.1712,0
7
7.33333e-09,3.44561e-08,1.93333e-08,1.4e-08,1.24007e-08,3.3805e-08,1.24007e-08
-74.8533,-98.1325,-94.0734,-91.1698,-86.3162,-97.3968,-86.3162
0,3.14159,3.14159,3.14159,3.14159,3.14159,3.14159
90,90,90,90,143.746,90,36.2538
180,257.712,0,180,180,102.529,180
90,90,90,90,143.746,90,36.2538
0,282.288,0,180,0,77.4712,0
7
7.33523e-09,3.42933e-08,1.93341e-08,1.4001e-08,1.24018e-08,3.39677e-08,1.24018e-08
-74.8555,-98.0914,-94.0737,-91.1704,-86.3169,-97.4385,-86.3169
0,3.14159,3.14159,3.14159,3.14159,3.14159,3.14159
90,90,90,90,143.739,90,36.2609
181.302,257.652,359.506,180.682,181.302,102.468,181.302
90,90,90,90,143.739,90,36.2609
1.30195,282.348,0.493917,179.318,1.30195,77.5322,1.30195
7
7.34091e-09,3.41305e-08,1.93362e-08,1.4004e-08,1.24052e-08,3.41305e-08,1.24052e-08
-74.8622,-98.0501,-94.0746,-91.1722,-86.3193,-97.4801,-86.3193
0,3.14159,3.14159,3.14159,3.14159,3.14159,3.14159
90,90,90,90,143.718,90,36.282
182.603,257.593,359.012,181.364,182.603,102.407,182.603
90,90,90,90,143.718,90,36.282
2.60256,282.407,0.98776,178.636,2.60256,77.5926,2.60256
7
7.33523e-09,3.42933e-08,1.93341e-08,1.4001e-08,1.24018e-08,3.39677e-08,1.24018e-08
-74.8555,-98.0914,-94.0737,-91.1704,-86.3169,-97.4385,-86.3169
0,3.14159,3.14159,3.14159,3.14159,3.14159,3.14159
90,90,90,90,143.739,90,36.2609
178.698,257.652,0.493917,179.318,178.698,102.468,178.698
90,90,90,90,143.739,90,36.2609
358.698,282.348,359.506,180.682,358.698,77.5322,358.698
7
7.33333e-09,3.41305e-08,1.93333e-08,1.4e-08,1.24007e-08,3.41305e-08,1.24007e-08
-74.8533,-98.0501,-94.0734,-91.1698,-86.3162,-97.4801,-86.3162
0,3.14159,3.14159,3.14159,3.14159,3.14159,3.14159
90,90,90,90,143.746,90,36.2538
180,257.593,0,180,180,102.407,180
90,90,90,90,143.746,90,36.2538
0,282.407,0,180,0,77.5926,0
7
7.33523e-09,3.39677e-08,1.93341e-08,1.4001e-08,1.24018e-08,3.42933e-08,1.24018e-08
-74.8555,-98.0085,-94.0737,-91.1704,-86.3169,-97.5214,-86.3169
0,3.14159,3.14159,3.14159,3.14159,3.14159,3.14159
90,90,90,90,143.739,90,36.2609
181.302,257.532,359.506,180.682,181.302,102.348,181.302
90,90,90,90,143.739,90,36.2609
1.30195,282.468,0.493917,179.318,1.30195,77.6524,1.30195
7
7.34091e-09,3.41305e-08,1.93362e-08,1.4004e-08,1.24052e-08,3.41305e-08,1.24052e-08
-74.8622,-98.0501,-94.0746,-91.1722,-86.3193,-97.4801,-86.3193
0,3.14159,3.14159,3.14159,3.14159,3.14159,3.14159
90,90,90,90,143.718,90,36.282
177.397,257.593,0.98776,178.636,177.397,102.407,177.397
90,90,90,90,143.718,90,36.282
357.397,282.407,359.012,181.364,357.397,77.5926,357.397
7
7.33523e-09,3.39677e-08,1.93341e-08,1.4001e-08,1.24018e-08,3.42933e-08,1.24018e-08
-74.8555,-98.0085,-94.0737,-91.1704,-86.3169,-97.5214,-86.3169
0,3.14159,3.14159,3.14159,3.14159,3.14159,3.14159
90,90,90,90,143.739,90,36.2609
178.698,257.532,0.493917,179.318,178.698,102.348,178.698
90,90,90,90,143.739,90,36.2609
358.698,282.468,359.506,180.682,358.698,77.6524,358.698
7
7.33333e-09,3.3805e-08,1.93333e-08,1.4e-08,1.24007e-08,3.44561e-08,1.24007e-08
-74.8533,-97.9668,-94.0734,-91.1698,-86.3162,-97.5625,-86.3162
0,3.14159,3.14159,3.14159,3.14159,3.14159,3.14159
90,90,90,90,143.746,90,36.2538
180,257.471,0,180,180,102.288,180
90,90,90,90,143.746,90,36.2538
0,282.529,0,180,0,77.7117,0
7
7e-09,3.43867e-08,1.96667e-08,1.36667e-08,1.22066e-08,3.37343e-08,1.22066e-08
-74.4492,-98.115,-94.2218,-90.9605,-86.1791,-97.3786,-86.1791
0,3.14159,3.14159,3.14159,3.14159,3.14159,3.14159
90,90,90,90,145.008,90,34.992
180,258.254,0,180,180,101.976,180
90,90,90,90,145.008,90,34.992
0,281.746,0,180,0,78.0239,0
7
7.00198e-09,3.42235e-08,1.96674e-08,1.36677e-08,1.22077e-08,3.38973e-08,1.22077e-08
-74.4516,-98.0737,-94.2221,-90.9611,-86.1799,-97.4205,-86.1799
0,3.14159,3.14159,3.14159,3.14159,3.14159,3.14159
90,90,90,90,145,90,34.9996
181.364,258.198,359.514,180.699,181.364,101.918,181.364
90,90,90,90,145,90,34.9996
1.36393,281.802,0.485546,179.301,1.36393,78.0823,1.36393
7
7.00793e-09,3.40604e-08,1.96695e-08,1.36707e-08,1.22111e-08,3.40604e-08,1.22111e-08
-74.459,-98.0322,-94.2231,-90.9631,-86.1823,-97.4622,-86.1823
0,3.14159,3.14159,3.14159,3.14159,3.14159,3.14159
90,90,90,90,144.977,90,35.0225
182.726,258.14,359.029,181.397,182.726,101.86,182.726
90,90,90,90,144.977,90,35.0225
2.72631,281.86,0.971022,178.603,2.72631,78.1402,2.72631
7
7.00198e-09,3.42235e-08,1.96674e-08,1.36677e-08,1.22077e-08,3.38973e-08,1.22077e-08
-74.4516,-98.0737,-94.2221,-90.9611,-86.1799,-97.4205,-86.1799
0,3.14159,3.14159,3.14159,3.14159,3.14159,3.14159
90,90,90,90,145,90,34.9996
178.636,258.198,0.485546,179.301,178.636,101.918,178.636
90,90,90,90,145,90,34.9996
358.636,281.802,359.514,180.699,358.636,78.0823,358.636
7
7e-09,3.40604e-08,1.96667e-08,1.36667e-08,1.22066e-08,3.40604e-08,1.22066e-08
-74.4492,-98.0322,-94.2218,-90.9605,-86.1791,-97.4622,-86.1791
0,3.14159,3.14159,3.14159,3.14159,3.14159,3.14159
90,90,90,90,145.008,90,34.992
180,258.14,0,180,180,101.86,180
90,90,90,90,145.008,90,34.992
0,281.86,0,180,0,78.1402,0
7
7.00198e-09,3.38973e-08,1.96674e-08,1.36677e-08,1.22077e-08,3.42235e-08,1.22077e-08
-74.4516,-97.9905,-94.2221,-90.9611,-86.1799,-97.5037,-86.1799
0,3.14159,3.14159,3.14159,3.14159,3.14159,3.14159
90,90,90,90,145,90,34.9996
181.364,258.082,359.514,180.699,181.364,101.802,181.364
90,90,90,90,145,90,34.9996
1.36393,281.918,0.485546,179.301,1.36393,78.1976,1.36393
7
7.00793e-09,3.40604e-08,1.96695e-08,1.36707e-08,1.22111e-08,3.40604e-08,1.22111e-08
-74.459,-98.0322,-94.2231,-90.9631,-86.1823,-97.4622,-86.1823
0,3.14159,3.14159,3.14159,3.14159,3.14159,3.14159
90,90,90,90,144.977,90,35.0225
177.274,258.14,0.971022,178.603,177.274,101.86,177.274
90,90,90,90,144.977,90,35.0225
357.274,281.86,359.029,181.397,357.274,78.1402,357.274
7
7.00198e-09,3.38973e-08,1.96674e-08,1.36677e-08,1.22077e-08,3.42235e-08,1.22077e-08
-74.4516,-97.9905,-94.2221,-90.9611,-86.1799,-97.5037,-86.1799
0,3.14159,3.14159,3.14159,3.14159,3.14159,3.14159
90,90,90,90,145,90,34.9996
178.636,258.082,0.485546,179.301,178.636,101.802,178.636
90,90,90,90,145,90,34.9996
358.636,281.918,359.514,180.699,358.636,78.1976,358.636
7
7e-09,3.37343e-08,1.96667e-08,1.36667e-08,1.22066e-08,3.43867e-08,1.22066e-08
-74.4492,-97.9486,-94.2218,-90.9605,-86.1791,-97.545,-86.1791
0,3.14159,3.14159,3.14159,3.14159,3.14159,3.14159
90,90,90,90,145.008,90,34.992
180,258.024,0,180,180,101.746,180
90,90,90,90,145.008,90,34.992
0,281.976,0,180,0,78.2544,0
7
6.66667e-09,3.43204e-08,2e-08,1.33333e-08,1.20185e-08,3.36667e-08,1.20185e-08
-74.0254,-98.0983,-94.3678,-90.746,-86.0442,-97.3612,-86.0442
0,3.14159,3.14159,3.14159,3.14159,3.14159,3.14159
90,90,90,90,146.31,90,33.6901
180,258.799,0,180,180,101.421,180
90,90,90,90,146.31,90,33.6901
0,281.201,0,180,0,78.5788,0
7
6.66875e-09,3.41569e-08,2.00007e-08,1.33344e-08,1.20197e-08,3.383e-08,1.20197e-08
-74.0281,-98.0568,-94.3681,-90.7467,-86.0451,-97.4033,-86.0451
0,3.14159,3.14159,3.14159,3.14159,3.14159,3.14159
90,90,90,90,146.302,90,33.6983
181.432,258.745,359.523,180.716,181.432,101.365,181.432
90,90,90,90,146.302,90,33.6983
1.4321,281.255,0.477454,179.284,1.4321,78.6347,1.4321
7
6.67499e-09,3.39935e-08,2.00028e-08,1.33375e-08,1.20231e-08,3.39935e-08,1.20231e-08
-74.0362,-98.0151,-94.369,-90.7487,-86.0476,-97.4451,-86.0476
0,3.14159,3.14159,3.14159,3.14159,3.14159,3.14159
90,90,90,90,146.277,90,33.7231
182.862,258.69,359.045,181.432,182.862,101.31,182.862
90,90,90,90,146.277,90,33.7231
2.86241,281.31,0.954841,178.568,2.86241,78.6901,2.86241
7
6.66875e-09,3.41569e-08,2.00007e-08,1.33344e-08,1.20197e-08,3.383e-08,1.20197e-08
-74.0281,-98.0568,-94.3681,-90.7467,-86.0451,-97.4033,-86.0451
0,3.14159,3.14159,3.14159,3.14159,3.14159,3.14159
90,90,90,90,146.302,90,33.6983
178.568,258.745,0.477454,179.284,178.568,101.365,178.568
90,90,90,90,146.302,90,33.6983
358.568,281.255,359.523,180.716,358.568,78.6347,358.568
7
6.66667e-09,3.39935e-08,2e-08,1.33333e-08,1.20185e-08,3.39935e-08,1.20185e-08
-74.0254,-98.0151,-94.3678,-90.746,-86.0442,-97.4451,-86.0442
0,3.14159,3.14159,3.14159,3.14159,3.14159,3.14159
90,90,90,90,146.31,90,33.6901
180,258.69,0,180,180,101.31,180
90,90,90,90,146.31,90,33.6901
0,281.31,0,180,0,78.6901,0
7
6.66875e-09,3.383e-08,2.00007e-08,1.33344e-08,1.20197e-08,3.41569e-08,1.20197e-08
-74.0281,-97.9733,-94.3681,-90.7467,-86.0451,-97.4868,-86.0451
0,3.14159,3.14159,3.14159,3.14159,3.14159,3.14159
90,90,90,90,146.302,90,33.6983
181.432,258.635,359.523,180.716,181.432,101.255,181.432
90,90,90,90,146.302,90,33.6983
1.4321,281.365,0.477454,179.284,1.4321,78.7449,1.4321
7
6.67499e-09,3.39935e-08,2.00028e-08,1.33375e-08,1.20231e-08,3.39935e-08,1.20231e-08
-74.0362,-98.0151,-94.369,-90.7487,-86.0476,-97.4451,-86.0476
0,3.14159,3.14159,3.14159,3.14159,3.14159,3.14159
90,90,90,90,146.277,90,33.7231
177.138,258.69,0.954841,178.568,177.138,101.31,177.138
90,90,90,90,146.277,90,33.7231
357.138,281.31,359.045,181.432,357.138,78.6901,357.138
7
6.66875e-09,3.383e-08,2.00007e-08,1.33344e-08,1.20197e-08,3.41569e-08,1.20197e-08
-74.0281,-97.9733,-94.3681,-90.7467,-86.0451,-97.4868,-86.0451
0,3.14159,3.14159,3.14159,3.14159,3.14159,3.14159
90,90,90,90,146.302,90,33.6983
178.568,258.635,0.477454,179.284,178.568,101.255,178.568
90,90,90,90,146.302,90,33.6983
358.568,281.365,359.523,180.716,358.568,78.7449,358.568
7
6.66667e-09,3.36667e-08,2e-08,1.33333e-08,1.20185e-08,3.43204e-08,1.20185e-08
-74.0254,-97.9312,-94.3678,-90.746,-86.0442,-97.5283,-86.0442
0,3.14159,3.14159,3.14159,3.14159,3.14159,3.14159
90,90,90,90,146.31,90,33.6901
180,258.579,0,180,180,101.201,180
90,90,90,90,146.31,90,33.6901
0,281.421,0,180,0,78.7992,0
7
6.33333e-09,3.42572e-08,2.03333e-08,1.3e-08,1.18369e-08,3.36022e-08,1.18369e-08
-73.5799,-98.0823,-94.5114,-90.5261,-85.9119,-97.3446,-85.9119
0,3.14159,3.14159,3.14159,3.14159,3.14159,3.14159
90,90,90,90,147.653,90,32.3474
180,259.346,0,180,180,100.864,180
90,90,90,90,147.653,90,32.3474
0,280.654,0,180,0,79.1359,0
7
6.33553e-09,3.40934e-08,2.0334e-08,1.30011e-08,1.1838e-08,3.37659e-08,1.1838e-08
-73.5829,-98.0406,-94.5117,-90.5268,-85.9128,-97.3868,-85.9128
0,3.14159,3.14159,3.14159,3.14159,3.14159,3.14159
90,90,90,90,147.644,90,32.3564
181.507,259.294,359.53,180.735,181.507,100.811,181.507
90,90,90,90,147.644,90,32.3564
1.50744,280.706,0.469627,179.265,1.50744,79.1892,1.50744
7
6.3421e-09,3.39297e-08,2.03361e-08,1.30043e-08,1.18415e-08,3.39297e-08,1.18415e-08
-73.5919,-97.9988,-94.5126,-90.5289,-85.9154,-97.4288,-85.9154
0,3.14159,3.14159,3.14159,3.14159,3.14159,3.14159
90,90,90,90,147.617,90,32.3833
183.013,259.242,359.061,181.469,183.013,100.758,183.013
90,90,90,90,147.617,90,32.3833
3.01279,280.758,0.939191,178.531,3.01279,79.242,3.01279
7
6.33553e-09,3.40934e-08,2.0334e-08,1.30011e-08,1.1838e-08,3.37659e-08,1.1838e-08
-73.5829,-98.0406,-94.5117,-90.5268,-85.9128,-97.3868,-85.9128
0,3.14159,3.14159,3.14159,3.14159,3.14159,3.14159
90,90,90,90,147.644,90,32.3564
178.493,259.294,0.469627,179.265,178.493,100.811,178.493
90,90,90,90,147.644,90,32.3564
358.493,280.706,359.53,180.735,358.493,79.1892,358.493
7
6.33333e-09,3.39297e-08,2.03333e-08,1.3e-08,1.18369e-08,3.39297e-08,1.18369e-08
-73.5799,-97.9988,-94.5114,-90.5261,-85.9119,-97.4288,-85.9119
0,3.14159,3.14159,3.14159,3.14159,3.14159,3.14159
90,90,90,90,147.653,90,32.3474
180,259.242,0,180,180,100.758,180
90,90,90,90,147.653,90,32.3474
0,280.758,0,180,0,79.242,0
7
6.33553e-09,3.37659e-08,2.0334e-08,1.30011e-08,1.1838e-08,3.40934e-08,1.1838e-08
-73.5829,-97.9568,-94.5117,-90.5268,-85.9128,-97.4706,-85.9128
0,3.14159,3.14159,3.14159,3.14159,3.14159,3.14159
90,90,90,90,147.644,90,32.3564
181.507,259.189,359.53,180.735,181.507,100.706,181.507
90,90,90,90,147.644,90,32.3564
1.50744,280.811,0.469627,179.265,1.50744,79.2943,1.50744
7
6.3421e-09,3.39297e-08,2.03361e-08,1.30043e-08,1.18415e-08,3.39297e-08,1.18415e-08
-73.5919,-97.9988,-94.5126,-90.5289,-85.9154,-97.4288,-85.9154
0,3.14159,3.14159,3.14159,3.14159,3.14159,3.14159
90,90,90,90,147.617,90,32.3833
176.987,259.242,0.939191,178.531,176.987,100.758,176.987
90,90,90,90,147.617,90,32.3833
356.987,280.758,359.061,181.469,356.987,79.242,356.987
7
6.33553e-09,3.37659e-08,2.0334e-08,1.30011e-08,1.1838e-08,3.40934e-08,1.1838e-08
-73.5829,-97.9568,-94.5117,-90.5268,-85.9128,-97.4706,-85.9128
0,3.14159,3.14159,3.14159,3.14159,3.14159,3.14159
90,90,90,90,147.644,90,32.3564
178.493,259.189,0.469627,179.265,178.493,100.706,178.493
90,90,90,90,147.644,90,32.3564
358.493,280.811,359.53,180.735,358.493,79.2943,358.493
7
6.33333e-09,3.36022e-08,2.03333e-08,1.3e-08,1.18369e-08,3.42572e-08,1.18369e-08
-73.5799,-97.9146,-94.5114,-90.5261,-85.9119,-97.5123,-85.9119
0,3.14159,3.14159,3.14159,3.14159,3.14159,3.14159
90,90,90,90,147.653,90,32.3474
180,259.136,0,180,180,100.654,180
90,90,90,90,147.653,90,32.3474
0,280.864,0,180,0,79.3461,0
7
6e-09,3.41971e-08,2.06667e-08,1.26667e-08,1.16619e-08,3.3541e-08,1.16619e-08
-73.1102,-98.067,-94.6526,-90.3005,-85.7826,-97.3287,-85.7826
0,3.14159,3.14159,3.14159,3.14159,3.14159,3.14159
90,90,90,90,149.036,90,30.9638
180,259.895,0,180,180,100.305,180
90,90,90,90,149.036,90,30.9638
0,280.105,0,180,0,79.6952,0
7
6.00231e-09,3.40331e-08,2.06673e-08,1.26678e-08,1.16631e-08,3.3705e-08,1.16631e-08
-73.1136,-98.0252,-94.6529,-90.3012,-85.7835,-97.3711,-85.7835
0,3.14159,3.14159,3.14159,3.14159,3.14159,3.14159
90,90,90,90,149.026,90,30.9735
181.591,259.846,359.538,180.754,181.591,100.254,181.591
90,90,90,90,149.026,90,30.9735
1.59114,280.154,0.462053,179.246,1.59114,79.7458,1.59114
7
6.00925e-09,3.3869e-08,2.06694e-08,1.26711e-08,1.16667e-08,3.3869e-08,1.16667e-08
-73.1236,-97.9833,-94.6538,-90.3035,-85.7862,-97.4133,-85.7862
0,3.14159,3.14159,3.14159,3.14159,3.14159,3.14159
90,90,90,90,148.997,90,31.0027
183.18,259.796,359.076,181.507,183.18,100.204,183.18
90,90,90,90,148.997,90,31.0027
3.17983,280.204,0.924045,178.493,3.17983,79.796,3.17983
7
6.00231e-09,3.40331e-08,2.06673e-08,1.26678e-08,1.16631e-08,3.3705e-08,1.16631e-08
-73.1136,-98.0252,-94.6529,-90.3012,-85.7835,-97.3711,-85.7835
0,3.14159,3.14159,3.14159,3.14159,3.14159,3.14159
90,90,90,90,149.026,90,30.9735
178.409,259.846,0.462053,179.246,178.409,100.254,178.409
90,90,90,90,149.026,90,30.9735
358.409,280.154,359.538,180.754,358.409,79.7458,358.409
7
6e-09,3.3869e-08,2.06667e-08,1.26667e-08,1.16619e-08,3.3869e-08,1.16619e-08
-73.1102,-97.9833,-94.6526,-90.3005,-85.7826,-97.4133,-85.7826
0,3.14159,3.14159,3.14159,3.14159,3.14159,3.14159
90,90,90,90,149.036,90,30.9638
180,259.796,0,180,180,100.204,180
90,90,90,90,149.036,90,30.9638
0,280.204,0,180,0,79.796,0
7
6.00231e-09,3.3705e-08,2.06673e-08,1.26678e-08,1.16631e-08,3.40331e-08,1.16631e-08
-73.1136,-97.9411,-94.6529,-90.3012,-85.7835,-97.4552,-85.7835
0,3.14159,3.14159,3.14159,3.14159,3.14159,3.14159
90,90,90,90,149.026,90,30.9735
181.591,259.746,359.538,180.754,181.591,100.154,181.591
90,90,90,90,149.026,90,30.9735
1.59114,280.254,0.462053,179.246,1.59114,79.8457,1.59114
7
6.00925e-09,3.3869e-08,2.06694e-08,1.26711e-08,1.16667e-08,3.3869e-08,1.16667e-08
-73.1236,-97.9833,-94.6538,-90.3035,-85.7862,-97.4133,-85.7862
0,3.14159,3.14159,3.14159,3.14159,3.14159,3.14159
90,90,90,90,148.997,90,31.0027
176.82,259.796,0.924045,178.493,176.82,100.204,176.82
90,90,90,90,148.997,90,31.0027
356.82,280.204,359.076,181.507,356.82,79.796,356.82
7
6.00231e-09,3.3705e-08,2.06673e-08,1.26678e-08,1.16631e-08,3.40331e-08,1.16631e-08
-73.1136,-97.9411,-94.6529,-90.3012,-85.7835,-97.4552,-85.7835
0,3.14159,3.14159,3.14159,3.14159,3.14159,3.14159
90,90,90,90,149.026,90,30.9735
178.409,259.746,0.462053,179.246,178.409,100.154,178.409
90,90,90,90,149.026,90,30.9735
358.409,280.254,359.538,180.754,358.409,79.8457,358.409
7
6e-09,3.3541e-08,2.06667e-08,1.26667e-08,1.16619e-08,3.41971e-08,1.16619e-08
-73.1102,-97.8987,-94.6526,-90.3005,-85.7826,-97.497,-85.7826
0,3.14159,3.14159,3.14159,3.14159,3.14159,3.14159
90,90,90,90,149.036,90,30.9638
180,259.695,0,180,180,100.105,180
90,90,90,90,149.036,90,30.9638
0,280.305,0,180,0,79.895,0
7
5.66667e-09,3.41402e-08,2.1e-08,1.23333e-08,1.1494e-08,3.3483e-08,1.1494e-08
-72.6138,-98.0526,-94.7916,-90.0688,-85.6566,-97.3137,-85.6566
0,3.14159,3.14159,3.14159,3.14159,3.14159,3.14159
90,90,90,90,150.461,90,29.5388
180,260.446,0,180,180,99.7436,180
90,90,90,90,150.461,90,29.5388
0,279.554,0,180,0,80.2564,0
7
5.66912e-09,3.39759e-08,2.10007e-08,1.23345e-08,1.14952e-08,3.36473e-08,1.14952e-08
-72.6175,-98.0106,-94.7919,-90.0696,-85.6575,-97.3562,-85.6575
0,3.14159,3.14159,3.14159,3.14159,3.14159,3.14159
90,90,90,90,150.451,90,29.5494
181.685,260.399,359.545,180.774,181.685,99.6956,181.685
90,90,90,90,150.451,90,29.5494
1.68468,279.601,0.454719,179.226,1.68468,80.3044,1.68468
7
5.67646e-09,3.38116e-08,2.10026e-08,1.23378e-08,1.14988e-08,3.38116e-08,1.14988e-08
-72.6288,-97.9685,-94.7927,-90.072,-85.6603,-97.3985,-85.6603
0,3.14159,3.14159,3.14159,3.14159,3.14159,3.14159
90,90,90,90,150.419,90,29.5812
183.366,260.352,359.091,181.548,183.366,99.648,183.366
90,90,90,90,150.419,90,29.5812
3.36646,279.648,0.90938,178.452,3.36646,80.352,3.36646
7
5.66912e-09,3.39759e-08,2.10007e-08,1.23345e-08,1.14952e-08,3.36473e-08,1.14952e-08
-72.6175,-98.0106,-94.7919,-90.0696,-85.6575,-97.3562,-85.6575
0,3.14159,3.14159,3.14159,3.14159,3.14159,3.14159
90,90,90,90,150.451,90,29.5494
178.315,260.399,0.454719,179.226,178.315,99.6956,178.315
90,90,90,90,150.451,90,29.5494
358.315,279.601,359.545,180.774,358.315,80.3044,358.315
7
5.66667e-09,3.38116e-08,2.1e-08,1.23333e-08,1.1494e-08,3.38116e-08,1.1494e-08
-72.6138,-97.9685,-94.7916,-90.0688,-85.6566,-97.3985,-85.6566
0,3.14159,3.14159,3.14159,3.14159,3.14159,3.14159
90,90,90,90,150.461,90,29.5388
180,260.352,0,180,180,99.648,180
90,90,90,90,150.461,90,29.5388
0,279.648,0,180,0,80.352,0
7
5.66912e-09,3.36473e-08,2.10007e-08,1.23345e-08,1.14952e-08,3.39759e-08,1.14952e-08
-72.6175,-97.9262,-94.7919,-90.0696,-85.6575,-97.4406,-85.6575
0,3.14159,3.14159,3.14159,3.14159,3.14159,3.14159
90,90,90,90,150.451,90,29.5494
181.685,260.304,359.545,180.774,181.685,99.6009,181.685
90,90,90,90,150.451,90,29.5494
1.68468,279.696,0.454719,179.226,1.68468,80.3991,1.68468
7
5.67646e-09,3.38116e-08,2.10026e-08,1.23378e-08,1.14988e-08,3.38116e-08,1.14988e-08
-72.6288,-97.9685,-94.7927,-90.072,-85.6603,-97.3985,-85.6603
0,3.14159,3.14159,3.14159,3.14159,3.14159,3.14159
90,90,90,90,150.419,90,29.5812
176.634,260.352,0.90938,178.452,176.634,99.648,176.634
90,90,90,90,150.419,90,29.5812
356.634,279.648,359.091,181.548,356.634,80.352,356.634
7
5.66912e-09,3.36473e-08,2.10007e-08,1.23345e-08,1.14952e-08,3.39759e-08,1.14952e-08
-72.6175,-97.9262,-94.7919,-90.0696,-85.6575,-97.4406,-85.6575
0,3.14159,3.14159,3.14159,3.14159,3.14159,3.14159
90,90,90,90,150.451,90,29.5494
178.315,260.304,0.454719,179.226,178.315,99.6009,178.315
90,90,90,90,150.451,90,29.5494
358.315,279.696,359.545,180.774,358.315,80.3991,358.315
7
5.66667e-09,3.3483e-08,2.1e-08,1.23333e-08,1.1494e-08,3.41402e-08,1.1494e-08
-72.6138,-97.8837,-94.7916,-90.0688,-85.6566,-97.4826,-85.6566
0,3.14159,3.14159,3.14159,3.14159,3.14159,3.14159
90,90,90,90,150.461,90,29.5388
180,260.256,0,180,180,99.5543,180
90,90,90,90,150.461,90,29.5388
0,279.744,0,180,0,80.4457,0
7
5.33333e-09,3.40865e-08,2.13333e-08,1.2e-08,1.13333e-08,3.34282e-08,1.13333e-08
-72.0872,-98.0389,-94.9284,-89.8308,-85.5344,-97.2995,-85.5344
0,3.14159,3.14159,3.14159,3.14159,3.14159,3.14159
90,90,90,90,151.928,90,28.0725
180,260.998,0,180,180,99.1805,180
90,90,90,90,151.928,90,28.0725
0,279.002,0,180,0,80.8195,0
7
5.33594e-09,3.39219e-08,2.1334e-08,1.20012e-08,1.13346e-08,3.35927e-08,1.13346e-08
-72.0914,-97.9968,-94.9287,-89.8317,-85.5353,-97.3421,-85.5353
0,3.14159,3.14159,3.14159,3.14159,3.14159,3.14159
90,90,90,90,151.916,90,28.0841
181.79,260.954,359.552,180.796,181.79,99.1352,181.79
90,90,90,90,151.916,90,28.0841
1.78991,279.046,0.447614,179.204,1.78991,80.8648,1.78991
7
5.34374e-09,3.37573e-08,2.13359e-08,1.20046e-08,1.13382e-08,3.37573e-08,1.13382e-08
-72.1041,-97.9546,-94.9295,-89.8342,-85.5381,-97.3846,-85.5381
0,3.14159,3.14159,3.14159,3.14159,3.14159,3.14159
90,90,90,90,151.881,90,28.1189
183.576,260.91,359.105,181.591,183.576,99.0903,183.576
90,90,90,90,151.881,90,28.1189
3.57633,279.09,0.895174,178.409,3.57633,80.9097,3.57633
7
5.33594e-09,3.39219e-08,2.1334e-08,1.20012e-08,1.13346e-08,3.35927e-08,1.13346e-08
-72.0914,-97.9968,-94.9287,-89.8317,-85.5353,-97.3421,-85.5353
0,3.14159,3.14159,3.14159,3.14159,3.14159,3.14159
90,90,90,90,151.916,90,28.0841
178.21,260.954,0.447614,179.204,178.21,99.1352,178.21
90,90,90,90,151.916,90,28.0841
358.21,279.046,359.552,180.796,358.21,80.8648,358.21
7
5.33333e-09,3.37573e-08,2.13333e-08,1.2e-08,1.13333e-08,3.37573e-08,1.13333e-08
-72.0872,-97.9546,-94.9284,-89.8308,-85.5344,-97.3846,-85.5344
0,3.14159,3.14159,3.14159,3.14159,3.14159,3.14159
90,90,90,90,151.928,90,28.0725
180,260.91,0,180,180,99.0903,180
90,90,90,90,151.928,90,28.0725
0,279.09,0,180,0,80.9097,0
7
5.33594e-09,3.35927e-08,2.1334e-08,1.20012e-08,1.13346e-08,3.39219e-08,1.13346e-08
-72.0914,-97.9121,-94.9287,-89.8317,-85.5353,-97.4268,-85.5353
0,3.14159,3.14159,3.14159,3.14159,3.14159,3.14159
90,90,90,90,151.916,90,28.0841
181.79,260.865,359.552,180.796,181.79,99.0458,181.79
90,90,90,90,151.916,90,28.0841
1.78991,279.135,0.447614,179.204,1.78991,80.9542,1.78991
7
5.34374e-09,3.37573e-08,2.13359e-08,1.20046e-08,1.13382e-08,3.37573e-08,1.13382e-08
-72.1041,-97.9546,-94.9295,-89.8342,-85.5381,-97.3846,-85.5381
0,3.14159,3.14159,3.14159,3.14159,3.14159,3.14159
90,90,90,90,151.881,90,28.1189
176.424,260.91,0.895174,178.409,176.424,99.0903,176.424
90,90,90,90,151.881,90,28.1189
356.424,279.09,359.105,181.591,356.424,80.9097,356.424
7
5.33594e-09,3.35927e-08,2.1334e-08,1.20012e-08,1.13346e-08,3.39219e-08,1.13346e-08
-72.0914,-97.9121,-94.9287,-89.8317,-85.5353,-97.4268,-85.5353
0,3.14159,3.14159,3.14159,3.14159,3.14159,3.14159
90,90,90,90,151.916,90,28.0841
178.21,260.865,0.447614,179.204,178.21,99.0458,178.21
90,90,90,90,151.916,90,28.0841
358.21,279.135,359.552,180.796,358.21,80.9542,358.21
7
5.33333e-09,3.34282e-08,2.13333e-08,1.2e-08,1.13333e-08,3.40865e-08,1.13333e-08
-72.0872,-97.8695,-94.9284,-89.8308,-85.5344,-97.4689,-85.5344
0,3.14159,3.14159,3.14159,3.14159,3.14159,3.14159
90,90,90,90,151.928,90,28.0725
180,260.819,0,180,180,99.0018,180
90,90,90,90,151.928,90,28.0725
0,279.181,0,180,0,80.9982,0
7
5e-09,3.40359e-08,2.16667e-08,1.16667e-08,1.11803e-08,3.33766e-08,1.11803e-08
-71.5266,-98.026,-95.0631,-89.5862,-85.4163,-97.2861,-85.4163
0,3.14159,3.14159,3.14159,3.14159,3.14159,3.14159
90,90,90,90,153.435,90,26.5651
180,261.552,0,180,180,98.6156,180
90,90,90,90,153.435,90,26.5651
0,278.448,0,180,0,81.3844,0
7
5.00278e-09,3.38711e-08,2.16673e-08,1.16679e-08,1.11816e-08,3.35414e-08,1.11816e-08
-71.5314,-97.9838,-95.0633,-89.587,-85.4173,-97.3289,-85.4173
0,3.14159,3.14159,3.14159,3.14159,3.14159,3.14159
90,90,90,90,153.422,90,26.5778
181.909,261.511,359.559,180.818,181.909,98.573,181.909
90,90,90,90,153.422,90,26.5778
1.90915,278.489,0.440728,179.182,1.90915,81.427,1.90915
7
5.0111e-09,3.37062e-08,2.16692e-08,1.16714e-08,1.11853e-08,3.37062e-08,1.11853e-08
-71.5459,-97.9414,-95.0641,-89.5897,-85.4202,-97.3714,-85.4202
0,3.14159,3.14159,3.14159,3.14159,3.14159,3.14159
90,90,90,90,153.384,90,26.6159
183.814,261.469,359.119,181.637,183.814,98.5308,183.814
90,90,90,90,153.384,90,26.6159
3.81407,278.531,0.881404,178.363,3.81407,81.4692,3.81407
7
5.00278e-09,3.38711e-08,2.16673e-08,1.16679e-08,1.11816e-08,3.35414e-08,1.11816e-08
-71.5314,-97.9838,-95.0633,-89.587,-85.4173,-97.3289,-85.4173
0,3.14159,3.14159,3.14159,3.14159,3.14159,3.14159
90,90,90,90,153.422,90,26.5778
178.091,261.511,0.440728,179.182,178.091,98.573,178.091
90,90,90,90,153.422,90,26.5778
358.091,278.489,359.559,180.818,358.091,81.427,358.091
7
5e-09,3.37062e-08,2.16667e-08,1.16667e-08,1.11803e-08,3.37062e-08,1.11803e-08
-71.5266,-97.9414,-95.0631,-89.5862,-85.4163,-97.3714,-85.4163
0,3.14159,3.14159,3.14159,3.14159,3.14159,3.14159
90,90,90,90,153.435,90,26.5651
180,261.469,0,180,180,98.5308,180
90,90,90,90,153.435,90,26.5651
0,278.531,0,180,0,81.4692,0
7
5.00278e-09,3.35414e-08,2.16673e-08,1.16679e-08,1.11816e-08,3.38711e-08,1.11816e-08
-71.5314,-97.8989,-95.0633,-89.587,-85.4173,-97.4138,-85.4173
0,3.14159,3.14159,3.14159,3.14159,3.14159,3.14159
90,90,90,90,153.422,90,26.5778
181.909,261.427,359.559,180.818,181.909,98.4889,181.909
90,90,90,90,153.422,90,26.5778
1.90915,278.573,0.440728,179.182,1.90915,81.5111,1.90915
7
5.0111e-09,3.37062e-08,2.16692e-08,1.16714e-08,1.11853e-08,3.37062e-08,1.11853e-08
-71.5459,-97.9414,-95.0641,-89.5897,-85.4202,-97.3714,-85.4202
0,3.14159,3.14159,3.14159,3.14159,3.14159,3.14159
90,90,90,90,153.384,90,26.6159
176.186,261.469,0.881404,178.363,176.186,98.5308,176.186
90,90,90,90,153.384,90,26.6159
356.186,278.531,359.119,181.637,356.186,81.4692,356.186
7
5.00278e-09,3.35414e-08,2.16673e-08,1.16679e-08,1.11816e-08,3.38711e-08,1.11816e-08
-71.5314,-97.8989,-95.0633,-89.587,-85.4173,-97.4138,-85.4173
0,3.14159,3.14159,3.14159,3.14159,3.14159,3.14159
90,90,90,90,153.422,90,26.5778
178.091,261.427,0.440728,179.182,178.091,98.4889,178.091
90,90,90,90,153.422,90,26.5778
358.091,278.573,359.559,180.818,358.091,81.5111,358.091
7
5e-09,3.33766e-08,2.16667e-08,1.16667e-08,1.11803e-08,3.40359e-08,1.11803e-08
-71.5266,-97.8561,-95.0631,-89.5862,-85.4163,-97.456,-85.4163
0,3.14159,3.14159,3.14159,3.14159,3.14159,3.14159
90,90,90,90,153.435,90,26.5651
180,261.384,0,180,180,98.4475,180
90,90,90,90,153.435,90,26.5651
0,278.616,0,180,0,81.5525,0
7
4.66667e-09,3.39886e-08,2.2e-08,1.13333e-08,1.10353e-08,3.33283e-08,1.10353e-08
-70.9274,-98.0139,-95.1957,-89.3344,-85.3029,-97.2735,-85.3029
0,3.14159,3.14159,3.14159,3.14159,3.14159,3.14159
90,90,90,90,154.983,90,25.0169
180,262.108,0,180,180,98.0491,180
90,90,90,90,154.983,90,25.0169
0,277.892,0,180,0,81.9509,0
7
4.66964e-09,3.38235e-08,2.20006e-08,1.13346e-08,1.10366e-08,3.34934e-08,1.10366e-08
-70.9329,-97.9716,-95.1959,-89.3353,-85.3039,-97.3164,-85.3039
0,3.14159,3.14159,3.14159,3.14159,3.14159,3.14159
90,90,90,90,154.969,90,25.0309
182.045,262.07,359.566,180.843,182.045,98.0091,182.045
90,90,90,90,154.969,90,25.0309
2.04541,277.93,0.434051,179.157,2.04541,81.9909,2.04541
7
4.67856e-09,3.36584e-08,2.20025e-08,1.13382e-08,1.10403e-08,3.36584e-08,1.10403e-08
-70.9495,-97.9291,-95.1967,-89.3381,-85.3069,-97.3591,-85.3069
0,3.14159,3.14159,3.14159,3.14159,3.14159,3.14159
90,90,90,90,154.927,90,25.0728
184.086,262.03,359.132,181.685,184.086,97.9696,184.086
90,90,90,90,154.927,90,25.0728
4.08562,277.97,0.868051,178.315,4.08562,82.0304,4.08562
7
4.66964e-09,3.38235e-08,2.20006e-08,1.13346e-08,1.10366e-08,3.34934e-08,1.10366e-08
-70.9329,-97.9716,-95.1959,-89.3353,-85.3039,-97.3164,-85.3039
0,3.14159,3.14159,3.14159,3.14159,3.14159,3.14159
90,90,90,90,154.969,90,25.0309
177.955,262.07,0.434051,179.157,177.955,98.0091,177.955
90,90,90,90,154.969,90,25.0309
357.955,277.93,359.566,180.843,357.955,81.9909,357.955
7
4.66667e-09,3.36584e-08,2.2e-08,1.13333e-08,1.10353e-08,3.36584e-08,1.10353e-08
-70.9274,-97.9291,-95.1957,-89.3344,-85.3029,-97.3591,-85.3029
0,3.14159,3.14159,3.14159,3.14159,3.14159,3.14159
90,90,90,90,154.983,90,25.0169
180,262.03,0,180,180,97.9696,180
90,90,90,90,154.983,90,25.0169
0,277.97,0,180,0,82.0304,0
7
4.66964e-09,3.34934e-08,2.20006e-08,1.13346e-08,1.10366e-08,3.38235e-08,1.10366e-08
-70.9329,-97.8864,-95.1959,-89.3353,-85.3039,-97.4016,-85.3039
0,3.14159,3.14159,3.14159,3.14159,3.14159,3.14159
90,90,90,90,154.969,90,25.0309
182.045,261.991,359.566,180.843,182.045,97.9305,182.045
90,90,90,90,154.969,90,25.0309
2.04541,278.009,0.434051,179.157,2.04541,82.0695,2.04541
7
4.67856e-09,3.36584e-08,2.20025e-08,1.13382e-08,1.10403e-08,3.36584e-08,1.10403e-08
-70.9495,-97.9291,-95.1967,-89.3381,-85.3069,-97.3591,-85.3069
0,3.14159,3.14159,3.14159,3.14159,3.14159,3.14159
90,90,90,90,154.927,90,25.0728
175.914,262.03,0.868051,178.315,175.914,97.9696,175.914
90,90,90,90,154.927,90,25.0728
355.914,277.97,359.132,181.685,355.914,82.0304,355.914
7
4.66964e-09,3.34934e-08,2.20006e-08,1.13346e-08,1.10366e-08,3.38235e-08,1.10366e-08
-70.9329,-97.8864,-95.1959,-89.3353,-85.3039,-97.4016,-85.3039
0,3.14159,3.14159,3.14159,3.14159,3.14159,3.14159
90,90,90,90,154.969,90,25.0309
177.955,261.991,0.434051,179.157,177.955,97.9305,177.955
90,90,90,90,154.969,90,25.0309
357.955,278.009,359.566,180.843,357.955,82.0695,357.955
7
4.66667e-09,3.33283e-08,2.2e-08,1.13333e-08,1.10353e-08,3.39886e-08,1.10353e-08
-70.9274,-97.8435,-95.1957,-89.3344,-85.3029,-97.4439,-85.3029
0,3.14159,3.14159,3.14159,3.14159,3.14159,3.14159
90,90,90,90,154.983,90,25.0169
180,261.951,0,180,180,97.8917,180
90,90,90,90,154.983,90,25.0169
0,278.049,0,180,0,82.1083,0
7
4.33333e-09,3.39444e-08,2.23333e-08,1.1e-08,1.08985e-08,3.32833e-08,1.08985e-08
-70.2837,-98.0026,-95.3263,-89.0751,-85.1946,-97.2617,-85.1946
0,3.14159,3.14159,3.14159,3.14159,3.14159,3.14159
90,90,90,90,156.571,90,23.4287
180,262.666,0,180,180,97.4809,180
90,90,90,90,156.571,90,23.4287
0,277.334,0,180,0,82.5191,0
7
4.33654e-09,3.37791e-08,2.2334e-08,1.10013e-08,1.08998e-08,3.34486e-08,1.08998e-08
-70.2901,-97.9602,-95.3265,-89.0761,-85.1956,-97.3048,-85.1956
0,3.14159,3.14159,3.14159,3.14159,3.14159,3.14159
90,90,90,90,156.556,90,23.4441
182.203,262.63,359.572,180.868,182.203,97.4437,182.203
90,90,90,90,156.556,90,23.4441
2.2026,277.37,0.427573,179.132,2.2026,82.5563,2.2026
7
4.34613e-09,3.36138e-08,2.23358e-08,1.1005e-08,1.09036e-08,3.36138e-08,1.09036e-08
-70.3093,-97.9176,-95.3273,-89.0791,-85.1986,-97.3476,-85.1986
0,3.14159,3.14159,3.14159,3.14159,3.14159,3.14159
90,90,90,90,156.51,90,23.4904
184.399,262.593,359.145,181.736,184.399,97.4069,184.399
90,90,90,90,156.51,90,23.4904
4.39871,277.407,0.855097,178.264,4.39871,82.5931,4.39871
7
4.33654e-09,3.37791e-08,2.2334e-08,1.10013e-08,1.08998e-08,3.34486e-08,1.08998e-08
-70.2901,-97.9602,-95.3265,-89.0761,-85.1956,-97.3048,-85.1956
0,3.14159,3.14159,3.14159,3.14159,3.14159,3.14159
90,90,90,90,156.556,90,23.4441
177.797,262.63,0.427573,179.132,177.797,97.4437,177.797
90,90,90,90,156.556,90,23.4441
357.797,277.37,359.572,180.868,357.797,82.5563,357.797
7
4.33333e-09,3.36138e-08,2.23333e-08,1.1e-08,1.08985e-08,3.36138e-08,1.08985e-08
-70.2837,-97.9176,-95.3263,-89.0751,-85.1946,-97.3476,-85.1946
0,3.14159,3.14159,3.14159,3.14159,3.14159,3.14159
90,90,90,90,156.571,90,23.4287
180,262.593,0,180,180,97.4069,180
90,90,90,90,156.571,90,23.4287
0,277.407,0,180,0,82.5931,0
7
4.33654e-09,3.34486e-08,2.2334e-08,1.10013e-08,1.08998e-08,3.37791e-08,1.08998e-08
-70.2901,-97.8748,-95.3265,-89.0761,-85.1956,-97.3902,-85.1956
0,3.14159,3.14159,3.14159,3.14159,3.14159,3.14159
90,90,90,90,156.556,90,23.4441
182.203,262.556,359.572,180.868,182.203,97.3705,182.203
90,90,90,90,156.556,90,23.4441
2.2026,277.444,0.427573,179.132,2.2026,82.6295,2.2026
7
4.34613e-09,3.36138e-08,2.23358e-08,1.1005e-08,1.09036e-08,3.36138e-08,1.09036e-08
-70.3093,-97.9176,-95.3273,-89.0791,-85.1986,-97.3476,-85.1986
0,3.14159,3.14159,3.14159,3.14159,3.14159,3.14159
90,90,90,90,156.51,90,23.4904
175.601,262.593,0.855097,178.264,175.601,97.4069,175.601
90,90,90,90,156.51,90,23.4904
355.601,277.407,359.145,181.736,355.601,82.5931,355.601
7
4.33654e-09,3.34486e-08,2.2334e-08,1.10013e-08,1.08998e-08,3.37791e-08,1.08998e-08
-70.2901,-97.8748,-95.3265,-89.0761,-85.1956,-97.3902,-85.1956
0,3.14159,3.14159,3.14159,3.14159,3.14159,3.14159
90,90,90,90,156.556,90,23.4441
177.797,262.556,0.427573,179.132,177.797,97.3705,177.797
90,90,90,90,156.556,90,23.4441
357.797,277.444,359.572,180.868,357.797,82.6295,357.797
7
4.33333e-09,3.32833e-08,2.23333e-08,1.1e-08,1.08985e-08,3.39444e-08,1.08985e-08
-70.2837,-97.8317,-95.3263,-89.0751,-85.1946,-97.4326,-85.1946
0,3.14159,3.14159,3.14159,3.14159,3.14159,3.14159
90,90,90,90,156.571,90,23.4287
180,262.519,0,180,180,97.3344,180
90,90,90,90,156.571,90,23.4287
0,277.481,0,180,0,82.6656,0
7
4e-09,3.39035e-08,2.26667e-08,1.06667e-08,1.07703e-08,3.32415e-08,1.07703e-08
-69.5884,-97.9921,-95.455,-88.8078,-85.0918,-97.2508,-85.0918
0,3.14159,3.14159,3.14159,3.14159,3.14159,3.14159
90,90,90,90,158.199,90,21.8014
180,263.224,0,180,180,96.9112,180
90,90,90,90,158.199,90,21.8014
0,276.776,0,180,0,83.0888,0
7
4.00347e-09,3.3738e-08,2.26673e-08,1.0668e-08,1.07716e-08,3.3407e-08,1.07716e-08
-69.596,-97.9496,-95.4552,-88.8089,-85.0928,-97.294,-85.0928
0,3.14159,3.14159,3.14159,3.14159,3.14159,3.14159
90,90,90,90,158.181,90,21.8186
182.386,263.191,359.579,180.895,182.386,96.8768,182.386
90,90,90,90,158.181,90,21.8186
2.38594,276.809,0.421285,179.105,2.38594,83.1232,2.38594
7
4.01386e-09,3.35725e-08,2.26691e-08,1.06719e-08,1.07755e-08,3.35725e-08,1.07755e-08
-69.6185,-97.9069,-95.4559,-88.812,-85.096,-97.3369,-85.096
0,3.14159,3.14159,3.14159,3.14159,3.14159,3.14159
90,90,90,90,158.13,90,21.8699
184.764,263.157,359.157,181.79,184.764,96.8428,184.764
90,90,90,90,158.13,90,21.8699
4.76364,276.843,0.842524,178.21,4.76364,83.1572,4.76364
7
4.00347e-09,3.3738e-08,2.26673e-08,1.0668e-08,1.07716e-08,3.3407e-08,1.07716e-08
-69.596,-97.9496,-95.4552,-88.8089,-85.0928,-97.294,-85.0928
0,3.14159,3.14159,3.14159,3.14159,3.14159,3.14159
90,90,90,90,158.181,90,21.8186
177.614,263.191,0.421285,179.105,177.614,96.8768,177.614
90,90,90,90,158.181,90,21.8186
357.614,276.809,359.579,180.895,357.614,83.1232,357.614
7
4e-09,3.35725e-08,2.26667e-08,1.06667e-08,1.07703e-08,3.35725e-08,1.07703e-08
-69.5884,-97.9069,-95.455,-88.8078,-85.0918,-97.3369,-85.0918
0,3.14159,3.14159,3.14159,3.14159,3.14159,3.14159
90,90,90,90,158.199,90,21.8014
180,263.157,0,180,180,96.8428,180
90,90,90,90,158.199,90,21.8014
0,276.843,0,180,0,83.1572,0
7
4.00347e-09,3.3407e-08,2.26673e-08,1.0668e-08,1.07716e-08,3.3738e-08,1.07716e-08
-69.596,-97.864,-95.4552,-88.8089,-85.0928,-97.3796,-85.0928
0,3.14159,3.14159,3.14159,3.14159,3.14159,3.14159
90,90,90,90,158.181,90,21.8186
182.386,263.123,359.579,180.895,182.386,96.8091,182.386
90,90,90,90,158.181,90,21.8186
2.38594,276.877,0.421285,179.105,2.38594,83.1909,2.38594
7
4.01386e-09,3.35725e-08,2.26691e-08,1.06719e-08,1.07755e-08,3.35725e-08,1.07755e-08
-69.6185,-97.9069,-95.4559,-88.812,-85.096,-97.3369,-85.096
0,3.14159,3.14159,3.14159,3.14159,3.14159,3.14159
90,90,90,90,158.13,90,21.8699
175.236,263.157,0.842524,178.21,175.236,96.8428,175.236
90,90,90,90,158.13,90,21.8699
355.236,276.843,359.157,181.79,355.236,83.1572,355.236
7
4.00347e-09,3.3407e-08,2.26673e-08,1.0668e-08,1.07716e-08,3.3738e-08,1.07716e-08
-69.596,-97.864,-95.4552,-88.8089,-85.0928,-97.3796,-85.0928
0,3.14159,3.14159,3.14159,3.14159,3.14159,3.14159
90,90,90,90,158.181,90,21.8186
177.614,263.123,0.421285,179.105,177.614,96.8091,177.614
90,90,90,90,158.181,90,21.8186
357.614,276.877,359.579,180.895,357.614,83.1909,357.614
7
4e-09,3.32415e-08,2.26667e-08,1.06667e-08,1.07703e-08,3.39035e-08,1.07703e-08
-69.5884,-97.8208,-95.455,-88.8078,-85.0918,-97.4221,-85.0918
0,3.14159,3.14159,3.14159,3.14159,3.14159,3.14159
90,90,90,90,158.199,90,21.8014
180,263.089,0,180,180,96.7757,180
90,90,90,90,158.199,90,21.8014
0,276.911,0,180,0,83.2243,0
7
3.66667e-09,3.38657e-08,2.3e-08,1.03333e-08,1.0651e-08,3.32031e-08,1.0651e-08
-68.8327,-97.9824,-95.5818,-88.532,-84.9951,-97.2408,-84.9951
0,3.14159,3.14159,3.14159,3.14159,3.14159,3.14159
90,90,90,90,159.864,90,20.1363
180,263.784,0,180,180,96.3402,180
90,90,90,90,159.864,90,20.1363
0,276.216,0,180,0,83.6598,0
7
3.67045e-09,3.37001e-08,2.30006e-08,1.03347e-08,1.06523e-08,3.33687e-08,1.06523e-08
-68.8416,-97.9398,-95.582,-88.5332,-84.9961,-97.284,-84.9961
0,3.14159,3.14159,3.14159,3.14159,3.14159,3.14159
90,90,90,90,159.845,90,20.1554
182.603,263.754,359.585,180.924,182.603,96.3086,182.603
90,90,90,90,159.845,90,20.1554
2.60256,276.246,0.41518,179.076,2.60256,83.6914,2.60256
7
3.68179e-09,3.35344e-08,2.30024e-08,1.03387e-08,1.06562e-08,3.35344e-08,1.06562e-08
-68.8684,-97.897,-95.5827,-88.5365,-84.9993,-97.327,-84.9993
0,3.14159,3.14159,3.14159,3.14159,3.14159,3.14159
90,90,90,90,159.787,90,20.2126
185.194,263.723,359.17,181.848,185.194,96.2773,185.194
90,90,90,90,159.787,90,20.2126
5.19443,276.277,0.830315,178.152,5.19443,83.7227,5.19443
7
3.67045e-09,3.37001e-08,2.30006e-08,1.03347e-08,1.06523e-08,3.33687e-08,1.06523e-08
-68.8416,-97.9398,-95.582,-88.5332,-84.9961,-97.284,-84.9961
0,3.14159,3.14159,3.14159,3.14159,3.14159,3.14159
90,90,90,90,159.845,90,20.1554
177.397,263.754,0.41518,179.076,177.397,96.3086,177.397
90,90,90,90,159.845,90,20.1554
357.397,276.246,359.585,180.924,357.397,83.6914,357.397
7
3.66667e-09,3.35344e-08,2.3e-08,1.03333e-08,1.0651e-08,3.35344e-08,1.0651e-08
-68.8327,-97.897,-95.5818,-88.532,-84.9951,-97.327,-84.9951
0,3.14159,3.14159,3.14159,3.14159,3.14159,3.14159
90,90,90,90,159.864,90,20.1363
180,263.723,0,180,180,96.2773,180
90,90,90,90,159.864,90,20.1363
0,276.277,0,180,0,83.7227,0
7
3.67045e-09,3.33687e-08,2.30006e-08,1.03347e-08,1.06523e-08,3.37001e-08,1.06523e-08
-68.8416,-97.854,-95.582,-88.5332,-84.9961,-97.3698,-84.9961
0,3.14159,3.14159,3.14159,3.14159,3.14159,3.14159
90,90,90,90,159.845,90,20.1554
182.603,263.691,359.585,180.924,182.603,96.2463,182.603
90,90,90,90,159.845,90,20.1554
2.60256,276.309,0.41518,179.076,2.60256,83.7537,2.60256
7
3.68179e-09,3.35344e-08,2.30024e-08,1.03387e-08,1.06562e-08,3.35344e-08,1.06562e-08
-68.8684,-97.897,-95.5827,-88.5365,-84.9993,-97.327,-84.9993
0,3.14159,3.14159,3.14159,3.14159,3.14159,3.14159
90,90,90,90,159.787,90,20.2126
174.806,263.723,0.830315,178.152,174.806,96.2773,174.806
90,90,90,90,159.787,90,20.2126
354.806,276.277,359.17,181.848,354.806,83.7227,354.806
7
3.67045e-09,3.33687e-08,2.30006e-08,1.03347e-08,1.06523e-08,3.37001e-08,1.06523e-08
-68.8416,-97.854,-95.582,-88.5332,-84.9961,-97.3698,-84.9961
0,3.14159,3.14159,3.14159,3.14159,3.14159,3.14159
90,90,90,90,159.845,90,20.1554
177.397,263.691,0.41518,179.076,177.397,96.2463,177.397
90,90,90,90,159.845,90,20.1554
357.397,276.309,359.585,180.924,357.397,83.7537,357.397
7
3.66667e-09,3.32031e-08,2.3e-08,1.03333e-08,1.0651e-08,3.38657e-08,1.0651e-08
-68.8327,-97.8108,-95.5818,-88.532,-84.9951,-97.4124,-84.9951
0,3.14159,3.14159,3.14159,3.14159,3.14159,3.14159
90,90,90,90,159.864,90,20.1363
180,263.66,0,180,180,96.2156,180
90,90,90,90,159.864,90,20.1363
0,276.34,0,180,0,83.7844,0
7
3.33333e-09,3.38313e-08,2.33333e-08,1e-08,1.05409e-08,3.31679e-08,1.05409e-08
-68.0048,-97.9736,-95.7068,-88.2472,-84.9048,-97.2316,-84.9048
0,3.14159,3.14159,3.14159,3.14159,3.14159,3.14159
90,90,90,90,161.565,90,18.4349
180,264.346,0,180,180,95.7679,180
90,90,90,90,161.565,90,18.4349
0,275.654,0,180,0,84.2321,0
7
3.3375e-09,3.36654e-08,2.33339e-08,1.00014e-08,1.05422e-08,3.33337e-08,1.05422e-08
-68.0156,-97.9309,-95.707,-88.2484,-84.9059,-97.2749,-84.9059
0,3.14159,3.14159,3.14159,3.14159,3.14159,3.14159
90,90,90,90,161.544,90,18.4564
182.862,264.318,359.591,180.955,182.862,95.7391,182.862
90,90,90,90,161.544,90,18.4564
2.86241,275.682,0.409249,179.045,2.86241,84.2609,2.86241
7
3.34996e-09,3.34996e-08,2.33357e-08,1.00056e-08,1.05462e-08,3.34996e-08,1.05462e-08
-68.048,-97.888,-95.7076,-88.252,-84.9091,-97.318,-84.9091
0,3.14159,3.14159,3.14159,3.14159,3.14159,3.14159
90,90,90,90,161.479,90,18.5206
185.711,264.289,359.182,181.909,185.711,95.7106,185.711
90,90,90,90,161.479,90,18.5206
5.71059,275.711,0.818455,178.091,5.71059,84.2894,5.71059
7
3.3375e-09,3.36654e-08,2.33339e-08,1.00014e-08,1.05422e-08,3.33337e-08,1.05422e-08
-68.0156,-97.9309,-95.707,-88.2484,-84.9059,-97.2749,-84.9059
0,3.14159,3.14159,3.14159,3.14159,3.14159,3.14159
90,90,90,90,161.544,90,18.4564
177.138,264.318,0.409249,179.045,177.138,95.7391,177.138
90,90,90,90,161.544,90,18.4564
357.138,275.682,359.591,180.955,357.138,84.2609,357.138
7
3.33333e-09,3.34996e-08,2.33333e-08,1e-08,1.05409e-08,3.34996e-08,1.05409e-08
-68.0048,-97.888,-95.7068,-88.2472,-84.9048,-97.318,-84.9048
0,3.14159,3.14159,3.14159,3.14159,3.14159,3.14159
90,90,90,90,161.565,90,18.4349
180,264.289,0,180,180,95.7106,180
90,90,90,90,161.565,90,18.4349
0,275.711,0,180,0,84.2894,0
7
3.3375e-09,3.33337e-08,2.33339e-08,1.00014e-08,1.05422e-08,3.36654e-08,1.05422e-08
-68.0156,-97.8449,-95.707,-88.2484,-84.9059,-97.3609,-84.9059
0,3.14159,3.14159,3.14159,3.14159,3.14159,3.14159
90,90,90,90,161.544,90,18.4564
182.862,264.261,359.591,180.955,182.862,95.6824,182.862
90,90,90,90,161.544,90,18.4564
2.86241,275.739,0.409249,179.045,2.86241,84.3176,2.86241
7
3.34996e-09,3.34996e-08,2.33357e-08,1.00056e-08,1.05462e-08,3.34996e-08,1.05462e-08
-68.048,-97.888,-95.7076,-88.252,-84.9091,-97.318,-84.9091
0,3.14159,3.14159,3.14159,3.14159,3.14159,3.14159
90,90,90,90,161.479,90,18.5206
174.289,264.289,0.818455,178.091,174.289,95.7106,174.289
90,90,90,90,161.479,90,18.5206
354.289,275.711,359.182,181.909,354.289,84.2894,354.289
7
3.3375e-09,3.33337e-08,2.33339e-08,1.00014e-08,1.05422e-08,3.36654e-08,1.05422e-08
-68.0156,-97.8449,-95.707,-88.2484,-84.9059,-97.3609,-84.9059
0,3.14159,3.14159,3.14159,3.14159,3.14159,3.14159
90,90,90,90,161.544,90,18.4564
177.138,264.261,0.409249,179.045,177.138,95.6824,177.138
90,90,90,90,161.544,90,18.4564
357.138,275.739,359.591,180.955,357.138,84.3176,357.138
7
3.33333e-09,3.31679e-08,2.33333e-08,1e-08,1.05409e-08,3.38313e-08,1.05409e-08
-68.0048,-97.8016,-95.7068,-88.2472,-84.9048,-97.4036,-84.9048
0,3.14159,3.14159,3.14159,3.14159,3.14159,3.14159
90,90,90,90,161.565,90,18.4349
180,264.232,0,180,180,95.6544,180
90,90,90,90,161.565,90,18.4349
0,275.768,0,180,0,84.3456,0
7
3e-09,3.38001e-08,2.36667e-08,9.66667e-09,1.04403e-08,3.31361e-08,1.04403e-08
-67.0896,-97.9656,-95.83,-87.9528,-84.8215,-97.2232,-84.8215
0,3.14159,3.14159,3.14159,3.14159,3.14159,3.14159
90,90,90,90,163.301,90,16.6992
180,264.908,0,180,180,95.1944,180
90,90,90,90,163.301,90,16.6992
0,275.092,0,180,0,84.8056,0
7
3.00463e-09,3.36341e-08,2.36673e-08,9.6681e-09,1.04416e-08,3.33021e-08,1.04416e-08
-67.103,-97.9228,-95.8302,-87.954,-84.8226,-97.2666,-84.8226
0,3.14159,3.14159,3.14159,3.14159,3.14159,3.14159
90,90,90,90,163.276,90,16.7236
183.18,264.883,359.597,180.988,183.18,95.1685,183.18
90,90,90,90,163.276,90,16.7236
3.17983,275.117,0.403485,179.012,3.17983,84.8315,3.17983
7
3.01846e-09,3.34681e-08,2.3669e-08,9.67241e-09,1.04456e-08,3.34681e-08,1.04456e-08
-67.1429,-97.8798,-95.8308,-87.9579,-84.8259,-97.3098,-84.8259
0,3.14159,3.14159,3.14159,3.14159,3.14159,3.14159
90,90,90,90,163.204,90,16.7962
186.34,264.857,359.193,181.975,186.34,95.1428,186.34
90,90,90,90,163.204,90,16.7962
6.34019,275.143,0.806929,178.025,6.34019,84.8572,6.34019
7
3.00463e-09,3.36341e-08,2.36673e-08,9.6681e-09,1.04416e-08,3.33021e-08,1.04416e-08
-67.103,-97.9228,-95.8302,-87.954,-84.8226,-97.2666,-84.8226
0,3.14159,3.14159,3.14159,3.14159,3.14159,3.14159
90,90,90,90,163.276,90,16.7236
176.82,264.883,0.403485,179.012,176.82,95.1685,176.82
90,90,90,90,163.276,90,16.7236
356.82,275.117,359.597,180.988,356.82,84.8315,356.82
7
3e-09,3.34681e-08,2.36667e-08,9.66667e-09,1.04403e-08,3.34681e-08,1.04403e-08
-67.0896,-97.8798,-95.83,-87.9528,-84.8215,-97.3098,-84.8215
0,3.14159,3.14159,3.14159,3.14159,3.14159,3.14159
90,90,90,90,163.301,90,16.6992
180,264.857,0,180,180,95.1428,180
90,90,90,90,163.301,90,16.6992
0,275.143,0,180,0,84.8572,0
7
3.00463e-09,3.33021e-08,2.36673e-08,9.6681e-09,1.04416e-08,3.36341e-08,1.04416e-08
-67.103,-97.8366,-95.8302,-87.954,-84.8226,-97.3528,-84.8226
0,3.14159,3.14159,3.14159,3.14159,3.14159,3.14159
90,90,90,90,163.276,90,16.7236
183.18,264.832,359.597,180.988,183.18,95.1173,183.18
90,90,90,90,163.276,90,16.7236
3.17983,275.168,0.403485,179.012,3.17983,84.8827,3.17983
7
3.01846e-09,3.34681e-08,2.3669e-08,9.67241e-09,1.04456e-08,3.34681e-08,1.04456e-08
-67.1429,-97.8798,-95.8308,-87.9579,-84.8259,-97.3098,-84.8259
0,3.14159,3.14159,3.14159,3.14159,3.14159,3.14159
90,90,90,90,163.204,90,16.7962
173.66,264.857,0.806929,178.025,173.66,95.1428,173.66
90,90,90,90,163.204,90,16.7962
353.66,275.143,359.193,181.975,353.66,84.8572,353.66
7
3.00463e-09,3.33021e-08,2.36673e-08,9.6681e-09,1.04416e-08,3.36341e-08,1.04416e-08
-67.103,-97.8366,-95.8302,-87.954,-84.8226,-97.3528,-84.8226
0,3.14159,3.14159,3.14159,3.14159,3.14159,3.14159
90,90,90,90,163.276,90,16.7236
176.82,264.832,0.403485,179.012,176.82,95.1173,176.82
90,90,90,90,163.276,90,16.7236
356.82,275.168,359.597,180.988,356.82,84.8827,356.82
7
3e-09,3.31361e-08,2.36667e-08,9.66667e-09,1.04403e-08,3.38001e-08,1.04403e-08
-67.0896,-97.7932,-95.83,-87.9528,-84.8215,-97.3956,-84.8215
0,3.14159,3.14159,3.14159,3.14159,3.14159,3.14159
90,90,90,90,163.301,90,16.6992
180,264.806,0,180,180,95.0921,180
90,90,90,90,163.301,90,16.6992
0,275.194,0,180,0,84.9079,0
7
2.66667e-09,3.37721e-08,2.4e-08,9.33333e-09,1.03494e-08,3.31076e-08,1.03494e-08
-66.0666,-97.9584,-95.9514,-87.648,-84.7456,-97.2158,-84.7456
0,3.14159,3.14159,3.14159,3.14159,3.14159,3.14159
90,90,90,90,165.069,90,14.9314
180,265.471,0,180,180,94.6199,180
90,90,90,90,165.069,90,14.9314
0,274.529,0,180,0,85.3801,0
7
2.67187e-09,3.3606e-08,2.40006e-08,9.33482e-09,1.03508e-08,3.32737e-08,1.03508e-08
-66.0835,-97.9156,-95.9517,-87.6493,-84.7467,-97.2592,-84.7467
0,3.14159,3.14159,3.14159,3.14159,3.14159,3.14159
90,90,90,90,165.041,90,14.9592
183.576,265.449,359.602,181.023,183.576,94.5968,183.576
90,90,90,90,165.041,90,14.9592
3.57633,274.551,0.397881,178.977,3.57633,85.4032,3.57633
7
2.68742e-09,3.34398e-08,2.40023e-08,9.33928e-09,1.03548e-08,3.34398e-08,1.03548e-08
-66.1339,-97.8725,-95.9523,-87.6535,-84.7501,-97.3025,-84.7501
0,3.14159,3.14159,3.14159,3.14159,3.14159,3.14159
90,90,90,90,164.958,90,15.0424
187.125,265.426,359.204,182.045,187.125,94.5739,187.125
90,90,90,90,164.958,90,15.0424
7.12502,274.574,0.795724,177.955,7.12502,85.4261,7.12502
7
2.67187e-09,3.3606e-08,2.40006e-08,9.33482e-09,1.03508e-08,3.32737e-08,1.03508e-08
-66.0835,-97.9156,-95.9517,-87.6493,-84.7467,-97.2592,-84.7467
0,3.14159,3.14159,3.14159,3.14159,3.14159,3.14159
90,90,90,90,165.041,90,14.9592
176.424,265.449,0.397881,178.977,176.424,94.5968,176.424
90,90,90,90,165.041,90,14.9592
356.424,274.551,359.602,181.023,356.424,85.4032,356.424
7
2.66667e-09,3.34398e-08,2.4e-08,9.33333e-09,1.03494e-08,3.34398e-08,1.03494e-08
-66.0666,-97.8725,-95.9514,-87.648,-84.7456,-97.3025,-84.7456
0,3.14159,3.14159,3.14159,3.14159,3.14159,3.14159
90,90,90,90,165.069,90,14.9314
180,265.426,0,180,180,94.5739,180
90,90,90,90,165.069,90,14.9314
0,274.574,0,180,0,85.4261,0
7
2.67187e-09,3.32737e-08,2.40006e-08,9.33482e-09,1.03508e-08,3.3606e-08,1.03508e-08
-66.0835,-97.8292,-95.9517,-87.6493,-84.7467,-97.3456,-84.7467
0,3.14159,3.14159,3.14159,3.14159,3.14159,3.14159
90,90,90,90,165.041,90,14.9592
183.576,265.403,359.602,181.023,183.576,94.5513,183.576
90,90,90,90,165.041,90,14.9592
3.57633,274.597,0.397881,178.977,3.57633,85.4487,3.57633
7
2.68742e-09,3.34398e-08,2.40023e-08,9.33928e-09,1.03548e-08,3.34398e-08,1.03548e-08
-66.1339,-97.8725,-95.9523,-87.6535,-84.7501,-97.3025,-84.7501
0,3.14159,3.14159,3.14159,3.14159,3.14159,3.14159
90,90,90,90,164.958,90,15.0424
172.875,265.426,0.795724,177.955,172.875,94.5739,172.875
90,90,90,90,164.958,90,15.0424
352.875,274.574,359.204,182.045,352.875,85.4261,352.875
7
2.67187e-09,3.32737e-08,2.40006e-08,9.33482e-09,1.03508e-08,3.3606e-08,1.03508e-08
-66.0835,-97.8292,-95.9517,-87.6493,-84.7467,-97.3456,-84.7467
0,3.14159,3.14159,3.14159,3.14159,3.14159,3.14159
90,90,90,90,165.041,90,14.9592
176.424,265.403,0.397881,178.977,176.424,94.5513,176.424
90,90,90,90,165.041,90,14.9592
356.424,274.597,359.602,181.023,356.424,85.4487,356.424
7
2.66667e-09,3.31076e-08,2.4e-08,9.33333e-09,1.03494e-08,3.37721e-08,1.03494e-08
-66.0666,-97.7858,-95.9514,-87.648,-84.7456,-97.3884,-84.7456
0,3.14159,3.14159,3.14159,3.14159,3.14159,3.14159
90,90,90,90,165.069,90,14.9314
180,265.38,0,180,180,94.5288,180
90,90,90,90,165.069,90,14.9314
0,274.62,0,180,0,85.4712,0
7
2.33333e-09,3.37474e-08,2.43333e-08,9e-09,1.02686e-08,3.30824e-08,1.02686e-08
-64.9068,-97.952,-96.0713,-87.3321,-84.6775,-97.2092,-84.6775
0,3.14159,3.14159,3.14159,3.14159,3.14159,3.14159
90,90,90,90,166.866,90,13.134
180,266.035,0,180,180,94.0445,180
90,90,90,90,166.866,90,13.134
0,273.965,0,180,0,85.9555,0
7
2.33928e-09,3.35812e-08,2.43339e-08,9.00154e-09,1.027e-08,3.32486e-08,1.027e-08
-64.9289,-97.9091,-96.0715,-87.3336,-84.6786,-97.2527,-84.6786
0,3.14159,3.14159,3.14159,3.14159,3.14159,3.14159
90,90,90,90,166.834,90,13.1663
184.086,266.016,359.608,181.061,184.086,94.0242,184.086
90,90,90,90,166.834,90,13.1663
4.08562,273.984,0.392431,178.939,4.08562,85.9758,4.08562
7
2.35702e-09,3.34149e-08,2.43356e-08,9.00617e-09,1.0274e-08,3.34149e-08,1.0274e-08
-64.9945,-97.866,-96.0721,-87.338,-84.682,-97.296,-84.682
0,3.14159,3.14159,3.14159,3.14159,3.14159,3.14159
90,90,90,90,166.737,90,13.2627
188.13,265.996,359.215,182.121,188.13,94.0042,188.13
90,90,90,90,166.737,90,13.2627
8.1301,274.004,0.784825,177.879,8.1301,85.9958,8.1301
7
2.33928e-09,3.35812e-08,2.43339e-08,9.00154e-09,1.027e-08,3.32486e-08,1.027e-08
-64.9289,-97.9091,-96.0715,-87.3336,-84.6786,-97.2527,-84.6786
0,3.14159,3.14159,3.14159,3.14159,3.14159,3.14159
90,90,90,90,166.834,90,13.1663
175.914,266.016,0.392431,178.939,175.914,94.0242,175.914
90,90,90,90,166.834,90,13.1663
355.914,273.984,359.608,181.061,355.914,85.9758,355.914
7
2.33333e-09,3.34149e-08,2.43333e-08,9e-09,1.02686e-08,3.34149e-08,1.02686e-08
-64.9068,-97.866,-96.0713,-87.3321,-84.6775,-97.296,-84.6775
0,3.14159,3.14159,3.14159,3.14159,3.14159,3.14159
90,90,90,90,166.866,90,13.134
180,265.996,0,180,180,94.0042,180
90,90,90,90,166.866,90,13.134
0,274.004,0,180,0,85.9958,0
7
2.33928e-09,3.32486e-08,2.43339e-08,9.00154e-09,1.027e-08,3.35812e-08,1.027e-08
-64.9289,-97.8227,-96.0715,-87.3336,-84.6786,-97.3391,-84.6786
0,3.14159,3.14159,3.14159,3.14159,3.14159,3.14159
90,90,90,90,166.834,90,13.1663
184.086,265.976,359.608,181.061,184.086,93.9843,184.086
90,90,90,90,166.834,90,13.1663
4.08562,274.024,0.392431,178.939,4.08562,86.0157,4.08562
7
2.35702e-09,3.34149e-08,2.43356e-08,9.00617e-09,1.0274e-08,3.34149e-08,1.0274e-08
-64.9945,-97.866,-96.0721,-87.338,-84.682,-97.296,-84.682
0,3.14159,3.14159,3.14159,3.14159,3.14159,3.14159
90,90,90,90,166.737,90,13.2627
171.87,265.996,0.784825,177.879,171.87,94.0042,171.87
90,90,90,90,166.737,90,13.2627
351.87,274.004,359.215,182.121,351.87,85.9958,351.87
7
2.33928e-09,3.32486e-08,2.43339e-08,9.00154e-09,1.027e-08,3.35812e-08,1.027e-08
-64.9289,-97.8227,-96.0715,-87.3336,-84.6786,-97.3391,-84.6786
0,3.14159,3.14159,3.14159,3.14159,3.14159,3.14159
90,90,90,90,166.834,90,13.1663
175.914,265.976,0.392431,178.939,175.914,93.9843,175.914
90,90,90,90,166.834,90,13.1663
355.914,274.024,359.608,181.061,355.914,86.0157,355.914
7
2.33333e-09,3.30824e-08,2.43333e-08,9e-09,1.02686e-08,3.37474e-08,1.02686e-08
-64.9068,-97.7792,-96.0713,-87.3321,-84.6775,-97.382,-84.6775
0,3.14159,3.14159,3.14159,3.14159,3.14159,3.14159
90,90,90,90,166.866,90,13.134
180,265.956,0,180,180,93.9647,180
90,90,90,90,166.866,90,13.134
0,274.044,0,180,0,86.0353,0
7
2e-09,3.3726e-08,2.46667e-08,8.66667e-09,1.0198e-08,3.30606e-08,1.0198e-08
-63.5678,-97.9465,-96.1894,-87.0043,-84.6176,-97.2034,-84.6176
0,3.14159,3.14159,3.14159,3.14159,3.14159,3.14159
90,90,90,90,168.69,90,11.3099
180,266.6,0,180,180,93.4682,180
90,90,90,90,168.69,90,11.3099
0,273.4,0,180,0,86.5318,0
7
2.00693e-09,3.35596e-08,2.46672e-08,8.66827e-09,1.01994e-08,3.32269e-08,1.01994e-08
-63.5979,-97.9036,-96.1896,-87.0059,-84.6187,-97.247,-84.6187
0,3.14159,3.14159,3.14159,3.14159,3.14159,3.14159
90,90,90,90,168.652,90,11.3481
184.764,266.583,359.613,181.102,184.764,93.4508,184.764
90,90,90,90,168.652,90,11.3481
4.76364,273.417,0.387128,178.898,4.76364,86.5492,4.76364
7
2.02759e-09,3.33933e-08,2.46689e-08,8.67307e-09,1.02035e-08,3.33933e-08,1.02035e-08
-63.6868,-97.8604,-96.1902,-87.0107,-84.6222,-97.2904,-84.6222
0,3.14159,3.14159,3.14159,3.14159,3.14159,3.14159
90,90,90,90,168.538,90,11.4618
189.462,266.566,359.226,182.203,189.462,93.4336,189.462
90,90,90,90,168.538,90,11.4618
9.46232,273.434,0.77422,177.797,9.46232,86.5664,9.46232
7
2.00693e-09,3.35596e-08,2.46672e-08,8.66827e-09,1.01994e-08,3.32269e-08,1.01994e-08
-63.5979,-97.9036,-96.1896,-87.0059,-84.6187,-97.247,-84.6187
0,3.14159,3.14159,3.14159,3.14159,3.14159,3.14159
90,90,90,90,168.652,90,11.3481
175.236,266.583,0.387128,178.898,175.236,93.4508,175.236
90,90,90,90,168.652,90,11.3481
355.236,273.417,359.613,181.102,355.236,86.5492,355.236
7
2e-09,3.33933e-08,2.46667e-08,8.66667e-09,1.0198e-08,3.33933e-08,1.0198e-08
-63.5678,-97.8604,-96.1894,-87.0043,-84.6176,-97.2904,-84.6176
0,3.14159,3.14159,3.14159,3.14159,3.14159,3.14159
90,90,90,90,168.69,90,11.3099
180,266.566,0,180,180,93.4336,180
90,90,90,90,168.69,90,11.3099
0,273.434,0,180,0,86.5664,0
7
2.00693e-09,3.32269e-08,2.46672e-08,8.66827e-09,1.01994e-08,3.35596e-08,1.01994e-08
-63.5979,-97.817,-96.1896,-87.0059,-84.6187,-97.3336,-84.6187
0,3.14159,3.14159,3.14159,3.14159,3.14159,3.14159
90,90,90,90,168.652,90,11.3481
184.764,266.549,359.613,181.102,184.764,93.4166,184.764
90,90,90,90,168.652,90,11.3481
4.76364,273.451,0.387128,178.898,4.76364,86.5834,4.76364
7
2.02759e-09,3.33933e-08,2.46689e-08,8.67307e-09,1.02035e-08,3.33933e-08,1.02035e-08
-63.6868,-97.8604,-96.1902,-87.0107,-84.6222,-97.2904,-84.6222
0,3.14159,3.14159,3.14159,3.14159,3.14159,3.14159
90,90,90,90,168.538,90,11.4618
170.538,266.566,0.77422,177.797,170.538,93.4336,170.538
90,90,90,90,168.538,90,11.4618
350.538,273.434,359.226,182.203,350.538,86.5664,350.538
7
2.00693e-09,3.32269e-08,2.46672e-08,8.66827e-09,1.01994e-08,3.35596e-08,1.01994e-08
-63.5979,-97.817,-96.1896,-87.0059,-84.6187,-97.3336,-84.6187
0,3.14159,3.14159,3.14159,3.14159,3.14159,3.14159
90,90,90,90,168.652,90,11.3481
175.236,266.549,0.387128,178.898,175.236,93.4166,175.236
90,90,90,90,168.652,90,11.3481
355.236,273.451,359.613,181.102,355.236,86.5834,355.236
7
2e-09,3.30606e-08,2.46667e-08,8.66667e-09,1.0198e-08,3.3726e-08,1.0198e-08
-63.5678,-97.7734,-96.1894,-87.0043,-84.6176,-97.3765,-84.6176
0,3.14159,3.14159,3.14159,3.14159,3.14159,3.14159
90,90,90,90,168.69,90,11.3099
180,266.532,0,180,180,93.3997,180
90,90,90,90,168.69,90,11.3099
0,273.468,0,180,0,86.6003,0
7
1.66667e-09,3.37079e-08,2.5e-08,8.33333e-09,1.01379e-08,3.30421e-08,1.01379e-08
-61.9842,-97.9419,-96.306,-86.6636,-84.5662,-97.1986,-84.5662
0,3.14159,3.14159,3.14159,3.14159,3.14159,3.14159
90,90,90,90,170.538,90,9.46232
180,267.166,0,180,180,92.8913,180
90,90,90,90,170.538,90,9.46232
0,272.834,0,180,0,87.1087,0
7
1.67498e-09,3.35414e-08,2.50006e-08,8.335e-09,1.01393e-08,3.32085e-08,1.01393e-08
-62.0274,-97.8989,-96.3062,-86.6653,-84.5674,-97.2422,-84.5674
0,3.14159,3.14159,3.14159,3.14159,3.14159,3.14159
90,90,90,90,170.491,90,9.50866
185.711,267.152,359.618,181.146,185.711,92.8768,185.711
90,90,90,90,170.491,90,9.50866
5.71059,272.848,0.381966,178.854,5.71059,87.1232,5.71059
7
1.69967e-09,3.3375e-08,2.50022e-08,8.34e-09,1.01434e-08,3.3375e-08,1.01434e-08
-62.1545,-97.8556,-96.3068,-86.6705,-84.5709,-97.2856,-84.5709
0,3.14159,3.14159,3.14159,3.14159,3.14159,3.14159
90,90,90,90,170.354,90,9.64623
191.31,267.138,359.236,182.291,191.31,92.8624,191.31
90,90,90,90,170.354,90,9.64623
11.3099,272.862,0.763898,177.709,11.3099,87.1376,11.3099
7
1.67498e-09,3.35414e-08,2.50006e-08,8.335e-09,1.01393e-08,3.32085e-08,1.01393e-08
-62.0274,-97.8989,-96.3062,-86.6653,-84.5674,-97.2422,-84.5674
0,3.14159,3.14159,3.14159,3.14159,3.14159,3.14159
90,90,90,90,170.491,90,9.50866
174.289,267.152,0.381966,178.854,174.289,92.8768,174.289
90,90,90,90,170.491,90,9.50866
354.289,272.848,359.618,181.146,354.289,87.1232,354.289
7
1.66667e-09,3.3375e-08,2.5e-08,8.33333e-09,1.01379e-08,3.3375e-08,1.01379e-08
-61.9842,-97.8556,-96.306,-86.6636,-84.5662,-97.2856,-84.5662
0,3.14159,3.14159,3.14159,3.14159,3.14159,3.14159
90,90,90,90,170.538,90,9.46232
180,267.138,0,180,180,92.8624,180
90,90,90,90,170.538,90,9.46232
0,272.862,0,180,0,87.1376,0
7
1.67498e-09,3.32085e-08,2.50006e-08,8.335e-09,1.01393e-08,3.35414e-08,1.01393e-08
-62.0274,-97.8122,-96.3062,-86.6653,-84.5674,-97.3289,-84.5674
0,3.14159,3.14159,3.14159,3.14159,3.14159,3.14159
90,90,90,90,170.491,90,9.50866
185.711,267.123,359.618,181.146,185.711,92.8482,185.711
90,90,90,90,170.491,90,9.50866
5.71059,272.877,0.381966,178.854,5.71059,87.1518,5.71059
7
1.69967e-09,3.3375e-08,2.50022e-08,8.34e-09,1.01434e-08,3.3375e-08,1.01434e-08
-62.1545,-97.8556,-96.3068,-86.6705,-84.5709,-97.2856,-84.5709
0,3.14159,3.14159,3.14159,3.14159,3.14159,3.14159
90,90,90,90,170.354,90,9.64623
168.69,267.138,0.763898,177.709,168.69,92.8624,168.69
90,90,90,90,170.354,90,9.64623
348.69,272.862,359.236,182.291,348.69,87.1376,348.69
7
1.67498e-09,3.32085e-08,2.50006e-08,8.335e-09,1.01393e-08,3.35414e-08,1.01393e-08
-62.0274,-97.8122,-96.3062,-86.6653,-84.5674,-97.3289,-84.5674
0,3.14159,3.14159,3.14159,3.14159,3.14159,3.14159
90,90,90,90,170.491,90,9.50866
174.289,267.123,0.381966,178.854,174.289,92.8482,174.289
90,90,90,90,170.491,90,9.50866
354.289,272.877,359.618,181.146,354.289,87.1518,354.289
7
1.66667e-09,3.30421e-08,2.5e-08,8.33333e-09,1.01379e-08,3.37079e-08,1.01379e-08
-61.9842,-97.7686,-96.306,-86.6636,-84.5662,-97.3719,-84.5662
0,3.14159,3.14159,3.14159,3.14159,3.14159,3.14159
90,90,90,90,170.538,90,9.46232
180,267.109,0,180,180,92.8341,180
90,90,90,90,170.538,90,9.46232
0,272.891,0,180,0,87.1659,0
7
1.33333e-09,3.36931e-08,2.53333e-08,8e-09,1.00885e-08,3.30269e-08,1.00885e-08
-60.046,-97.938,-96.4211,-86.309,-84.5238,-97.1946,-84.5238
0,3.14159,3.14159,3.14159,3.14159,3.14159,3.14159
90,90,90,90,172.405,90,7.59464
180,267.732,0,180,180,92.3137,180
90,90,90,90,172.405,90,7.59464
0,272.268,0,180,0,87.6863,0
7
1.34371e-09,3.35265e-08,2.53339e-08,8.00174e-09,1.00899e-08,3.31935e-08,1.00899e-08
-60.1133,-97.895,-96.4213,-86.3109,-84.5249,-97.2383,-84.5249
0,3.14159,3.14159,3.14159,3.14159,3.14159,3.14159
90,90,90,90,172.347,90,7.65305
187.125,267.721,359.623,181.193,187.125,92.3021,187.125
90,90,90,90,172.347,90,7.65305
7.12502,272.279,0.37694,178.807,7.12502,87.6979,7.12502
7
1.37437e-09,3.336e-08,2.53355e-08,8.00694e-09,1.0094e-08,3.336e-08,1.0094e-08
-60.3093,-97.8517,-96.4218,-86.3166,-84.5285,-97.2817,-84.5285
0,3.14159,3.14159,3.14159,3.14159,3.14159,3.14159
90,90,90,90,172.174,90,7.82553
194.036,267.709,359.246,182.386,194.036,92.2906,194.036
90,90,90,90,172.174,90,7.82553
14.0362,272.291,0.753848,177.614,14.0362,87.7094,14.0362
7
1.34371e-09,3.35265e-08,2.53339e-08,8.00174e-09,1.00899e-08,3.31935e-08,1.00899e-08
-60.1133,-97.895,-96.4213,-86.3109,-84.5249,-97.2383,-84.5249
0,3.14159,3.14159,3.14159,3.14159,3.14159,3.14159
90,90,90,90,172.347,90,7.65305
172.875,267.721,0.37694,178.807,172.875,92.3021,172.875
90,90,90,90,172.347,90,7.65305
352.875,272.279,359.623,181.193,352.875,87.6979,352.875
7
1.33333e-09,3.336e-08,2.53333e-08,8e-09,1.00885e-08,3.336e-08,1.00885e-08
-60.046,-97.8517,-96.4211,-86.309,-84.5238,-97.2817,-84.5238
0,3.14159,3.14159,3.14159,3.14159,3.14159,3.14159
90,90,90,90,172.405,90,7.59464
180,267.709,0,180,180,92.2906,180
90,90,90,90,172.405,90,7.59464
0,272.291,0,180,0,87.7094,0
7
1.34371e-09,3.31935e-08,2.53339e-08,8.00174e-09,1.00899e-08,3.35265e-08,1.00899e-08
-60.1133,-97.8083,-96.4213,-86.3109,-84.5249,-97.325,-84.5249
0,3.14159,3.14159,3.14159,3.14159,3.14159,3.14159
90,90,90,90,172.347,90,7.65305
187.125,267.698,359.623,181.193,187.125,92.2792,187.125
90,90,90,90,172.347,90,7.65305
7.12502,272.302,0.37694,178.807,7.12502,87.7208,7.12502
7
1.37437e-09,3.336e-08,2.53355e-08,8.00694e-09,1.0094e-08,3.336e-08,1.0094e-08
-60.3093,-97.8517,-96.4218,-86.3166,-84.5285,-97.2817,-84.5285
0,3.14159,3.14159,3.14159,3.14159,3.14159,3.14159
90,90,90,90,172.174,90,7.82553
165.964,267.709,0.753848,177.614,165.964,92.2906,165.964
90,90,90,90,172.174,90,7.82553
345.964,272.291,359.246,182.386,345.964,87.7094,345.964
7
1.34371e-09,3.31935e-08,2.53339e-08,8.00174e-09,1.00899e-08,3.35265e-08,1.00899e-08
-60.1133,-97.8083,-96.4213,-86.3109,-84.5249,-97.325,-84.5249
0,3.14159,3.14159,3.14159,3.14159,3.14159,3.14159
90,90,90,90,172.347,90,7.65305
172.875,267.698,0.37694,178.807,172.875,92.2792,172.875
90,90,90,90,172.347,90,7.65305
352.875,272.302,359.623,181.193,352.875,87.7208,352.875
7
1.33333e-09,3.30269e-08,2.53333e-08,8e-09,1.00885e-08,3.36931e-08,1.00885e-08
-60.046,-97.7646,-96.4211,-86.309,-84.5238,-97.368,-84.5238
0,3.14159,3.14159,3.14159,3.14159,3.14159,3.14159
90,90,90,90,172.405,90,7.59464
180,267.686,0,180,180,92.268,180
90,90,90,90,172.405,90,7.59464
0,272.314,0,180,0,87.732,0
7
1e-09,3.36815e-08,2.56667e-08,7.66667e-09,1.00499e-08,3.30151e-08,1.00499e-08
-57.5472,-97.9351,-96.5346,-85.9394,-84.4904,-97.1915,-84.4904
0,3.14159,3.14159,3.14159,3.14159,3.14159,3.14159
90,90,90,90,174.289,90,5.71059
180,268.299,0,180,180,91.7357,180
90,90,90,90,174.289,90,5.71059
0,271.701,0,180,0,88.2643,0
7
1.01379e-09,3.35149e-08,2.56672e-08,7.66848e-09,1.00513e-08,3.31817e-08,1.00513e-08
-57.6662,-97.892,-96.5348,-85.9414,-84.4916,-97.2352,-84.4916
0,3.14159,3.14159,3.14159,3.14159,3.14159,3.14159
90,90,90,90,174.211,90,5.78883
189.462,268.29,359.628,181.245,189.462,91.727,189.462
90,90,90,90,174.211,90,5.78883
9.46232,271.71,0.372045,178.755,9.46232,88.273,9.46232
7
1.05409e-09,3.33483e-08,2.56688e-08,7.67391e-09,1.00554e-08,3.33483e-08,1.00554e-08
-58.0048,-97.8487,-96.5353,-85.9476,-84.4952,-97.2787,-84.4952
0,3.14159,3.14159,3.14159,3.14159,3.14159,3.14159
90,90,90,90,173.983,90,6.01728
198.435,268.282,359.256,182.49,198.435,91.7184,198.435
90,90,90,90,173.983,90,6.01728
18.4349,271.718,0.744059,177.51,18.4349,88.2816,18.4349
7
1.01379e-09,3.35149e-08,2.56672e-08,7.66848e-09,1.00513e-08,3.31817e-08,1.00513e-08
-57.6662,-97.892,-96.5348,-85.9414,-84.4916,-97.2352,-84.4916
0,3.14159,3.14159,3.14159,3.14159,3.14159,3.14159
90,90,90,90,174.211,90,5.78883
170.538,268.29,0.372045,178.755,170.538,91.727,170.538
90,90,90,90,174.211,90,5.78883
350.538,271.71,359.628,181.245,350.538,88.273,350.538
7
1e-09,3.33483e-08,2.56667e-08,7.66667e-09,1.00499e-08,3.33483e-08,1.00499e-08
-57.5472,-97.8487,-96.5346,-85.9394,-84.4904,-97.2787,-84.4904
0,3.14159,3.14159,3.14159,3.14159,3.14159,3.14159
90,90,90,90,174.289,90,5.71059
180,268.282,0,180,180,91.7184,180
90,90,90,90,174.289,90,5.71059
0,271.718,0,180,0,88.2816,0
7
1.01379e-09,3.31817e-08,2.56672e-08,7.66848e-09,1.00513e-08,3.35149e-08,1.00513e-08
-57.6662,-97.8052,-96.5348,-85.9414,-84.4916,-97.322,-84.4916
0,3.14159,3.14159,3.14159,3.14159,3.14159,3.14159
90,90,90,90,174.211,90,5.78883
189.462,268.273,359.628,181.245,189.462,91.7098,189.462
90,90,90,90,174.211,90,5.78883
9.46232,271.727,0.372045,178.755,9.46232,88.2902,9.46232
7
1.05409e-09,3.33483e-08,2.56688e-08,7.67391e-09,1.00554e-08,3.33483e-08,1.00554e-08
-58.0048,-97.8487,-96.5353,-85.9476,-84.4952,-97.2787,-84.4952
0,3.14159,3.14159,3.14159,3.14159,3.14159,3.14159
90,90,90,90,173.983,90,6.01728
161.565,268.282,0.744059,177.51,161.565,91.7184,161.565
90,90,90,90,173.983,90,6.01728
341.565,271.718,359.256,182.49,341.565,88.2816,341.565
7
1.01379e-09,3.31817e-08,2.56672e-08,7.66848e-09,1.00513e-08,3.35149e-08,1.00513e-08
-57.6662,-97.8052,-96.5348,-85.9414,-84.4916,-97.322,-84.4916
0,3.14159,3.14159,3.14159,3.14159,3.14159,3.14159
90,90,90,90,174.211,90,5.78883
170.538,268.273,0.372045,178.755,170.538,91.7098,170.538
90,90,90,90,174.211,90,5.78883
350.538,271.727,359.628,181.245,350.538,88.2902,350.538
7
1e-09,3.30151e-08,2.56667e-08,7.66667e-09,1.00499e-08,3.36815e-08,1.00499e-08
-57.5472,-97.7615,-96.5346,-85.9394,-84.4904,-97.3651,-84.4904
0,3.14159,3.14159,3.14159,3.14159,3.14159,3.14159
90,90,90,90,174.289,90,5.71059
180,268.264,0,180,180,91.7014,180
90,90,90,90,174.289,90,5.71059
0,271.736,0,180,0,88.2986,0
7
6.66667e-10,3.36733e-08,2.6e-08,7.33333e-09,1.00222e-08,3.30067e-08,1.00222e-08
-54.0254,-97.9329,-96.6467,-85.5533,-84.4665,-97.1893,-84.4665
0,3.14159,3.14159,3.14159,3.14159,3.14159,3.14159
90,90,90,90,176.186,90,3.81407
180,268.866,0,180,180,91.1573,180
90,90,90,90,176.186,90,3.81407
0,271.134,0,180,0,88.8427,0
7
6.87184e-10,3.35066e-08,2.60005e-08,7.33523e-09,1.00236e-08,3.31734e-08,1.00236e-08
-54.2887,-97.8898,-96.6469,-85.5555,-84.4677,-97.233,-84.4677
0,3.14159,3.14159,3.14159,3.14159,3.14159,3.14159
90,90,90,90,176.069,90,3.9311
194.036,268.86,359.633,181.302,194.036,91.1515,194.036
90,90,90,90,176.069,90,3.9311
14.0362,271.14,0.367276,178.698,14.0362,88.8485,14.0362
7
7.45356e-10,3.334e-08,2.60021e-08,7.34091e-09,1.00277e-08,3.334e-08,1.00277e-08
-54.9945,-97.8465,-96.6474,-85.5622,-84.4713,-97.2765,-84.4713
0,3.14159,3.14159,3.14159,3.14159,3.14159,3.14159
90,90,90,90,175.737,90,4.26269
206.565,268.854,359.265,182.603,206.565,91.1458,206.565
90,90,90,90,175.737,90,4.26269
26.5651,271.146,0.734521,177.397,26.5651,88.8542,26.5651
7
6.87184e-10,3.35066e-08,2.60005e-08,7.33523e-09,1.00236e-08,3.31734e-08,1.00236e-08
-54.2887,-97.8898,-96.6469,-85.5555,-84.4677,-97.233,-84.4677
0,3.14159,3.14159,3.14159,3.14159,3.14159,3.14159
90,90,90,90,176.069,90,3.9311
165.964,268.86,0.367276,178.698,165.964,91.1515,165.964
90,90,90,90,176.069,90,3.9311
345.964,271.14,359.633,181.302,345.964,88.8485,345.964
7
6.66667e-10,3.334e-08,2.6e-08,7.33333e-09,1.00222e-08,3.334e-08,1.00222e-08
-54.0254,-97.8465,-96.6467,-85.5533,-84.4665,-97.2765,-84.4665
0,3.14159,3.14159,3.14159,3.14159,3.14159,3.14159
90,90,90,90,176.186,90,3.81407
180,268.854,0,180,180,91.1458,180
90,90,90,90,176.186,90,3.81407
0,271.146,0,180,0,88.8542,0
7
6.87184e-10,3.31734e-08,2.60005e-08,7.33523e-09,1.00236e-08,3.35066e-08,1.00236e-08
-54.2887,-97.803,-96.6469,-85.5555,-84.4677,-97.3198,-84.4677
0,3.14159,3.14159,3.14159,3.14159,3.14159,3.14159
90,90,90,90,176.069,90,3.9311
194.036,268.848,359.633,181.302,194.036,91.1401,194.036
90,90,90,90,176.069,90,3.9311
14.0362,271.152,0.367276,178.698,14.0362,88.8599,14.0362
7
7.45356e-10,3.334e-08,2.60021e-08,7.34091e-09,1.00277e-08,3.334e-08,1.00277e-08
-54.9945,-97.8465,-96.6474,-85.5622,-84.4713,-97.2765,-84.4713
0,3.14159,3.14159,3.14159,3.14159,3.14159,3.14159
90,90,90,90,175.737,90,4.26269
153.435,268.854,0.734521,177.397,153.435,91.1458,153.435
90,90,90,90,175.737,90,4.26269
333.435,271.146,359.265,182.603,333.435,88.8542,333.435
7
6.87184e-10,3.31734e-08,2.60005e-08,7.33523e-09,1.00236e-08,3.35066e-08,1.00236e-08
-54.2887,-97.803,-96.6469,-85.5555,-84.4677,-97.3198,-84.4677
0,3.14159,3.14159,3.14159,3.14159,3.14159,3.14159
90,90,90,90,176.069,90,3.9311
165.964,268.848,0.367276,178.698,165.964,91.1401,165.964
90,90,90,90,176.069,90,3.9311
345.964,271.152,359.633,181.302,345.964,88.8599,345.964
7
6.66667e-10,3.30067e-08,2.6e-08,7.33333e-09,1.00222e-08,3.36733e-08,1.00222e-08
-54.0254,-97.7593,-96.6467,-85.5533,-84.4665,-97.3629,-84.4665
0,3.14159,3.14159,3.14159,3.14159,3.14159,3.14159
90,90,90,90,176.186,90,3.81407
180,268.843,0,180,180,91.1344,180
90,90,90,90,176.186,90,3.81407
0,271.157,0,180,0,88.8656,0
7
3.33333e-10,3.36683e-08,2.63333e-08,7e-09,1.00056e-08,3.30017e-08,1.00056e-08
-48.0048,-97.9317,-96.7573,-85.1492,-84.452,-97.1879,-84.452
0,3.14159,3.14159,3.14159,3.14159,3.14159,3.14159
90,90,90,90,178.091,90,1.90915
180,269.433,0,180,180,90.5787,180
90,90,90,90,178.091,90,1.90915
0,270.567,0,180,0,89.4213,0
7
3.72678e-10,3.35017e-08,2.63339e-08,7.00198e-09,1.00069e-08,3.31683e-08,1.00069e-08
-48.9739,-97.8885,-96.7575,-85.1516,-84.4532,-97.2317,-84.4532
0,3.14159,3.14159,3.14159,3.14159,3.14159,3.14159
90,90,90,90,177.866,90,2.1343
206.565,269.43,359.637,181.364,206.565,90.5758,206.565
90,90,90,90,177.866,90,2.1343
26.5651,270.57,0.362627,178.636,26.5651,89.4242,26.5651
7
4.71405e-10,3.3335e-08,2.63354e-08,7.00793e-09,1.00111e-08,3.3335e-08,1.00111e-08
-51.0151,-97.8452,-96.758,-85.159,-84.4569,-97.2752,-84.4569
0,3.14159,3.14159,3.14159,3.14159,3.14159,3.14159
90,90,90,90,177.301,90,2.69895
225,269.427,359.275,182.726,225,90.5729,225
90,90,90,90,177.301,90,2.69895
45,270.573,0.725224,177.274,45,89.4271,45
7
3.72678e-10,3.35017e-08,2.63339e-08,7.00198e-09,1.00069e-08,3.31683e-08,1.00069e-08
-48.9739,-97.8885,-96.7575,-85.1516,-84.4532,-97.2317,-84.4532
0,3.14159,3.14159,3.14159,3.14159,3.14159,3.14159
90,90,90,90,177.866,90,2.1343
153.435,269.43,0.362627,178.636,153.435,90.5758,153.435
90,90,90,90,177.866,90,2.1343
333.435,270.57,359.637,181.364,333.435,89.4242,333.435
7
3.33333e-10,3.3335e-08,2.63333e-08,7e-09,1.00056e-08,3.3335e-08,1.00056e-08
-48.0048,-97.8452,-96.7573,-85.1492,-84.452,-97.2752,-84.452
0,3.14159,3.14159,3.14159,3.14159,3.14159,3.14159
90,90,90,90,178.091,90,1.90915
180,269.427,0,180,180,90.5729,180
90,90,90,90,178.091,90,1.90915
0,270.573,0,180,0,89.4271,0
7
3.72678e-10,3.31683e-08,2.63339e-08,7.00198e-09,1.00069e-08,3.35017e-08,1.00069e-08
-48.9739,-97.8017,-96.7575,-85.1516,-84.4532,-97.3185,-84.4532
0,3.14159,3.14159,3.14159,3.14159,3.14159,3.14159
90,90,90,90,177.866,90,2.1343
206.565,269.424,359.637,181.364,206.565,90.5701,206.565
90,90,90,90,177.866,90,2.1343
26.5651,270.576,0.362627,178.636,26.5651,89.4299,26.5651
7
4.71405e-10,3.3335e-08,2.63354e-08,7.00793e-09,1.00111e-08,3.3335e-08,1.00111e-08
-51.0151,-97.8452,-96.758,-85.159,-84.4569,-97.2752,-84.4569
0,3.14159,3.14159,3.14159,3.14159,3.14159,3.14159
90,90,90,90,177.301,90,2.69895
135,269.427,0.725224,177.274,135,90.5729,135
90,90,90,90,177.301,90,2.69895
315,270.573,359.275,182.726,315,89.4271,315
7
3.72678e-10,3.31683e-08,2.63339e-08,7.00198e-09,1.00069e-08,3.35017e-08,1.00069e-08
-48.9739,-97.8017,-96.7575,-85.1516,-84.4532,-97.3185,-84.4532
0,3.14159,3.14159,3.14159,3.14159,3.14159,3.14159
90,90,90,90,177.866,90,2.1343
153.435,269.424,0.362627,178.636,153.435,90.5701,153.435
90,90,90,90,177.866,90,2.1343
333.435,270.576,359.637,181.364,333.435,89.4299,333.435
7
3.33333e-10,3.30017e-08,2.63333e-08,7e-09,1.00056e-08,3.36683e-08,1.00056e-08
-48.0048,-97.7579,-96.7573,-85.1492,-84.452,-97.3617,-84.452
0,3.14159,3.14159,3.14159,3.14159,3.14159,3.14159
90,90,90,90,178.091,90,1.90915
180,269.421,0,180,180,90.5673,180
90,90,90,90,178.091,90,1.90915
0,270.579,0,180,0,89.4327,0
