6
6.2914e-08,6.898e-08,6.898e-08,6.6017e-08,6.4173e-08,6.6017e-08
-93.5222,-104.3217,-104.3217,-103.9403,-103.6943,-103.9403
0,3.1416,3.1416,3.1416,3.1416,3.1416
84.5272,85.0097,85.0097,84.7851,102.6006,84.7851
244.7989,247.1663,112.8337,239.5345,244.7989,300.4655
95.4728,94.9903,94.9903,95.2149,102.6006,95.2149
64.7989,292.8337,67.1663,120.4655,64.7989,59.5345
6
6.2165e-08,6.8216e-08,6.9746e-08,6.5303e-08,6.3439e-08,6.5303e-08
-93.4181,-104.2249,-104.4176,-103.8459,-103.5943,-103.8459
0,3.1416,3.1416,3.1416,3.1416,3.1416
84.461,84.9537,85.0647,84.728,102.749,84.728
244.4703,246.8937,112.567,239.1622,244.4703,300.8378
95.539,95.0463,94.9353,95.272,102.749,95.272
64.4703,293.1063,67.433,120.8378,64.4703,59.1622
6
6.1418e-08,6.7453e-08,7.0513e-08,6.4592e-08,6.2706e-08,6.4592e-08
-93.3131,-104.1272,-104.5126,-103.7508,-103.4935,-103.7508
0,3.1416,3.1416,3.1416,3.1416,3.1416
84.3934,84.8965,85.1185,84.6698,102.9004,84.6698
244.1336,246.6148,112.3062,238.7816,244.1336,301.2184
95.6066,95.1035,94.8815,95.3302,102.9004,95.3302
64.1336,293.3852,67.6938,121.2184,64.1336,58.7816
6
6.0672e-08,6.6692e-08,7.1282e-08,6.3884e-08,6.1977e-08,6.3884e-08
-93.207,-104.0287,-104.6068,-103.655,-103.3918,-103.655
0,3.1416,3.1416,3.1416,3.1416,3.1416
84.3243,84.8381,85.1713,84.6105,103.055,84.6105
243.7886,246.3295,112.0511,238.3925,243.7886,301.6075
95.6757,95.1619,94.8287,95.3895,103.055,95.3895
63.7886,293.6705,67.9489,121.6075,63.7886,58.3925
6
5.993e-08,6.5933e-08,7.2052e-08,6.3179e-08,6.125e-08,6.3179e-08
-93.1001,-103.9292,-104.7002,-103.5586,-103.2893,-103.5586
0,3.1416,3.1416,3.1416,3.1416,3.1416
84.2537,84.7785,85.223,84.5502,103.2127,84.5502
243.4349,246.0375,111.8014,237.9946,243.4349,302.0054
95.7463,95.2215,94.777,95.4498,103.2127,95.4498
63.4349,293.9625,68.1986,122.0054,63.4349,57.9946
6
5.9189e-08,6.5175e-08,7.2824e-08,6.2477e-08,6.0526e-08,6.2477e-08
-92.9921,-103.8289,-104.7927,-103.4616,-103.186,-103.4616
0,3.1416,3.1416,3.1416,3.1416,3.1416
84.1816,84.7176,85.2738,84.4888,103.3737,84.4888
243.0723,245.7387,111.5571,237.5877,243.0723,302.4123
95.8184,95.2824,94.7262,95.5112,103.3737,95.5112
63.0723,294.2613,68.4429,122.4123,63.0723,57.5877
6
5.8451e-08,6.442e-08,7.3597e-08,6.1778e-08,5.9804e-08,6.1778e-08
-92.8831,-103.7276,-104.8845,-103.3639,-103.0819,-103.3639
0,3.1416,3.1416,3.1416,3.1416,3.1416
84.1079,84.6555,85.3235,84.4263,103.5381,84.4263
242.7004,245.4328,111.3179,237.1715,242.7004,302.8285
95.8921,95.3445,94.6765,95.5737,103.5381,95.5737
62.7004,294.5672,68.6821,122.8285,62.7004,57.1715
6
5.7716e-08,6.3666e-08,7.4372e-08,6.1083e-08,5.9086e-08,6.1083e-08
-92.7732,-103.6254,-104.9754,-103.2656,-102.9769,-103.2656
0,3.1416,3.1416,3.1416,3.1416,3.1416
84.0326,84.592,85.3723,84.3626,103.7059,84.3626
242.3189,245.1196,111.0838,236.7456,242.3189,303.2544
95.9674,95.408,94.6277,95.6374,103.7059,95.6374
62.3189,294.8804,68.9162,123.2544,62.3189,56.7456
6
5.6983e-08,6.2914e-08,7.5147e-08,6.0391e-08,5.837e-08,6.0391e-08
-92.6622,-103.5222,-105.0655,-103.1667,-102.8711,-103.1667
0,3.1416,3.1416,3.1416,3.1416,3.1416
83.9556,84.5272,85.4202,84.2978,103.8772,84.2978
241.9275,244.7989,110.8545,236.3099,241.9275,303.6901
96.0444,95.4728,94.5798,95.7022,103.8772,95.7022
61.9275,295.2011,69.1455,123.6901,61.9275,56.3099
6
5.6254e-08,6.2165e-08,7.5924e-08,5.9703e-08,5.7658e-08,5.9703e-08
-92.5502,-103.4181,-105.1548,-103.0672,-102.7644,-103.0672
0,3.1416,3.1416,3.1416,3.1416,3.1416
83.8769,84.461,85.4672,84.2319,104.0521,84.2319
241.5258,244.4703,110.6299,235.8641,241.5258,304.1359
96.1231,95.539,94.5328,95.7681,104.0521,95.7681
61.5258,295.5297,69.3701,124.1359,61.5258,55.8641
6
5.5527e-08,6.1418e-08,7.6702e-08,5.9019e-08,5.6949e-08,5.9019e-08
-92.4373,-103.3131,-105.2434,-102.967,-102.657,-102.967
0,3.1416,3.1416,3.1416,3.1416,3.1416
83.7964,84.3934,85.5132,84.1648,104.2307,84.1648
241.1134,244.1336,110.4099,235.4077,241.1134,304.5923
96.2036,95.6066,94.4868,95.8352,104.2307,95.8352
61.1134,295.8664,69.5901,124.5923,61.1134,55.4077
6
5.4803e-08,6.0672e-08,7.7481e-08,5.8338e-08,5.6244e-08,5.8338e-08
-92.3233,-103.207,-105.3312,-102.8663,-102.5487,-102.8663
0,3.1416,3.1416,3.1416,3.1416,3.1416
83.7141,84.3243,85.5584,84.0965,104.4131,84.0965
240.69,243.7886,110.1943,234.9406,240.69,305.0594
96.2859,95.6757,94.4416,95.9035,104.4131,95.9035
60.69,296.2114,69.8057,125.0594,60.69,54.9406
6
5.4082e-08,5.993e-08,7.8262e-08,5.7662e-08,5.5542e-08,5.7662e-08
-92.2083,-103.1001,-105.4182,-102.765,-102.4396,-102.765
0,3.1416,3.1416,3.1416,3.1416,3.1416
83.63,84.2537,85.6028,84.027,104.5993,84.027
240.2551,243.4349,109.9831,234.4623,240.2551,305.5377
96.37,95.7463,94.3972,95.973,104.5993,95.973
60.2551,296.5651,70.0169,125.5377,60.2551,54.4623
6
5.3365e-08,5.9189e-08,7.9043e-08,5.699e-08,5.4843e-08,5.699e-08
-92.0923,-102.9921,-105.5045,-102.6631,-102.3297,-102.6631
0,3.1416,3.1416,3.1416,3.1416,3.1416
83.544,84.1816,85.6464,83.9562,104.7894,83.9562
239.8084,243.0723,109.7761,233.9726,239.8084,306.0274
96.456,95.8184,94.3536,96.0438,104.7894,96.0438
59.8084,296.9277,70.2239,126.0274,59.8084,53.9726
6
5.2651e-08,5.8451e-08,7.9826e-08,5.6322e-08,5.4149e-08,5.6322e-08
-91.9753,-102.8831,-105.5901,-102.5607,-102.219,-102.5607
0,3.1416,3.1416,3.1416,3.1416,3.1416
83.4561,84.1079,85.6891,83.8843,104.9835,83.8843
239.3493,242.7004,109.5731,233.4711,239.3493,306.5289
96.5439,95.8921,94.3109,96.1157,104.9835,96.1157
59.3493,297.2996,70.4269,126.5289,59.3493,53.4711
6
5.194e-08,5.7716e-08,8.0609e-08,5.5658e-08,5.3458e-08,5.5658e-08
-91.8573,-102.7732,-105.6749,-102.4578,-102.1075,-102.4578
0,3.1416,3.1416,3.1416,3.1416,3.1416
83.3662,84.0326,85.7311,83.8111,105.1816,83.8111
238.8775,242.3189,109.3741,232.9575,238.8775,307.0425
96.6338,95.9674,94.2689,96.1889,105.1816,96.1889
58.8775,297.6811,70.6259,127.0425,58.8775,52.9575
6
5.1234e-08,5.6983e-08,8.1393e-08,5.4999e-08,5.2772e-08,5.4999e-08
-91.7383,-102.6622,-105.759,-102.3543,-101.9953,-102.3543
0,3.1416,3.1416,3.1416,3.1416,3.1416
83.2743,83.9556,85.7723,83.7366,105.384,83.7366
238.3925,241.9275,109.179,232.4314,238.3925,307.5686
96.7257,96.0444,94.2277,96.2634,105.384,96.2634
58.3925,298.0725,70.821,127.5686,58.3925,52.4314
6
5.0531e-08,5.6254e-08,8.2179e-08,5.4345e-08,5.209e-08,5.4345e-08
-91.6184,-102.5502,-105.8424,-102.2504,-101.8823,-102.2504
0,3.1416,3.1416,3.1416,3.1416,3.1416
83.1803,83.8769,85.8128,83.6609,105.5905,83.6609
237.8937,241.5258,108.9876,231.8924,237.8937,308.1076
96.8197,96.1231,94.1872,96.3391,105.5905,96.3391
57.8937,298.4742,71.0124,128.1076,57.8937,51.8924
6
4.9832e-08,5.5527e-08,8.2965e-08,5.3696e-08,5.1412e-08,5.3696e-08
-91.4974,-102.4373,-105.9251,-102.146,-101.7685,-102.146
0,3.1416,3.1416,3.1416,3.1416,3.1416
83.0842,83.7964,85.8525,83.584,105.8013,83.584
237.3808,241.1134,108.7999,231.3402,237.3808,308.6598
96.9158,96.2036,94.1475,96.416,105.8013,96.416
57.3808,298.8866,71.2001,128.6598,57.3808,51.3402
6
4.9137e-08,5.4803e-08,8.3752e-08,5.3052e-08,5.0739e-08,5.3052e-08
-91.3755,-102.3233,-106.0072,-102.0412,-101.6541,-102.0412
0,3.1416,3.1416,3.1416,3.1416,3.1416
82.9859,83.7141,85.8916,83.5057,106.0165,83.5057
236.853,240.69,108.6157,230.7743,236.853,309.2257
97.0141,96.2859,94.1084,96.4943,106.0165,96.4943
56.853,299.31,71.3843,129.2257,56.853,50.7743
6
4.8447e-08,5.4082e-08,8.4541e-08,5.2413e-08,5.0071e-08,5.2413e-08
-91.2526,-102.2083,-106.0885,-101.936,-101.5389,-101.936
0,3.1416,3.1416,3.1416,3.1416,3.1416
82.8854,83.63,85.93,83.4263,106.2361,83.4263
236.3099,240.2551,108.4349,230.1944,236.3099,309.8056
97.1146,96.37,94.07,96.5737,106.2361,96.5737
56.3099,299.7449,71.5651,129.8056,56.3099,50.1944
6
4.7761e-08,5.3365e-08,8.533e-08,5.178e-08,4.9408e-08,5.178e-08
-91.1287,-102.0923,-106.1692,-101.8304,-101.4231,-101.8304
0,3.1416,3.1416,3.1416,3.1416,3.1416
82.7828,83.544,85.9677,83.3455,106.4602,83.3455
235.751,239.8084,108.2576,229.6001,235.751,310.3999
97.2172,96.456,94.0323,96.6545,106.4602,96.6545
55.751,300.1916,71.7424,130.3999,55.751,49.6001
6
4.708e-08,5.2651e-08,8.6119e-08,5.1152e-08,4.875e-08,5.1152e-08
-91.004,-101.9753,-106.2492,-101.7245,-101.3067,-101.7245
0,3.1416,3.1416,3.1416,3.1416,3.1416
82.6778,83.4561,86.0047,83.2635,106.6888,83.2635
235.1755,239.3493,108.0834,228.9909,235.1755,311.0091
97.3222,96.5439,93.9953,96.7365,106.6888,96.7365
55.1755,300.6507,71.9166,131.0091,55.1755,48.9909
6
4.6404e-08,5.194e-08,8.691e-08,5.0531e-08,4.8097e-08,5.0531e-08
-90.8784,-101.8573,-106.3286,-101.6184,-101.1896,-101.6184
0,3.1416,3.1416,3.1416,3.1416,3.1416
82.5705,83.3662,86.0411,83.1803,106.922,83.1803
234.5829,238.8775,107.9125,228.3665,234.5829,311.6335
97.4295,96.6338,93.9589,96.8197,106.922,96.8197
54.5829,301.1225,72.0875,131.6335,54.5829,48.3665
6
4.5734e-08,5.1234e-08,8.7702e-08,4.9916e-08,4.745e-08,4.9916e-08
-90.7519,-101.7383,-106.4074,-101.5119,-101.072,-101.5119
0,3.1416,3.1416,3.1416,3.1416,3.1416
82.4609,83.2743,86.0769,83.0958,107.1598,83.0958
233.9726,238.3925,107.7447,227.7263,233.9726,312.2737
97.5391,96.7257,93.9231,96.9042,107.1598,96.9042
53.9726,301.6075,72.2553,132.2737,53.9726,47.7263
6
4.5068e-08,5.0531e-08,8.8494e-08,4.9307e-08,4.681e-08,4.9307e-08
-90.6246,-101.6184,-106.4855,-101.4053,-100.9539,-101.4053
0,3.1416,3.1416,3.1416,3.1416,3.1416
82.349,83.1803,86.1121,83.0101,107.4022,83.0101
233.3439,237.8937,107.5799,227.07,233.3439,312.93
97.651,96.8197,93.8879,96.9899,107.4022,96.9899
53.3439,302.1063,72.4201,132.93,53.3439,47.07
6
4.4409e-08,4.9832e-08,8.9287e-08,4.8704e-08,4.6175e-08,4.8704e-08
-90.4965,-101.4974,-106.563,-101.2986,-100.8353,-101.2986
0,3.1416,3.1416,3.1416,3.1416,3.1416
82.2346,83.0842,86.1466,82.9232,107.6493,82.9232
232.6961,237.3808,107.418,226.3972,232.6961,313.6028
97.7654,96.9158,93.8534,97.0768,107.6493,97.0768
52.6961,302.6192,72.582,133.6028,52.6961,46.3972
6
4.3755e-08,4.9137e-08,9.008e-08,4.8109e-08,4.5546e-08,4.8109e-08
-90.3677,-101.3755,-106.6398,-101.1917,-100.7163,-101.1917
0,3.1416,3.1416,3.1416,3.1416,3.1416
82.1179,82.9859,86.1807,82.8352,107.9009,82.8352
232.0284,236.853,107.259,225.7073,232.0284,314.2927
97.8821,97.0141,93.8193,97.1648,107.9009,97.1648
52.0284,303.147,72.741,134.2927,52.0284,45.7073
6
4.3107e-08,4.8447e-08,9.0875e-08,4.7521e-08,4.4925e-08,4.7521e-08
-90.2382,-101.2526,-106.7161,-101.0849,-100.5969,-101.0849
0,3.1416,3.1416,3.1416,3.1416,3.1416
81.9987,82.8854,86.2141,82.746,108.1573,82.746
231.3402,236.3099,107.1027,225,231.3402,315
98.0013,97.1146,93.7859,97.254,108.1573,97.254
51.3402,303.6901,72.8973,135,51.3402,45
6
4.2466e-08,4.7761e-08,9.167e-08,4.694e-08,4.431e-08,4.694e-08
-90.1081,-101.1287,-106.7918,-100.9781,-100.4772,-100.9781
0,3.1416,3.1416,3.1416,3.1416,3.1416
81.8771,82.7828,86.247,82.6558,108.4182,82.6558
230.6307,235.751,106.9492,224.2748,230.6307,315.7252
98.1229,97.2172,93.753,97.3442,108.4182,97.3442
50.6307,304.249,73.0508,135.7252,50.6307,44.2748
6
4.1832e-08,4.708e-08,9.2466e-08,4.6367e-08,4.3702e-08,4.6367e-08
-89.9773,-101.004,-106.8668,-100.8714,-100.3573,-100.8714
0,3.1416,3.1416,3.1416,3.1416,3.1416
81.7531,82.6778,86.2793,82.5645,108.6836,82.5645
229.8991,235.1755,106.7984,223.5312,229.8991,316.4688
98.2469,97.3222,93.7207,97.4355,108.6836,97.4355
49.8991,304.8245,73.2016,136.4688,49.8991,43.5312
6
4.1204e-08,4.6404e-08,9.3262e-08,4.5802e-08,4.3102e-08,4.5802e-08
-89.8461,-100.8784,-106.9413,-100.7649,-100.2372,-100.7649
0,3.1416,3.1416,3.1416,3.1416,3.1416
81.6266,82.5705,86.3111,82.4723,108.9536,82.4723
229.1446,234.5829,106.6501,222.7688,229.1446,317.2312
98.3734,97.4295,93.6889,97.5277,108.9536,97.5277
49.1446,305.4171,73.3499,137.2312,49.1446,42.7688
6
4.0585e-08,4.5734e-08,9.4059e-08,4.5245e-08,4.251e-08,4.5245e-08
-89.7145,-100.7519,-107.0152,-100.6586,-100.117,-100.6586
0,3.1416,3.1416,3.1416,3.1416,3.1416
81.4978,82.4609,86.3424,82.3791,109.2279,82.3791
228.3665,233.9726,106.5044,221.9872,228.3665,318.0128
98.5022,97.5391,93.6576,97.6209,109.2279,97.6209
48.3665,306.0274,73.4956,138.0128,48.3665,41.9872
6
3.9973e-08,4.5068e-08,9.4857e-08,4.4697e-08,4.1926e-08,4.4697e-08
-89.5825,-100.6246,-107.0886,-100.5528,-99.9969,-100.5528
0,3.1416,3.1416,3.1416,3.1416,3.1416
81.3666,82.349,86.3732,82.285,109.5065,82.285
227.5638,233.3439,106.3611,221.1859,227.5638,318.8141
98.6334,97.651,93.6268,97.715,109.5065,97.715
47.5638,306.6561,73.6389,138.8141,47.5638,41.1859
6
3.9369e-08,4.4409e-08,9.5655e-08,4.4158e-08,4.1351e-08,4.4158e-08
-89.4502,-100.4965,-107.1614,-100.4473,-99.8769,-100.4473
0,3.1416,3.1416,3.1416,3.1416,3.1416
81.2332,82.2346,86.4035,82.1902,109.7891,82.1902
226.7357,232.6961,106.2202,220.3645,226.7357,319.6355
98.7668,97.7654,93.5965,97.8098,109.7891,97.8098
46.7357,307.3039,73.7798,139.6355,46.7357,40.3645
6
3.8773e-08,4.3755e-08,9.6454e-08,4.3628e-08,4.0784e-08,4.3628e-08
-89.3179,-100.3677,-107.2336,-100.3424,-99.7571,-100.3424
0,3.1416,3.1416,3.1416,3.1416,3.1416
81.0974,82.1179,86.4334,82.0947,110.0757,82.0947
225.8814,232.0284,106.0817,219.5226,225.8814,320.4774
98.9026,97.8821,93.5666,97.9053,110.0757,97.9053
45.8814,307.9716,73.9183,140.4774,45.8814,39.5226
6
3.8187e-08,4.3107e-08,9.7253e-08,4.3107e-08,4.0227e-08,4.3107e-08
-89.1855,-100.2382,-107.3053,-100.2382,-99.6376,-100.2382
0,3.1416,3.1416,3.1416,3.1416,3.1416
80.9596,81.9987,86.4627,81.9987,110.366,81.9987
225,231.3402,105.9454,218.6598,225,321.3402
99.0404,98.0013,93.5373,98.0013,110.366,98.0013
45,308.6598,74.0546,141.3402,45,38.6598
6
3.761e-08,4.2466e-08,9.8053e-08,4.2597e-08,3.968e-08,4.2597e-08
-89.0532,-100.1081,-107.3765,-100.1347,-99.5185,-100.1347
0,3.1416,3.1416,3.1416,3.1416,3.1416
80.8196,81.8771,86.4916,81.9022,110.6598,81.9022
224.0906,230.6307,105.8114,217.7757,224.0906,322.2243
99.1804,98.1229,93.5084,98.0978,110.6598,98.0978
44.0906,309.3693,74.1886,142.2243,44.0906,37.7757
6
3.7042e-08,4.1832e-08,9.8854e-08,4.2096e-08,3.9142e-08,4.2096e-08
-88.9211,-99.9773,-107.4471,-100.0321,-99.4001,-100.0321
0,3.1416,3.1416,3.1416,3.1416,3.1416
80.6778,81.7531,86.5201,81.8053,110.9567,81.8053
223.1524,229.8991,105.6795,216.8699,223.1524,323.1301
99.3222,98.2469,93.4799,98.1947,110.9567,98.1947
43.1524,310.1009,74.3205,143.1301,43.1524,36.8699
6
3.6485e-08,4.1204e-08,9.9655e-08,4.1607e-08,3.8615e-08,4.1607e-08
-88.7895,-99.8461,-107.5172,-99.9306,-99.2824,-99.9306
0,3.1416,3.1416,3.1416,3.1416,3.1416
80.5341,81.6266,86.5481,81.7082,111.2565,81.7082
222.1844,229.1446,105.5498,215.9421,222.1844,324.0579
99.4659,98.3734,93.4519,98.2918,111.2565,98.2918
42.1844,310.8554,74.4502,144.0579,42.1844,35.9421
6
3.5938e-08,4.0585e-08,1.0046e-07,4.1129e-08,3.8099e-08,4.1129e-08
-88.6584,-99.7145,-107.5868,-99.8301,-99.1655,-99.8301
0,3.1416,3.1416,3.1416,3.1416,3.1416
80.3888,81.4978,86.5757,81.6111,111.5586,81.6111
221.1859,228.3665,105.4222,214.992,221.1859,325.008
99.6112,98.5022,93.4243,98.3889,111.5586,98.3889
41.1859,311.6335,74.5778,145.008,41.1859,34.992
6
3.5403e-08,3.9973e-08,1.0126e-07,4.0662e-08,3.7595e-08,4.0662e-08
-88.528,-99.5825,-107.6559,-99.7309,-99.0497,-99.7309
0,3.1416,3.1416,3.1416,3.1416,3.1416
80.242,81.3666,86.6028,81.514,111.8628,81.514
220.156,227.5638,105.2965,214.0193,220.156,325.9807
99.758,98.6334,93.3972,98.486,111.8628,98.486
40.156,312.4362,74.7035,145.9807,40.156,34.0193
6
3.4879e-08,3.9369e-08,1.0206e-07,4.0206e-08,3.7102e-08,4.0206e-08
-88.3986,-99.4502,-107.7245,-99.6331,-98.9351,-99.6331
0,3.1416,3.1416,3.1416,3.1416,3.1416
80.094,81.2332,86.6296,81.4172,112.1684,81.4172
219.0939,226.7357,105.1729,213.0239,219.0939,326.9761
99.906,98.7668,93.3704,98.5828,112.1684,98.5828
39.0939,313.2643,74.8271,146.9761,39.0939,33.0239
6
3.4368e-08,3.8773e-08,1.0286e-07,3.9764e-08,3.6621e-08,3.9764e-08
-88.2702,-99.3179,-107.7925,-99.5369,-98.8219,-99.5369
0,3.1416,3.1416,3.1416,3.1416,3.1416
79.9451,81.0974,86.6559,81.3209,112.475,81.3209
217.9987,225.8814,105.0512,212.0054,217.9987,327.9946
100.0549,98.9026,93.3441,98.6791,112.475,98.6791
37.9987,314.1186,74.9488,147.9946,37.9987,32.0054
6
3.3869e-08,3.8187e-08,1.0367e-07,3.9333e-08,3.6154e-08,3.9333e-08
-88.1433,-99.1855,-107.8601,-99.4424,-98.7103,-99.4424
0,3.1416,3.1416,3.1416,3.1416,3.1416
79.7955,80.9596,86.6819,81.2252,112.7819,81.2252
216.8699,225,104.9314,210.9638,216.8699,329.0362
100.2045,99.0404,93.3181,98.7748,112.7819,98.7748
36.8699,315,75.0686,149.0362,36.8699,30.9638
6
3.3384e-08,3.761e-08,1.0447e-07,3.8916e-08,3.57e-08,3.8916e-08
-88.0179,-99.0532,-107.9273,-99.3498,-98.6005,-99.3498
0,3.1416,3.1416,3.1416,3.1416,3.1416
79.6455,80.8196,86.7074,81.1304,113.0885,81.1304
215.7067,224.0906,104.8135,209.8989,215.7067,330.1011
100.3545,99.1804,93.2926,98.8696,113.0885,98.8696
35.7067,315.9094,75.1865,150.1011,35.7067,29.8989
6
3.2912e-08,3.7042e-08,1.0528e-07,3.8513e-08,3.5259e-08,3.8513e-08
-87.8944,-98.9211,-107.9939,-99.2593,-98.4927,-99.2593
0,3.1416,3.1416,3.1416,3.1416,3.1416
79.4955,80.6778,86.7326,81.0367,113.3939,81.0367
214.5085,223.1524,104.6973,208.8108,214.5085,331.1892
100.5045,99.3222,93.2674,98.9633,113.3939,98.9633
34.5085,316.8476,75.3027,151.1892,34.5085,28.8108
6
3.2456e-08,3.6485e-08,1.0608e-07,3.8123e-08,3.4833e-08,3.8123e-08
-87.773,-98.7895,-108.06,-99.171,-98.3871,-99.171
0,3.1416,3.1416,3.1416,3.1416,3.1416
79.346,80.5341,86.7574,80.9443,113.6974,80.9443
213.2749,222.1844,104.5829,207.6995,213.2749,332.3005
100.654,99.4659,93.2426,99.0557,113.6974,99.0557
33.2749,317.8156,75.4171,152.3005,33.2749,27.6995
6
3.2014e-08,3.5938e-08,1.0689e-07,3.7748e-08,3.4422e-08,3.7748e-08
-87.654,-98.6584,-108.1257,-99.085,-98.284,-99.085
0,3.1416,3.1416,3.1416,3.1416,3.1416
79.1972,80.3888,86.7819,80.8535,113.9981,80.8535
212.0054,221.1859,104.4703,206.5651,212.0054,333.4349
100.8028,99.6112,93.2181,99.1465,113.9981,99.1465
32.0054,318.8141,75.5297,153.4349,32.0054,26.5651
6
3.1588e-08,3.5403e-08,1.0769e-07,3.7387e-08,3.4026e-08,3.7387e-08
-87.5377,-98.528,-108.191,-99.0017,-98.1835,-99.0017
0,3.1416,3.1416,3.1416,3.1416,3.1416
79.0498,80.242,86.806,80.7646,114.295,80.7646
210.6997,220.156,104.3593,205.4077,210.6997,334.5923
100.9502,99.758,93.194,99.2354,114.295,99.2354
30.6997,319.844,75.6407,154.5923,30.6997,25.4077
6
3.1179e-08,3.4879e-08,1.085e-07,3.7042e-08,3.3647e-08,3.7042e-08
-87.4244,-98.3986,-108.2558,-98.9211,-98.0861,-98.9211
0,3.1416,3.1416,3.1416,3.1416,3.1416
78.9042,80.094,86.8298,80.6778,114.5872,80.6778
209.3578,219.0939,104.25,204.2277,209.3578,335.7723
101.0958,99.906,93.1702,99.3222,114.5872,99.3222
29.3578,320.9061,75.75,155.7723,29.3578,24.2277
6
3.0787e-08,3.4368e-08,1.0931e-07,3.6713e-08,3.3284e-08,3.6713e-08
-87.3144,-98.2702,-108.3201,-98.8435,-97.9918,-98.8435
0,3.1416,3.1416,3.1416,3.1416,3.1416
78.761,79.9451,86.8532,80.5933,114.8736,80.5933
207.9795,217.9987,104.1423,203.0255,207.9795,336.9745
101.239,100.0549,93.1468,99.4067,114.8736,99.4067
27.9795,322.0013,75.8577,156.9745,27.9795,23.0255
6
3.0412e-08,3.3869e-08,1.1011e-07,3.6399e-08,3.2938e-08,3.6399e-08
-87.2081,-98.1433,-108.384,-98.769,-97.901,-98.769
0,3.1416,3.1416,3.1416,3.1416,3.1416
78.6208,79.7955,86.8763,80.5116,115.153,80.5116
206.5651,216.8699,104.0362,201.8014,206.5651,338.1986
101.3792,100.2045,93.1237,99.4884,115.153,99.4884
26.5651,323.1301,75.9638,158.1986,26.5651,21.8014
6
3.0056e-08,3.3384e-08,1.1092e-07,3.6102e-08,3.2609e-08,3.6102e-08
-87.1059,-98.0179,-108.4475,-98.6979,-97.814,-98.6979
0,3.1416,3.1416,3.1416,3.1416,3.1416
78.4842,79.6455,86.899,80.4328,115.4243,80.4328
205.1148,215.7067,103.9317,200.556,205.1148,339.444
101.5158,100.3545,93.101,99.5672,115.4243,99.5672
25.1148,324.2933,76.0683,159.444,25.1148,20.556
6
2.9719e-08,3.2912e-08,1.1173e-07,3.5822e-08,3.2299e-08,3.5822e-08
-87.0079,-97.8944,-108.5105,-98.6303,-97.731,-98.6303
0,3.1416,3.1416,3.1416,3.1416,3.1416
78.3518,79.4955,86.9215,80.3573,115.6862,80.3573
203.6294,214.5085,103.8287,199.29,203.6294,340.71
101.6482,100.5045,93.0785,99.6427,115.6862,99.6427
23.6294,325.4915,76.1713,160.71,23.6294,19.29
6
2.9402e-08,3.2456e-08,1.1254e-07,3.5559e-08,3.2007e-08,3.5559e-08
-86.9148,-97.773,-108.5731,-98.5663,-97.6522,-98.5663
0,3.1416,3.1416,3.1416,3.1416,3.1416
78.2244,79.346,86.9436,80.2854,115.9375,80.2854
202.1094,213.2749,103.7271,198.0042,202.1094,341.9958
101.7756,100.654,93.0564,99.7146,115.9375,99.7146
22.1094,326.7251,76.2729,161.9958,22.1094,18.0042
6
2.9105e-08,3.2014e-08,1.1335e-07,3.5315e-08,3.1735e-08,3.5315e-08
-86.8266,-97.654,-108.6353,-98.5063,-97.578,-98.5063
0,3.1416,3.1416,3.1416,3.1416,3.1416
78.1026,79.1972,86.9654,80.2173,116.1769,80.2173
200.556,212.0054,103.627,196.6992,200.556,343.3008
101.8974,100.8028,93.0346,99.7827,116.1769,99.7827
20.556,327.9946,76.373,163.3008,20.556,16.6992
6
2.883e-08,3.1588e-08,1.1415e-07,3.5088e-08,3.1482e-08,3.5088e-08
-86.744,-97.5377,-108.697,-98.4503,-97.5085,-98.4503
0,3.1416,3.1416,3.1416,3.1416,3.1416
77.9871,79.0498,86.9869,80.1535,116.4032,80.1535
198.9704,210.6997,103.5283,195.3763,198.9704,344.6237
102.0129,100.9502,93.0131,99.8465,116.4032,99.8465
18.9704,329.3003,76.4717,164.6237,18.9704,15.3763
6
2.8576e-08,3.1179e-08,1.1496e-07,3.4879e-08,3.125e-08,3.4879e-08
-86.6671,-97.4244,-108.7584,-98.3986,-97.4442,-98.3986
0,3.1416,3.1416,3.1416,3.1416,3.1416
77.8787,78.9042,87.0082,80.094,116.615,80.094
197.354,209.3578,103.431,194.0362,197.354,345.9638
102.1213,101.0958,92.9918,99.906,116.615,99.906
17.354,330.6422,76.569,165.9638,17.354,14.0362
6
2.8344e-08,3.0787e-08,1.1577e-07,3.469e-08,3.1038e-08,3.469e-08
-86.5964,-97.3144,-108.8194,-98.3512,-97.3851,-98.3512
0,3.1416,3.1416,3.1416,3.1416,3.1416
77.7781,78.761,87.0291,80.0393,116.8111,80.0393
195.7086,207.9795,103.3351,192.6804,195.7086,347.3196
102.2219,101.239,92.9709,99.9607,116.8111,99.9607
15.7086,332.0205,76.6649,167.3196,15.7086,12.6804
6
2.8135e-08,3.0412e-08,1.1658e-07,3.4519e-08,3.0847e-08,3.4519e-08
-86.5321,-97.2081,-108.8799,-98.3084,-97.3315,-98.3084
0,3.1416,3.1416,3.1416,3.1416,3.1416
77.6858,78.6208,87.0498,79.9896,116.9903,79.9896
194.0362,206.5651,103.2405,191.3099,194.0362,348.6901
102.3142,101.3792,92.9502,100.0104,116.9903,100.0104
14.0362,333.4349,76.7595,168.6901,14.0362,11.3099
6
2.7949e-08,3.0056e-08,1.1739e-07,3.4368e-08,3.0678e-08,3.4368e-08
-86.4745,-97.1059,-108.9401,-98.2702,-97.2837,-98.2702
0,3.1416,3.1416,3.1416,3.1416,3.1416
77.6027,78.4842,87.0702,79.9451,117.1515,79.9451
192.3391,205.1148,103.1472,189.9262,192.3391,350.0738
102.3973,101.5158,92.9298,100.0549,117.1515,100.0549
12.3391,334.8852,76.8528,170.0738,12.3391,9.9262
6
2.7787e-08,2.9719e-08,1.182e-07,3.4236e-08,3.053e-08,3.4236e-08
-86.424,-97.0079,-108.9998,-98.2369,-97.2419,-98.2369
0,3.1416,3.1416,3.1416,3.1416,3.1416
77.5293,78.3518,87.0903,79.906,117.2935,79.906
190.6197,203.6294,103.0552,188.5308,190.6197,351.4692
102.4707,101.6482,92.9097,100.094,117.2935,100.094
10.6197,336.3706,76.9448,171.4692,10.6197,8.5308
6
2.7649e-08,2.9402e-08,1.1901e-07,3.4124e-08,3.0405e-08,3.4124e-08
-86.3809,-96.9148,-109.0592,-98.2085,-97.2061,-98.2085
0,3.1416,3.1416,3.1416,3.1416,3.1416
77.4661,78.2244,87.1101,79.8726,117.4155,79.8726
188.8807,202.1094,102.9645,187.125,188.8807,352.875
102.5339,101.7756,92.8899,100.1274,117.4155,100.1274
8.8807,337.8906,77.0355,172.875,8.8807,7.125
6
2.7536e-08,2.9105e-08,1.1983e-07,3.4033e-08,3.0302e-08,3.4033e-08
-86.3452,-96.8266,-109.1182,-98.1852,-97.1767,-98.1852
0,3.1416,3.1416,3.1416,3.1416,3.1416
77.4137,78.1026,87.1297,79.8451,117.5165,79.8451
187.125,200.556,102.875,185.7106,187.125,354.2894
102.5863,101.8974,92.8703,100.1549,117.5165,100.1549
7.125,339.444,77.125,174.2894,7.125,5.7106
6
2.7447e-08,2.883e-08,1.2064e-07,3.3961e-08,3.0222e-08,3.3961e-08
-86.3173,-96.744,-109.1769,-98.1669,-97.1536,-98.1669
0,3.1416,3.1416,3.1416,3.1416,3.1416
77.3725,77.9871,87.149,79.8235,117.5959,79.8235
185.3558,198.9704,102.7867,184.2892,185.3558,355.7108
102.6275,102.0129,92.851,100.1765,117.5959,100.1765
5.3558,341.0296,77.2133,175.7108,5.3558,4.2892
6
2.7384e-08,2.8576e-08,1.2145e-07,3.391e-08,3.0164e-08,3.391e-08
-86.2972,-96.6671,-109.2351,-98.1538,-97.1371,-98.1538
0,3.1416,3.1416,3.1416,3.1416,3.1416
77.3428,77.8787,87.1681,79.8079,117.653,79.8079
183.5763,197.354,102.6996,182.8624,183.5763,357.1376
102.6572,102.1213,92.8319,100.1921,117.653,100.1921
3.5763,342.646,77.3004,177.1376,3.5763,2.8624
6
2.7346e-08,2.8344e-08,1.2226e-07,3.3879e-08,3.013e-08,3.3879e-08
-86.2851,-96.5964,-109.293,-98.1459,-97.1271,-98.1459
0,3.1416,3.1416,3.1416,3.1416,3.1416
77.3249,77.7781,87.1869,79.7986,117.6874,79.7986
181.7899,195.7086,102.6136,181.4321,181.7899,358.5679
102.6751,102.2219,92.8131,100.2014,117.6874,100.2014
1.7899,344.2914,77.3864,178.5679,1.7899,1.4321
6
2.7333e-08,2.8135e-08,1.2307e-07,3.3869e-08,3.0118e-08,3.3869e-08
-86.2811,-96.5321,-109.3505,-98.1433,-97.1238,-98.1433
0,3.1416,3.1416,3.1416,3.1416,3.1416
77.3189,77.6858,87.2055,79.7955,117.6989,79.7955
180,194.0362,102.5288,180,180,0
102.6811,102.3142,92.7945,100.2045,117.6989,100.2045
0,345.9638,77.4712,180,0,0
6
2.7346e-08,2.7949e-08,1.2389e-07,3.3879e-08,3.013e-08,3.3879e-08
-86.2851,-96.4745,-109.4077,-98.1459,-97.1271,-98.1459
0,3.1416,3.1416,3.1416,3.1416,3.1416
77.3249,77.6027,87.2238,79.7986,117.6874,79.7986
178.2101,192.3391,102.4451,178.5679,178.2101,1.4321
102.6751,102.3973,92.7762,100.2014,117.6874,100.2014
358.2101,347.6609,77.5549,181.4321,358.2101,358.5679
6
2.7384e-08,2.7787e-08,1.247e-07,3.391e-08,3.0164e-08,3.391e-08
-86.2972,-96.424,-109.4645,-98.1538,-97.1371,-98.1538
0,3.1416,3.1416,3.1416,3.1416,3.1416
77.3428,77.5293,87.242,79.8079,117.653,79.8079
176.4237,190.6197,102.3625,177.1376,176.4237,2.8624
102.6572,102.4707,92.758,100.1921,117.653,100.1921
356.4237,349.3803,77.6375,182.8624,356.4237,357.1376
6
2.7346e-08,2.7949e-08,1.2389e-07,3.3879e-08,3.013e-08,3.3879e-08
-86.2851,-96.4745,-109.4077,-98.1459,-97.1271,-98.1459
0,3.1416,3.1416,3.1416,3.1416,3.1416
77.3249,77.6027,87.2238,79.7986,117.6874,79.7986
178.2101,192.3391,102.4451,178.5679,178.2101,1.4321
102.6751,102.3973,92.7762,100.2014,117.6874,100.2014
358.2101,347.6609,77.5549,181.4321,358.2101,358.5679
6
2.7333e-08,2.8135e-08,1.2307e-07,3.3869e-08,3.0118e-08,3.3869e-08
-86.2811,-96.5321,-109.3505,-98.1433,-97.1238,-98.1433
0,3.1416,3.1416,3.1416,3.1416,3.1416
77.3189,77.6858,87.2055,79.7955,117.6989,79.7955
180,194.0362,102.5288,180,180,0
102.6811,102.3142,92.7945,100.2045,117.6989,100.2045
0,345.9638,77.4712,180,0,0
6
2.7346e-08,2.8344e-08,1.2226e-07,3.3879e-08,3.013e-08,3.3879e-08
-86.2851,-96.5964,-109.293,-98.1459,-97.1271,-98.1459
0,3.1416,3.1416,3.1416,3.1416,3.1416
77.3249,77.7781,87.1869,79.7986,117.6874,79.7986
181.7899,195.7086,102.6136,181.4321,181.7899,358.5679
102.6751,102.2219,92.8131,100.2014,117.6874,100.2014
1.7899,344.2914,77.3864,178.5679,1.7899,1.4321
6
2.7384e-08,2.8576e-08,1.2145e-07,3.391e-08,3.0164e-08,3.391e-08
-86.2972,-96.6671,-109.2351,-98.1538,-97.1371,-98.1538
0,3.1416,3.1416,3.1416,3.1416,3.1416
77.3428,77.8787,87.1681,79.8079,117.653,79.8079
183.5763,197.354,102.6996,182.8624,183.5763,357.1376
102.6572,102.1213,92.8319,100.1921,117.653,100.1921
3.5763,342.646,77.3004,177.1376,3.5763,2.8624
6
2.7447e-08,2.883e-08,1.2064e-07,3.3961e-08,3.0222e-08,3.3961e-08
-86.3173,-96.744,-109.1769,-98.1669,-97.1536,-98.1669
0,3.1416,3.1416,3.1416,3.1416,3.1416
77.3725,77.9871,87.149,79.8235,117.5959,79.8235
185.3558,198.9704,102.7867,184.2892,185.3558,355.7108
102.6275,102.0129,92.851,100.1765,117.5959,100.1765
5.3558,341.0296,77.2133,175.7108,5.3558,4.2892
6
2.7536e-08,2.9105e-08,1.1983e-07,3.4033e-08,3.0302e-08,3.4033e-08
-86.3452,-96.8266,-109.1182,-98.1852,-97.1767,-98.1852
0,3.1416,3.1416,3.1416,3.1416,3.1416
77.4137,78.1026,87.1297,79.8451,117.5165,79.8451
187.125,200.556,102.875,185.7106,187.125,354.2894
102.5863,101.8974,92.8703,100.1549,117.5165,100.1549
7.125,339.444,77.125,174.2894,7.125,5.7106
6
2.7649e-08,2.9402e-08,1.1901e-07,3.4124e-08,3.0405e-08,3.4124e-08
-86.3809,-96.9148,-109.0592,-98.2085,-97.2061,-98.2085
0,3.1416,3.1416,3.1416,3.1416,3.1416
77.4661,78.2244,87.1101,79.8726,117.4155,79.8726
188.8807,202.1094,102.9645,187.125,188.8807,352.875
102.5339,101.7756,92.8899,100.1274,117.4155,100.1274
8.8807,337.8906,77.0355,172.875,8.8807,7.125
6
2.7787e-08,2.9719e-08,1.182e-07,3.4236e-08,3.053e-08,3.4236e-08
-86.424,-97.0079,-108.9998,-98.2369,-97.2419,-98.2369
0,3.1416,3.1416,3.1416,3.1416,3.1416
77.5293,78.3518,87.0903,79.906,117.2935,79.906
190.6197,203.6294,103.0552,188.5308,190.6197,351.4692
102.4707,101.6482,92.9097,100.094,117.2935,100.094
10.6197,336.3706,76.9448,171.4692,10.6197,8.5308
6
2.7949e-08,3.0056e-08,1.1739e-07,3.4368e-08,3.0678e-08,3.4368e-08
-86.4745,-97.1059,-108.9401,-98.2702,-97.2837,-98.2702
0,3.1416,3.1416,3.1416,3.1416,3.1416
77.6027,78.4842,87.0702,79.9451,117.1515,79.9451
192.3391,205.1148,103.1472,189.9262,192.3391,350.0738
102.3973,101.5158,92.9298,100.0549,117.1515,100.0549
12.3391,334.8852,76.8528,170.0738,12.3391,9.9262
6
2.8135e-08,3.0412e-08,1.1658e-07,3.4519e-08,3.0847e-08,3.4519e-08
-86.5321,-97.2081,-108.8799,-98.3084,-97.3315,-98.3084
0,3.1416,3.1416,3.1416,3.1416,3.1416
77.6858,78.6208,87.0498,79.9896,116.9903,79.9896
194.0362,206.5651,103.2405,191.3099,194.0362,348.6901
102.3142,101.3792,92.9502,100.0104,116.9903,100.0104
14.0362,333.4349,76.7595,168.6901,14.0362,11.3099
6
2.8344e-08,3.0787e-08,1.1577e-07,3.469e-08,3.1038e-08,3.469e-08
-86.5964,-97.3144,-108.8194,-98.3512,-97.3851,-98.3512
0,3.1416,3.1416,3.1416,3.1416,3.1416
77.7781,78.761,87.0291,80.0393,116.8111,80.0393
195.7086,207.9795,103.3351,192.6804,195.7086,347.3196
102.2219,101.239,92.9709,99.9607,116.8111,99.9607
15.7086,332.0205,76.6649,167.3196,15.7086,12.6804
6
2.8576e-08,3.1179e-08,1.1496e-07,3.4879e-08,3.125e-08,3.4879e-08
-86.6671,-97.4244,-108.7584,-98.3986,-97.4442,-98.3986
0,3.1416,3.1416,3.1416,3.1416,3.1416
77.8787,78.9042,87.0082,80.094,116.615,80.094
197.354,209.3578,103.431,194.0362,197.354,345.9638
102.1213,101.0958,92.9918,99.906,116.615,99.906
17.354,330.6422,76.569,165.9638,17.354,14.0362
6
2.883e-08,3.1588e-08,1.1415e-07,3.5088e-08,3.1482e-08,3.5088e-08
-86.744,-97.5377,-108.697,-98.4503,-97.5085,-98.4503
0,3.1416,3.1416,3.1416,3.1416,3.1416
77.9871,79.0498,86.9869,80.1535,116.4032,80.1535
198.9704,210.6997,103.5283,195.3763,198.9704,344.6237
102.0129,100.9502,93.0131,99.8465,116.4032,99.8465
18.9704,329.3003,76.4717,164.6237,18.9704,15.3763
6
2.9105e-08,3.2014e-08,1.1335e-07,3.5315e-08,3.1735e-08,3.5315e-08
-86.8266,-97.654,-108.6353,-98.5063,-97.578,-98.5063
0,3.1416,3.1416,3.1416,3.1416,3.1416
78.1026,79.1972,86.9654,80.2173,116.1769,80.2173
200.556,212.0054,103.627,196.6992,200.556,343.3008
101.8974,100.8028,93.0346,99.7827,116.1769,99.7827
20.556,327.9946,76.373,163.3008,20.556,16.6992
6
2.9402e-08,3.2456e-08,1.1254e-07,3.5559e-08,3.2007e-08,3.5559e-08
-86.9148,-97.773,-108.5731,-98.5663,-97.6522,-98.5663
0,3.1416,3.1416,3.1416,3.1416,3.1416
78.2244,79.346,86.9436,80.2854,115.9375,80.2854
202.1094,213.2749,103.7271,198.0042,202.1094,341.9958
101.7756,100.654,93.0564,99.7146,115.9375,99.7146
22.1094,326.7251,76.2729,161.9958,22.1094,18.0042
6
2.9719e-08,3.2912e-08,1.1173e-07,3.5822e-08,3.2299e-08,3.5822e-08
-87.0079,-97.8944,-108.5105,-98.6303,-97.731,-98.6303
0,3.1416,3.1416,3.1416,3.1416,3.1416
78.3518,79.4955,86.9215,80.3573,115.6862,80.3573
203.6294,214.5085,103.8287,199.29,203.6294,340.71
101.6482,100.5045,93.0785,99.6427,115.6862,99.6427
23.6294,325.4915,76.1713,160.71,23.6294,19.29
6
3.0056e-08,3.3384e-08,1.1092e-07,3.6102e-08,3.2609e-08,3.6102e-08
-87.1059,-98.0179,-108.4475,-98.6979,-97.814,-98.6979
0,3.1416,3.1416,3.1416,3.1416,3.1416
78.4842,79.6455,86.899,80.4328,115.4243,80.4328
205.1148,215.7067,103.9317,200.556,205.1148,339.444
101.5158,100.3545,93.101,99.5672,115.4243,99.5672
25.1148,324.2933,76.0683,159.444,25.1148,20.556
6
3.0412e-08,3.3869e-08,1.1011e-07,3.6399e-08,3.2938e-08,3.6399e-08
-87.2081,-98.1433,-108.384,-98.769,-97.901,-98.769
0,3.1416,3.1416,3.1416,3.1416,3.1416
78.6208,79.7955,86.8763,80.5116,115.153,80.5116
206.5651,216.8699,104.0362,201.8014,206.5651,338.1986
101.3792,100.2045,93.1237,99.4884,115.153,99.4884
26.5651,323.1301,75.9638,158.1986,26.5651,21.8014
6
3.0787e-08,3.4368e-08,1.0931e-07,3.6713e-08,3.3284e-08,3.6713e-08
-87.3144,-98.2702,-108.3201,-98.8435,-97.9918,-98.8435
0,3.1416,3.1416,3.1416,3.1416,3.1416
78.761,79.9451,86.8532,80.5933,114.8736,80.5933
207.9795,217.9987,104.1423,203.0255,207.9795,336.9745
101.239,100.0549,93.1468,99.4067,114.8736,99.4067
27.9795,322.0013,75.8577,156.9745,27.9795,23.0255
6
3.1179e-08,3.4879e-08,1.085e-07,3.7042e-08,3.3647e-08,3.7042e-08
-87.4244,-98.3986,-108.2558,-98.9211,-98.0861,-98.9211
0,3.1416,3.1416,3.1416,3.1416,3.1416
78.9042,80.094,86.8298,80.6778,114.5872,80.6778
209.3578,219.0939,104.25,204.2277,209.3578,335.7723
101.0958,99.906,93.1702,99.3222,114.5872,99.3222
29.3578,320.9061,75.75,155.7723,29.3578,24.2277
6
3.1588e-08,3.5403e-08,1.0769e-07,3.7387e-08,3.4026e-08,3.7387e-08
-87.5377,-98.528,-108.191,-99.0017,-98.1835,-99.0017
0,3.1416,3.1416,3.1416,3.1416,3.1416
79.0498,80.242,86.806,80.7646,114.295,80.7646
210.6997,220.156,104.3593,205.4077,210.6997,334.5923
100.9502,99.758,93.194,99.2354,114.295,99.2354
30.6997,319.844,75.6407,154.5923,30.6997,25.4077
6
3.2014e-08,3.5938e-08,1.0689e-07,3.7748e-08,3.4422e-08,3.7748e-08
-87.654,-98.6584,-108.1257,-99.085,-98.284,-99.085
0,3.1416,3.1416,3.1416,3.1416,3.1416
79.1972,80.3888,86.7819,80.8535,113.9981,80.8535
212.0054,221.1859,104.4703,206.5651,212.0054,333.4349
100.8028,99.6112,93.2181,99.1465,113.9981,99.1465
32.0054,318.8141,75.5297,153.4349,32.0054,26.5651
6
3.2456e-08,3.6485e-08,1.0608e-07,3.8123e-08,3.4833e-08,3.8123e-08
-87.773,-98.7895,-108.06,-99.171,-98.3871,-99.171
0,3.1416,3.1416,3.1416,3.1416,3.1416
79.346,80.5341,86.7574,80.9443,113.6974,80.9443
213.2749,222.1844,104.5829,207.6995,213.2749,332.3005
100.654,99.4659,93.2426,99.0557,113.6974,99.0557
33.2749,317.8156,75.4171,152.3005,33.2749,27.6995
6
3.2912e-08,3.7042e-08,1.0528e-07,3.8513e-08,3.5259e-08,3.8513e-08
-87.8944,-98.9211,-107.9939,-99.2593,-98.4927,-99.2593
0,3.1416,3.1416,3.1416,3.1416,3.1416
79.4955,80.6778,86.7326,81.0367,113.3939,81.0367
214.5085,223.1524,104.6973,208.8108,214.5085,331.1892
100.5045,99.3222,93.2674,98.9633,113.3939,98.9633
34.5085,316.8476,75.3027,151.1892,34.5085,28.8108
6
3.3384e-08,3.761e-08,1.0447e-07,3.8916e-08,3.57e-08,3.8916e-08
-88.0179,-99.0532,-107.9273,-99.3498,-98.6005,-99.3498
0,3.1416,3.1416,3.1416,3.1416,3.1416
79.6455,80.8196,86.7074,81.1304,113.0885,81.1304
215.7067,224.0906,104.8135,209.8989,215.7067,330.1011
100.3545,99.1804,93.2926,98.8696,113.0885,98.8696
35.7067,315.9094,75.1865,150.1011,35.7067,29.8989
6
3.3869e-08,3.8187e-08,1.0367e-07,3.9333e-08,3.6154e-08,3.9333e-08
-88.1433,-99.1855,-107.8601,-99.4424,-98.7103,-99.4424
0,3.1416,3.1416,3.1416,3.1416,3.1416
79.7955,80.9596,86.6819,81.2252,112.7819,81.2252
216.8699,225,104.9314,210.9638,216.8699,329.0362
100.2045,99.0404,93.3181,98.7748,112.7819,98.7748
36.8699,315,75.0686,149.0362,36.8699,30.9638
6
3.4368e-08,3.8773e-08,1.0286e-07,3.9764e-08,3.6621e-08,3.9764e-08
-88.2702,-99.3179,-107.7925,-99.5369,-98.8219,-99.5369
0,3.1416,3.1416,3.1416,3.1416,3.1416
79.9451,81.0974,86.6559,81.3209,112.475,81.3209
217.9987,225.8814,105.0512,212.0054,217.9987,327.9946
100.0549,98.9026,93.3441,98.6791,112.475,98.6791
37.9987,314.1186,74.9488,147.9946,37.9987,32.0054
6
3.4879e-08,3.9369e-08,1.0206e-07,4.0206e-08,3.7102e-08,4.0206e-08
-88.3986,-99.4502,-107.7245,-99.6331,-98.9351,-99.6331
0,3.1416,3.1416,3.1416,3.1416,3.1416
80.094,81.2332,86.6296,81.4172,112.1684,81.4172
219.0939,226.7357,105.1729,213.0239,219.0939,326.9761
99.906,98.7668,93.3704,98.5828,112.1684,98.5828
39.0939,313.2643,74.8271,146.9761,39.0939,33.0239
6
3.5403e-08,3.9973e-08,1.0126e-07,4.0662e-08,3.7595e-08,4.0662e-08
-88.528,-99.5825,-107.6559,-99.7309,-99.0497,-99.7309
0,3.1416,3.1416,3.1416,3.1416,3.1416
80.242,81.3666,86.6028,81.514,111.8628,81.514
220.156,227.5638,105.2965,214.0193,220.156,325.9807
99.758,98.6334,93.3972,98.486,111.8628,98.486
40.156,312.4362,74.7035,145.9807,40.156,34.0193
6
3.5938e-08,4.0585e-08,1.0046e-07,4.1129e-08,3.8099e-08,4.1129e-08
-88.6584,-99.7145,-107.5868,-99.8301,-99.1655,-99.8301
0,3.1416,3.1416,3.1416,3.1416,3.1416
80.3888,81.4978,86.5757,81.6111,111.5586,81.6111
221.1859,228.3665,105.4222,214.992,221.1859,325.008
99.6112,98.5022,93.4243,98.3889,111.5586,98.3889
41.1859,311.6335,74.5778,145.008,41.1859,34.992
