7
1e-08,3.49607e-08,1.66667e-08,1.66667e-08,1.41421e-08,3.46414e-08,1.41421e-08
-77.5472,-98.2588,-92.7842,-92.6842,-87.4575,-97.6091,-87.4575
0,3.14159,3.14159,3.14159,3.14159,3.14159,3.14159
90,90,90,90,135,90,45
0,286.621,0,180,0,73.2215,0
90,90,90,90,135,90,45
180,253.379,0,180,180,106.778,180
7
1.00014e-08,3.4801e-08,1.66675e-08,1.66675e-08,1.41431e-08,3.4801e-08,1.41431e-08
-77.5484,-98.2191,-92.7846,-92.6846,-87.4581,-97.6491,-87.4581
0,3.14159,3.14159,3.14159,3.14159,3.14159,3.14159
90,90,90,90,134.996,90,45.004
359.045,286.699,359.427,180.573,359.045,73.3008,359.045
90,90,90,90,134.996,90,45.004
179.045,253.301,0.572939,179.427,179.045,106.699,179.045
7
1.00014e-08,3.4801e-08,1.66675e-08,1.66675e-08,1.41431e-08,3.4801e-08,1.41431e-08
-77.5484,-98.2191,-92.7846,-92.6846,-87.4581,-97.6491,-87.4581
0,3.14159,3.14159,3.14159,3.14159,3.14159,3.14159
90,90,90,90,134.996,90,45.004
0.954841,286.699,0.572939,179.427,0.954841,73.3008,0.954841
90,90,90,90,134.996,90,45.004
180.955,253.301,359.427,180.573,180.955,106.699,180.955
7
1e-08,3.46414e-08,1.66667e-08,1.66667e-08,1.41421e-08,3.49607e-08,1.41421e-08
-77.5472,-98.1791,-92.7842,-92.6842,-87.4575,-97.6888,-87.4575
0,3.14159,3.14159,3.14159,3.14159,3.14159,3.14159
90,90,90,90,135,90,45
0,286.778,0,180,0,73.3792,0
90,90,90,90,135,90,45
180,253.222,0,180,180,106.621,180
7
9.66667e-09,3.48668e-08,1.7e-08,1.63333e-08,1.39084e-08,3.45467e-08,1.39084e-08
-77.2528,-98.2355,-92.9562,-92.5087,-87.3128,-97.5853,-87.3128
0,3.14159,3.14159,3.14159,3.14159,3.14159,3.14159
90,90,90,90,135.971,90,44.029
0,286.096,0,180,0,73.7509,0
90,90,90,90,135.971,90,44.029
180,253.904,0,180,180,106.249,180
7
9.6681e-09,3.47067e-08,1.70008e-08,1.63342e-08,1.39094e-08,3.47067e-08,1.39094e-08
-77.254,-98.1955,-92.9566,-92.5092,-87.3134,-97.6255,-87.3134
0,3.14159,3.14159,3.14159,3.14159,3.14159,3.14159
90,90,90,90,135.967,90,44.0332
359.012,286.172,359.438,180.585,359.012,73.8278,359.012
90,90,90,90,135.967,90,44.0332
179.012,253.828,0.561705,179.415,179.012,106.172,179.012
7
9.6681e-09,3.47067e-08,1.70008e-08,1.63342e-08,1.39094e-08,3.47067e-08,1.39094e-08
-77.254,-98.1955,-92.9566,-92.5092,-87.3134,-97.6255,-87.3134
0,3.14159,3.14159,3.14159,3.14159,3.14159,3.14159
90,90,90,90,135.967,90,44.0332
0.98776,286.172,0.561705,179.415,0.98776,73.8278,0.98776
90,90,90,90,135.967,90,44.0332
180.988,253.828,359.438,180.585,180.988,106.172,180.988
7
9.66667e-09,3.45467e-08,1.7e-08,1.63333e-08,1.39084e-08,3.48668e-08,1.39084e-08
-77.2528,-98.1553,-92.9562,-92.5087,-87.3128,-97.6655,-87.3128
0,3.14159,3.14159,3.14159,3.14159,3.14159,3.14159
90,90,90,90,135.971,90,44.029
0,286.249,0,180,0,73.9041,0
90,90,90,90,135.971,90,44.029
180,253.751,0,180,180,106.096,180
7
9.33333e-09,3.47759e-08,1.73333e-08,1.6e-08,1.36789e-08,3.44549e-08,1.36789e-08
-76.948,-98.2128,-93.1249,-92.3296,-87.1682,-97.5622,-87.1682
0,3.14159,3.14159,3.14159,3.14159,3.14159,3.14159
90,90,90,90,136.975,90,43.0251
0,285.568,0,180,0,74.283,0
90,90,90,90,136.975,90,43.0251
180,254.432,0,180,180,105.717,180
7
9.33482e-09,3.46153e-08,1.73341e-08,1.60009e-08,1.36799e-08,3.46153e-08,1.36799e-08
-76.9493,-98.1726,-93.1253,-92.3301,-87.1689,-97.6026,-87.1689
0,3.14159,3.14159,3.14159,3.14159,3.14159,3.14159
90,90,90,90,136.97,90,43.0296
358.977,285.642,359.449,180.597,358.977,74.3578,358.977
90,90,90,90,136.97,90,43.0296
178.977,254.358,0.550904,179.403,178.977,105.642,178.977
7
9.33482e-09,3.46153e-08,1.73341e-08,1.60009e-08,1.36799e-08,3.46153e-08,1.36799e-08
-76.9493,-98.1726,-93.1253,-92.3301,-87.1689,-97.6026,-87.1689
0,3.14159,3.14159,3.14159,3.14159,3.14159,3.14159
90,90,90,90,136.97,90,43.0296
1.02303,285.642,0.550904,179.403,1.02303,74.3578,1.02303
90,90,90,90,136.97,90,43.0296
181.023,254.358,359.449,180.597,181.023,105.642,181.023
7
9.33333e-09,3.44549e-08,1.73333e-08,1.6e-08,1.36789e-08,3.47759e-08,1.36789e-08
-76.948,-98.1322,-93.1249,-92.3296,-87.1682,-97.6428,-87.1682
0,3.14159,3.14159,3.14159,3.14159,3.14159,3.14159
90,90,90,90,136.975,90,43.0251
0,285.717,0,180,0,74.4318,0
90,90,90,90,136.975,90,43.0251
180,254.283,0,180,180,105.568,180
7
9e-09,3.46879e-08,1.76667e-08,1.56667e-08,1.34536e-08,3.43661e-08,1.34536e-08
-76.6321,-98.1908,-93.2903,-92.1468,-87.024,-97.5398,-87.024
0,3.14159,3.14159,3.14159,3.14159,3.14159,3.14159
90,90,90,90,138.013,90,41.9872
0,285.038,0,180,0,74.818,0
90,90,90,90,138.013,90,41.9872
180,254.962,0,180,180,105.182,180
7
9.00154e-09,3.4527e-08,1.76675e-08,1.56676e-08,1.34547e-08,3.4527e-08,1.34547e-08
-76.6336,-98.1504,-93.2907,-92.1472,-87.0247,-97.5804,-87.0247
0,3.14159,3.14159,3.14159,3.14159,3.14159,3.14159
90,90,90,90,138.008,90,41.9921
358.939,285.11,359.459,180.61,358.939,74.8904,358.939
90,90,90,90,138.008,90,41.9921
178.939,254.89,0.54051,179.39,178.939,105.11,178.939
7
9.00154e-09,3.4527e-08,1.76675e-08,1.56676e-08,1.34547e-08,3.4527e-08,1.34547e-08
-76.6336,-98.1504,-93.2907,-92.1472,-87.0247,-97.5804,-87.0247
0,3.14159,3.14159,3.14159,3.14159,3.14159,3.14159
90,90,90,90,138.008,90,41.9921
1.06091,285.11,0.54051,179.39,1.06091,74.8904,1.06091
90,90,90,90,138.008,90,41.9921
181.061,254.89,359.459,180.61,181.061,105.11,181.061
7
9e-09,3.43661e-08,1.76667e-08,1.56667e-08,1.34536e-08,3.46879e-08,1.34536e-08
-76.6321,-98.1098,-93.2903,-92.1468,-87.024,-97.6208,-87.024
0,3.14159,3.14159,3.14159,3.14159,3.14159,3.14159
90,90,90,90,138.013,90,41.9872
0,285.182,0,180,0,74.9622,0
90,90,90,90,138.013,90,41.9872
180,254.818,0,180,180,105.038,180
7
8.66667e-09,3.46029e-08,1.8e-08,1.53333e-08,1.3233e-08,3.42803e-08,1.3233e-08
-76.3043,-98.1695,-93.4527,-91.96,-86.8804,-97.5181,-86.8804
0,3.14159,3.14159,3.14159,3.14159,3.14159,3.14159
90,90,90,90,139.086,90,40.9144
0,284.505,0,180,0,75.3557,0
90,90,90,90,139.086,90,40.9144
180,255.495,0,180,180,104.644,180
7
8.66827e-09,3.44416e-08,1.80008e-08,1.53342e-08,1.3234e-08,3.44416e-08,1.3234e-08
-76.3059,-98.1289,-93.453,-91.9605,-86.881,-97.5589,-86.881
0,3.14159,3.14159,3.14159,3.14159,3.14159,3.14159
90,90,90,90,139.08,90,40.9196
358.898,284.574,359.469,180.623,358.898,75.4258,358.898
90,90,90,90,139.08,90,40.9196
178.898,255.426,0.530501,179.377,178.898,104.574,178.898
7
8.66827e-09,3.44416e-08,1.80008e-08,1.53342e-08,1.3234e-08,3.44416e-08,1.3234e-08
-76.3059,-98.1289,-93.453,-91.9605,-86.881,-97.5589,-86.881
0,3.14159,3.14159,3.14159,3.14159,3.14159,3.14159
90,90,90,90,139.08,90,40.9196
1.10171,284.574,0.530501,179.377,1.10171,75.4258,1.10171
90,90,90,90,139.08,90,40.9196
181.102,255.426,359.469,180.623,181.102,104.574,181.102
7
8.66667e-09,3.42803e-08,1.8e-08,1.53333e-08,1.3233e-08,3.46029e-08,1.3233e-08
-76.3043,-98.0881,-93.4527,-91.96,-86.8804,-97.5995,-86.8804
0,3.14159,3.14159,3.14159,3.14159,3.14159,3.14159
90,90,90,90,139.086,90,40.9144
0,284.644,0,180,0,75.4952,0
90,90,90,90,139.086,90,40.9144
180,255.356,0,180,180,104.505,180
7
8.33333e-09,3.45209e-08,1.83333e-08,1.5e-08,1.30171e-08,3.41975e-08,1.30171e-08
-75.9636,-98.1489,-93.6121,-91.769,-86.7375,-97.4971,-86.7375
0,3.14159,3.14159,3.14159,3.14159,3.14159,3.14159
90,90,90,90,140.194,90,39.8056
0,283.969,0,180,0,75.896,0
90,90,90,90,140.194,90,39.8056
180,256.031,0,180,180,104.104,180
7
8.335e-09,3.43592e-08,1.83341e-08,1.50009e-08,1.30181e-08,3.43592e-08,1.30181e-08
-75.9653,-98.1081,-93.6124,-91.7696,-86.7382,-97.5381,-86.7382
0,3.14159,3.14159,3.14159,3.14159,3.14159,3.14159
90,90,90,90,140.189,90,39.8112
358.854,284.036,359.479,180.637,358.854,75.9638,358.854
90,90,90,90,140.189,90,39.8112
178.854,255.964,0.520856,179.363,178.854,104.036,178.854
7
8.335e-09,3.43592e-08,1.83341e-08,1.50009e-08,1.30181e-08,3.43592e-08,1.30181e-08
-75.9653,-98.1081,-93.6124,-91.7696,-86.7382,-97.5381,-86.7382
0,3.14159,3.14159,3.14159,3.14159,3.14159,3.14159
90,90,90,90,140.189,90,39.8112
1.14576,284.036,0.520856,179.363,1.14576,75.9638,1.14576
90,90,90,90,140.189,90,39.8112
181.146,255.964,359.479,180.637,181.146,104.036,181.146
7
8.33333e-09,3.41975e-08,1.83333e-08,1.5e-08,1.30171e-08,3.45209e-08,1.30171e-08
-75.9636,-98.0671,-93.6121,-91.769,-86.7375,-97.5789,-86.7375
0,3.14159,3.14159,3.14159,3.14159,3.14159,3.14159
90,90,90,90,140.194,90,39.8056
0,284.104,0,180,0,76.0308,0
90,90,90,90,140.194,90,39.8056
180,255.896,0,180,180,103.969,180
7
8e-09,3.4442e-08,1.86667e-08,1.46667e-08,1.28062e-08,3.41179e-08,1.28062e-08
-75.609,-98.129,-93.7686,-91.5739,-86.5957,-97.4769,-86.5957
0,3.14159,3.14159,3.14159,3.14159,3.14159,3.14159
90,90,90,90,141.34,90,38.6598
0,283.431,0,180,0,76.4389,0
90,90,90,90,141.34,90,38.6598
180,256.569,0,180,180,103.561,180
7
8.00174e-09,3.42799e-08,1.86674e-08,1.46676e-08,1.28073e-08,3.42799e-08,1.28073e-08
-75.6109,-98.088,-93.7689,-91.5744,-86.5964,-97.518,-86.5964
0,3.14159,3.14159,3.14159,3.14159,3.14159,3.14159
90,90,90,90,141.334,90,38.6659
358.807,283.496,359.488,180.651,358.807,76.5043,358.807
90,90,90,90,141.334,90,38.6659
178.807,256.504,0.511556,179.349,178.807,103.496,178.807
7
8.00174e-09,3.42799e-08,1.86674e-08,1.46676e-08,1.28073e-08,3.42799e-08,1.28073e-08
-75.6109,-98.088,-93.7689,-91.5744,-86.5964,-97.518,-86.5964
0,3.14159,3.14159,3.14159,3.14159,3.14159,3.14159
90,90,90,90,141.334,90,38.6659
1.19349,283.496,0.511556,179.349,1.19349,76.5043,1.19349
90,90,90,90,141.334,90,38.6659
181.193,256.504,359.488,180.651,181.193,103.496,181.193
7
8e-09,3.41179e-08,1.86667e-08,1.46667e-08,1.28062e-08,3.4442e-08,1.28062e-08
-75.609,-98.0469,-93.7686,-91.5739,-86.5957,-97.559,-86.5957
0,3.14159,3.14159,3.14159,3.14159,3.14159,3.14159
90,90,90,90,141.34,90,38.6598
0,283.561,0,180,0,76.569,0
90,90,90,90,141.34,90,38.6598
180,256.439,0,180,180,103.431,180
7
7.66667e-09,3.43661e-08,1.9e-08,1.43333e-08,1.26007e-08,3.40412e-08,1.26007e-08
-75.2394,-98.1098,-93.9223,-91.3742,-86.4551,-97.4573,-86.4551
0,3.14159,3.14159,3.14159,3.14159,3.14159,3.14159
90,90,90,90,142.524,90,37.4762
0,282.89,0,180,0,76.9844,0
90,90,90,90,142.524,90,37.4762
180,257.11,0,180,180,103.016,180
7
7.66848e-09,3.42036e-08,1.90007e-08,1.43343e-08,1.26018e-08,3.42036e-08,1.26018e-08
-75.2414,-98.0687,-93.9226,-91.3748,-86.4559,-97.4987,-86.4559
0,3.14159,3.14159,3.14159,3.14159,3.14159,3.14159
90,90,90,90,142.517,90,37.4827
358.755,282.953,359.497,180.666,358.755,77.0472,358.755
90,90,90,90,142.517,90,37.4827
178.755,257.047,0.502582,179.334,178.755,102.953,178.755
7
7.66848e-09,3.42036e-08,1.90007e-08,1.43343e-08,1.26018e-08,3.42036e-08,1.26018e-08
-75.2414,-98.0687,-93.9226,-91.3748,-86.4559,-97.4987,-86.4559
0,3.14159,3.14159,3.14159,3.14159,3.14159,3.14159
90,90,90,90,142.517,90,37.4827
1.24536,282.953,0.502582,179.334,1.24536,77.0472,1.24536
90,90,90,90,142.517,90,37.4827
181.245,257.047,359.497,180.666,181.245,102.953,181.245
7
7.66667e-09,3.40412e-08,1.9e-08,1.43333e-08,1.26007e-08,3.43661e-08,1.26007e-08
-75.2394,-98.0273,-93.9223,-91.3742,-86.4551,-97.5398,-86.4551
0,3.14159,3.14159,3.14159,3.14159,3.14159,3.14159
90,90,90,90,142.524,90,37.4762
0,283.016,0,180,0,77.1095,0
90,90,90,90,142.524,90,37.4762
180,256.984,0,180,180,102.89,180
7
7.33333e-09,3.42933e-08,1.93333e-08,1.4e-08,1.24007e-08,3.39677e-08,1.24007e-08
-74.8533,-98.0914,-94.0734,-91.1698,-86.3162,-97.4385,-86.3162
0,3.14159,3.14159,3.14159,3.14159,3.14159,3.14159
90,90,90,90,143.746,90,36.2538
0,282.348,0,180,0,77.5322,0
90,90,90,90,143.746,90,36.2538
180,257.652,0,180,180,102.468,180
7
7.33523e-09,3.41305e-08,1.93341e-08,1.4001e-08,1.24018e-08,3.41305e-08,1.24018e-08
-74.8555,-98.0501,-94.0737,-91.1704,-86.3169,-97.4801,-86.3169
0,3.14159,3.14159,3.14159,3.14159,3.14159,3.14159
90,90,90,90,143.739,90,36.2609
358.698,282.407,359.506,180.682,358.698,77.5926,358.698
90,90,90,90,143.739,90,36.2609
178.698,257.593,0.493917,179.318,178.698,102.407,178.698
7
7.33523e-09,3.41305e-08,1.93341e-08,1.4001e-08,1.24018e-08,3.41305e-08,1.24018e-08
-74.8555,-98.0501,-94.0737,-91.1704,-86.3169,-97.4801,-86.3169
0,3.14159,3.14159,3.14159,3.14159,3.14159,3.14159
90,90,90,90,143.739,90,36.2609
1.30195,282.407,0.493917,179.318,1.30195,77.5926,1.30195
90,90,90,90,143.739,90,36.2609
181.302,257.593,359.506,180.682,181.302,102.407,181.302
7
7.33333e-09,3.39677e-08,1.93333e-08,1.4e-08,1.24007e-08,3.42933e-08,1.24007e-08
-74.8533,-98.0085,-94.0734,-91.1698,-86.3162,-97.5214,-86.3162
0,3.14159,3.14159,3.14159,3.14159,3.14159,3.14159
90,90,90,90,143.746,90,36.2538
0,282.468,0,180,0,77.6524,0
90,90,90,90,143.746,90,36.2538
180,257.532,0,180,180,102.348,180
7
7e-09,3.42235e-08,1.96667e-08,1.36667e-08,1.22066e-08,3.38973e-08,1.22066e-08
-74.4492,-98.0737,-94.2218,-90.9605,-86.1791,-97.4205,-86.1791
0,3.14159,3.14159,3.14159,3.14159,3.14159,3.14159
90,90,90,90,145.008,90,34.992
0,281.802,0,180,0,78.0823,0
90,90,90,90,145.008,90,34.992
180,258.198,0,180,180,101.918,180
7
7.00198e-09,3.40604e-08,1.96674e-08,1.36677e-08,1.22077e-08,3.40604e-08,1.22077e-08
-74.4516,-98.0322,-94.2221,-90.9611,-86.1799,-97.4622,-86.1799
0,3.14159,3.14159,3.14159,3.14159,3.14159,3.14159
90,90,90,90,145,90,34.9996
358.636,281.86,359.514,180.699,358.636,78.1402,358.636
90,90,90,90,145,90,34.9996
178.636,258.14,0.485546,179.301,178.636,101.86,178.636
7
7.00198e-09,3.40604e-08,1.96674e-08,1.36677e-08,1.22077e-08,3.40604e-08,1.22077e-08
-74.4516,-98.0322,-94.2221,-90.9611,-86.1799,-97.4622,-86.1799
0,3.14159,3.14159,3.14159,3.14159,3.14159,3.14159
90,90,90,90,145,90,34.9996
1.36393,281.86,0.485546,179.301,1.36393,78.1402,1.36393
90,90,90,90,145,90,34.9996
181.364,258.14,359.514,180.699,181.364,101.86,181.364
7
7e-09,3.38973e-08,1.96667e-08,1.36667e-08,1.22066e-08,3.42235e-08,1.22066e-08
-74.4492,-97.9905,-94.2218,-90.9605,-86.1791,-97.5037,-86.1791
0,3.14159,3.14159,3.14159,3.14159,3.14159,3.14159
90,90,90,90,145.008,90,34.992
0,281.918,0,180,0,78.1976,0
90,90,90,90,145.008,90,34.992
180,258.082,0,180,180,101.802,180
7
6.66667e-09,3.41569e-08,2e-08,1.33333e-08,1.20185e-08,3.383e-08,1.20185e-08
-74.0254,-98.0568,-94.3678,-90.746,-86.0442,-97.4033,-86.0442
0,3.14159,3.14159,3.14159,3.14159,3.14159,3.14159
90,90,90,90,146.31,90,33.6901
0,281.255,0,180,0,78.6347,0
90,90,90,90,146.31,90,33.6901
180,258.745,0,180,180,101.365,180
7
6.66875e-09,3.39935e-08,2.00007e-08,1.33344e-08,1.20197e-08,3.39935e-08,1.20197e-08
-74.0281,-98.0151,-94.3681,-90.7467,-86.0451,-97.4451,-86.0451
0,3.14159,3.14159,3.14159,3.14159,3.14159,3.14159
90,90,90,90,146.302,90,33.6983
358.568,281.31,359.523,180.716,358.568,78.6901,358.568
90,90,90,90,146.302,90,33.6983
178.568,258.69,0.477454,179.284,178.568,101.31,178.568
7
6.66875e-09,3.39935e-08,2.00007e-08,1.33344e-08,1.20197e-08,3.39935e-08,1.20197e-08
-74.0281,-98.0151,-94.3681,-90.7467,-86.0451,-97.4451,-86.0451
0,3.14159,3.14159,3.14159,3.14159,3.14159,3.14159
90,90,90,90,146.302,90,33.6983
1.4321,281.31,0.477454,179.284,1.4321,78.6901,1.4321
90,90,90,90,146.302,90,33.6983
181.432,258.69,359.523,180.716,181.432,101.31,181.432
7
6.66667e-09,3.383e-08,2e-08,1.33333e-08,1.20185e-08,3.41569e-08,1.20185e-08
-74.0254,-97.9733,-94.3678,-90.746,-86.0442,-97.4868,-86.0442
0,3.14159,3.14159,3.14159,3.14159,3.14159,3.14159
90,90,90,90,146.31,90,33.6901
0,281.365,0,180,0,78.7449,0
90,90,90,90,146.31,90,33.6901
180,258.635,0,180,180,101.255,180
7
6.33333e-09,3.40934e-08,2.03333e-08,1.3e-08,1.18369e-08,3.37659e-08,1.18369e-08
-73.5799,-98.0406,-94.5114,-90.5261,-85.9119,-97.3868,-85.9119
0,3.14159,3.14159,3.14159,3.14159,3.14159,3.14159
90,90,90,90,147.653,90,32.3474
0,280.706,0,180,0,79.1892,0
90,90,90,90,147.653,90,32.3474
180,259.294,0,180,180,100.811,180
7
6.33553e-09,3.39297e-08,2.0334e-08,1.30011e-08,1.1838e-08,3.39297e-08,1.1838e-08
-73.5829,-97.9988,-94.5117,-90.5268,-85.9128,-97.4288,-85.9128
0,3.14159,3.14159,3.14159,3.14159,3.14159,3.14159
90,90,90,90,147.644,90,32.3564
358.493,280.758,359.53,180.735,358.493,79.242,358.493
90,90,90,90,147.644,90,32.3564
178.493,259.242,0.469627,179.265,178.493,100.758,178.493
7
6.33553e-09,3.39297e-08,2.0334e-08,1.30011e-08,1.1838e-08,3.39297e-08,1.1838e-08
-73.5829,-97.9988,-94.5117,-90.5268,-85.9128,-97.4288,-85.9128
0,3.14159,3.14159,3.14159,3.14159,3.14159,3.14159
90,90,90,90,147.644,90,32.3564
1.50744,280.758,0.469627,179.265,1.50744,79.242,1.50744
90,90,90,90,147.644,90,32.3564
181.507,259.242,359.53,180.735,181.507,100.758,181.507
7
6.33333e-09,3.37659e-08,2.03333e-08,1.3e-08,1.18369e-08,3.40934e-08,1.18369e-08
-73.5799,-97.9568,-94.5114,-90.5261,-85.9119,-97.4706,-85.9119
0,3.14159,3.14159,3.14159,3.14159,3.14159,3.14159
90,90,90,90,147.653,90,32.3474
0,280.811,0,180,0,79.2943,0
90,90,90,90,147.653,90,32.3474
180,259.189,0,180,180,100.706,180
7
6e-09,3.40331e-08,2.06667e-08,1.26667e-08,1.16619e-08,3.3705e-08,1.16619e-08
-73.1102,-98.0252,-94.6526,-90.3005,-85.7826,-97.3711,-85.7826
0,3.14159,3.14159,3.14159,3.14159,3.14159,3.14159
90,90,90,90,149.036,90,30.9638
0,280.154,0,180,0,79.7458,0
90,90,90,90,149.036,90,30.9638
180,259.846,0,180,180,100.254,180
7
6.00231e-09,3.3869e-08,2.06673e-08,1.26678e-08,1.16631e-08,3.3869e-08,1.16631e-08
-73.1136,-97.9833,-94.6529,-90.3012,-85.7835,-97.4133,-85.7835
0,3.14159,3.14159,3.14159,3.14159,3.14159,3.14159
90,90,90,90,149.026,90,30.9735
358.409,280.204,359.538,180.754,358.409,79.796,358.409
90,90,90,90,149.026,90,30.9735
178.409,259.796,0.462053,179.246,178.409,100.204,178.409
7
6.00231e-09,3.3869e-08,2.06673e-08,1.26678e-08,1.16631e-08,3.3869e-08,1.16631e-08
-73.1136,-97.9833,-94.6529,-90.3012,-85.7835,-97.4133,-85.7835
0,3.14159,3.14159,3.14159,3.14159,3.14159,3.14159
90,90,90,90,149.026,90,30.9735
1.59114,280.204,0.462053,179.246,1.59114,79.796,1.59114
90,90,90,90,149.026,90,30.9735
181.591,259.796,359.538,180.754,181.591,100.204,181.591
7
6e-09,3.3705e-08,2.06667e-08,1.26667e-08,1.16619e-08,3.40331e-08,1.16619e-08
-73.1102,-97.9411,-94.6526,-90.3005,-85.7826,-97.4552,-85.7826
0,3.14159,3.14159,3.14159,3.14159,3.14159,3.14159
90,90,90,90,149.036,90,30.9638
0,280.254,0,180,0,79.8457,0
90,90,90,90,149.036,90,30.9638
180,259.746,0,180,180,100.154,180
7
5.66667e-09,3.39759e-08,2.1e-08,1.23333e-08,1.1494e-08,3.36473e-08,1.1494e-08
-72.6138,-98.0106,-94.7916,-90.0688,-85.6566,-97.3562,-85.6566
0,3.14159,3.14159,3.14159,3.14159,3.14159,3.14159
90,90,90,90,150.461,90,29.5388
0,279.601,0,180,0,80.3044,0
90,90,90,90,150.461,90,29.5388
180,260.399,0,180,180,99.6956,180
7
5.66912e-09,3.38116e-08,2.10007e-08,1.23345e-08,1.14952e-08,3.38116e-08,1.14952e-08
-72.6175,-97.9685,-94.7919,-90.0696,-85.6575,-97.3985,-85.6575
0,3.14159,3.14159,3.14159,3.14159,3.14159,3.14159
90,90,90,90,150.451,90,29.5494
358.315,279.648,359.545,180.774,358.315,80.352,358.315
90,90,90,90,150.451,90,29.5494
178.315,260.352,0.454719,179.226,178.315,99.648,178.315
7
5.66912e-09,3.38116e-08,2.10007e-08,1.23345e-08,1.14952e-08,3.38116e-08,1.14952e-08
-72.6175,-97.9685,-94.7919,-90.0696,-85.6575,-97.3985,-85.6575
0,3.14159,3.14159,3.14159,3.14159,3.14159,3.14159
90,90,90,90,150.451,90,29.5494
1.68468,279.648,0.454719,179.226,1.68468,80.352,1.68468
90,90,90,90,150.451,90,29.5494
181.685,260.352,359.545,180.774,181.685,99.648,181.685
7
5.66667e-09,3.36473e-08,2.1e-08,1.23333e-08,1.1494e-08,3.39759e-08,1.1494e-08
-72.6138,-97.9262,-94.7916,-90.0688,-85.6566,-97.4406,-85.6566
0,3.14159,3.14159,3.14159,3.14159,3.14159,3.14159
90,90,90,90,150.461,90,29.5388
0,279.696,0,180,0,80.3991,0
90,90,90,90,150.461,90,29.5388
180,260.304,0,180,180,99.6009,180
7
5.33333e-09,3.39219e-08,2.13333e-08,1.2e-08,1.13333e-08,3.35927e-08,1.13333e-08
-72.0872,-97.9968,-94.9284,-89.8308,-85.5344,-97.3421,-85.5344
0,3.14159,3.14159,3.14159,3.14159,3.14159,3.14159
90,90,90,90,151.928,90,28.0725
0,279.046,0,180,0,80.8648,0
90,90,90,90,151.928,90,28.0725
180,260.954,0,180,180,99.1352,180
7
5.33594e-09,3.37573e-08,2.1334e-08,1.20012e-08,1.13346e-08,3.37573e-08,1.13346e-08
-72.0914,-97.9546,-94.9287,-89.8317,-85.5353,-97.3846,-85.5353
0,3.14159,3.14159,3.14159,3.14159,3.14159,3.14159
90,90,90,90,151.916,90,28.0841
358.21,279.09,359.552,180.796,358.21,80.9097,358.21
90,90,90,90,151.916,90,28.0841
178.21,260.91,0.447614,179.204,178.21,99.0903,178.21
7
5.33594e-09,3.37573e-08,2.1334e-08,1.20012e-08,1.13346e-08,3.37573e-08,1.13346e-08
-72.0914,-97.9546,-94.9287,-89.8317,-85.5353,-97.3846,-85.5353
0,3.14159,3.14159,3.14159,3.14159,3.14159,3.14159
90,90,90,90,151.916,90,28.0841
1.78991,279.09,0.447614,179.204,1.78991,80.9097,1.78991
90,90,90,90,151.916,90,28.0841
181.79,260.91,359.552,180.796,181.79,99.0903,181.79
7
5.33333e-09,3.35927e-08,2.13333e-08,1.2e-08,1.13333e-08,3.39219e-08,1.13333e-08
-72.0872,-97.9121,-94.9284,-89.8308,-85.5344,-97.4268,-85.5344
0,3.14159,3.14159,3.14159,3.14159,3.14159,3.14159
90,90,90,90,151.928,90,28.0725
0,279.135,0,180,0,80.9542,0
90,90,90,90,151.928,90,28.0725
180,260.865,0,180,180,99.0458,180
7
5e-09,3.38711e-08,2.16667e-08,1.16667e-08,1.11803e-08,3.35414e-08,1.11803e-08
-71.5266,-97.9838,-95.0631,-89.5862,-85.4163,-97.3289,-85.4163
0,3.14159,3.14159,3.14159,3.14159,3.14159,3.14159
90,90,90,90,153.435,90,26.5651
0,278.489,0,180,0,81.427,0
90,90,90,90,153.435,90,26.5651
180,261.511,0,180,180,98.573,180
7
5.00278e-09,3.37062e-08,2.16673e-08,1.16679e-08,1.11816e-08,3.37062e-08,1.11816e-08
-71.5314,-97.9414,-95.0633,-89.587,-85.4173,-97.3714,-85.4173
0,3.14159,3.14159,3.14159,3.14159,3.14159,3.14159
90,90,90,90,153.422,90,26.5778
358.091,278.531,359.559,180.818,358.091,81.4692,358.091
90,90,90,90,153.422,90,26.5778
178.091,261.469,0.440728,179.182,178.091,98.5308,178.091
7
5.00278e-09,3.37062e-08,2.16673e-08,1.16679e-08,1.11816e-08,3.37062e-08,1.11816e-08
-71.5314,-97.9414,-95.0633,-89.587,-85.4173,-97.3714,-85.4173
0,3.14159,3.14159,3.14159,3.14159,3.14159,3.14159
90,90,90,90,153.422,90,26.5778
1.90915,278.531,0.440728,179.182,1.90915,81.4692,1.90915
90,90,90,90,153.422,90,26.5778
181.909,261.469,359.559,180.818,181.909,98.5308,181.909
7
5e-09,3.35414e-08,2.16667e-08,1.16667e-08,1.11803e-08,3.38711e-08,1.11803e-08
-71.5266,-97.8989,-95.0631,-89.5862,-85.4163,-97.4138,-85.4163
0,3.14159,3.14159,3.14159,3.14159,3.14159,3.14159
90,90,90,90,153.435,90,26.5651
0,278.573,0,180,0,81.5111,0
90,90,90,90,153.435,90,26.5651
180,261.427,0,180,180,98.4889,180
7
4.66667e-09,3.38235e-08,2.2e-08,1.13333e-08,1.10353e-08,3.34934e-08,1.10353e-08
-70.9274,-97.9716,-95.1957,-89.3344,-85.3029,-97.3164,-85.3029
0,3.14159,3.14159,3.14159,3.14159,3.14159,3.14159
90,90,90,90,154.983,90,25.0169
0,277.93,0,180,0,81.9909,0
90,90,90,90,154.983,90,25.0169
180,262.07,0,180,180,98.0091,180
7
4.66964e-09,3.36584e-08,2.20006e-08,1.13346e-08,1.10366e-08,3.36584e-08,1.10366e-08
-70.9329,-97.9291,-95.1959,-89.3353,-85.3039,-97.3591,-85.3039
0,3.14159,3.14159,3.14159,3.14159,3.14159,3.14159
90,90,90,90,154.969,90,25.0309
357.955,277.97,359.566,180.843,357.955,82.0304,357.955
90,90,90,90,154.969,90,25.0309
177.955,262.03,0.434051,179.157,177.955,97.9696,177.955
7
4.66964e-09,3.36584e-08,2.20006e-08,1.13346e-08,1.10366e-08,3.36584e-08,1.10366e-08
-70.9329,-97.9291,-95.1959,-89.3353,-85.3039,-97.3591,-85.3039
0,3.14159,3.14159,3.14159,3.14159,3.14159,3.14159
90,90,90,90,154.969,90,25.0309
2.04541,277.97,0.434051,179.157,2.04541,82.0304,2.04541
90,90,90,90,154.969,90,25.0309
182.045,262.03,359.566,180.843,182.045,97.9696,182.045
7
4.66667e-09,3.34934e-08,2.2e-08,1.13333e-08,1.10353e-08,3.38235e-08,1.10353e-08
-70.9274,-97.8864,-95.1957,-89.3344,-85.3029,-97.4016,-85.3029
0,3.14159,3.14159,3.14159,3.14159,3.14159,3.14159
90,90,90,90,154.983,90,25.0169
0,278.009,0,180,0,82.0695,0
90,90,90,90,154.983,90,25.0169
180,261.991,0,180,180,97.9305,180
7
4.33333e-09,3.37791e-08,2.23333e-08,1.1e-08,1.08985e-08,3.34486e-08,1.08985e-08
-70.2837,-97.9602,-95.3263,-89.0751,-85.1946,-97.3048,-85.1946
0,3.14159,3.14159,3.14159,3.14159,3.14159,3.14159
90,90,90,90,156.571,90,23.4287
0,277.37,0,180,0,82.5563,0
90,90,90,90,156.571,90,23.4287
180,262.63,0,180,180,97.4437,180
7
4.33654e-09,3.36138e-08,2.2334e-08,1.10013e-08,1.08998e-08,3.36138e-08,1.08998e-08
-70.2901,-97.9176,-95.3265,-89.0761,-85.1956,-97.3476,-85.1956
0,3.14159,3.14159,3.14159,3.14159,3.14159,3.14159
90,90,90,90,156.556,90,23.4441
357.797,277.407,359.572,180.868,357.797,82.5931,357.797
90,90,90,90,156.556,90,23.4441
177.797,262.593,0.427573,179.132,177.797,97.4069,177.797
7
4.33654e-09,3.36138e-08,2.2334e-08,1.10013e-08,1.08998e-08,3.36138e-08,1.08998e-08
-70.2901,-97.9176,-95.3265,-89.0761,-85.1956,-97.3476,-85.1956
0,3.14159,3.14159,3.14159,3.14159,3.14159,3.14159
90,90,90,90,156.556,90,23.4441
2.2026,277.407,0.427573,179.132,2.2026,82.5931,2.2026
90,90,90,90,156.556,90,23.4441
182.203,262.593,359.572,180.868,182.203,97.4069,182.203
7
4.33333e-09,3.34486e-08,2.23333e-08,1.1e-08,1.08985e-08,3.37791e-08,1.08985e-08
-70.2837,-97.8748,-95.3263,-89.0751,-85.1946,-97.3902,-85.1946
0,3.14159,3.14159,3.14159,3.14159,3.14159,3.14159
90,90,90,90,156.571,90,23.4287
0,277.444,0,180,0,82.6295,0
90,90,90,90,156.571,90,23.4287
180,262.556,0,180,180,97.3705,180
7
4e-09,3.3738e-08,2.26667e-08,1.06667e-08,1.07703e-08,3.3407e-08,1.07703e-08
-69.5884,-97.9496,-95.455,-88.8078,-85.0918,-97.294,-85.0918
0,3.14159,3.14159,3.14159,3.14159,3.14159,3.14159
90,90,90,90,158.199,90,21.8014
0,276.809,0,180,0,83.1232,0
90,90,90,90,158.199,90,21.8014
180,263.191,0,180,180,96.8768,180
7
4.00347e-09,3.35725e-08,2.26673e-08,1.0668e-08,1.07716e-08,3.35725e-08,1.07716e-08
-69.596,-97.9069,-95.4552,-88.8089,-85.0928,-97.3369,-85.0928
0,3.14159,3.14159,3.14159,3.14159,3.14159,3.14159
90,90,90,90,158.181,90,21.8186
357.614,276.843,359.579,180.895,357.614,83.1572,357.614
90,90,90,90,158.181,90,21.8186
177.614,263.157,0.421285,179.105,177.614,96.8428,177.614
7
4.00347e-09,3.35725e-08,2.26673e-08,1.0668e-08,1.07716e-08,3.35725e-08,1.07716e-08
-69.596,-97.9069,-95.4552,-88.8089,-85.0928,-97.3369,-85.0928
0,3.14159,3.14159,3.14159,3.14159,3.14159,3.14159
90,90,90,90,158.181,90,21.8186
2.38594,276.843,0.421285,179.105,2.38594,83.1572,2.38594
90,90,90,90,158.181,90,21.8186
182.386,263.157,359.579,180.895,182.386,96.8428,182.386
7
4e-09,3.3407e-08,2.26667e-08,1.06667e-08,1.07703e-08,3.3738e-08,1.07703e-08
-69.5884,-97.864,-95.455,-88.8078,-85.0918,-97.3796,-85.0918
0,3.14159,3.14159,3.14159,3.14159,3.14159,3.14159
90,90,90,90,158.199,90,21.8014
0,276.877,0,180,0,83.1909,0
90,90,90,90,158.199,90,21.8014
180,263.123,0,180,180,96.8091,180
7
3.66667e-09,3.37001e-08,2.3e-08,1.03333e-08,1.0651e-08,3.33687e-08,1.0651e-08
-68.8327,-97.9398,-95.5818,-88.532,-84.9951,-97.284,-84.9951
0,3.14159,3.14159,3.14159,3.14159,3.14159,3.14159
90,90,90,90,159.864,90,20.1363
0,276.246,0,180,0,83.6914,0
90,90,90,90,159.864,90,20.1363
180,263.754,0,180,180,96.3086,180
7
3.67045e-09,3.35344e-08,2.30006e-08,1.03347e-08,1.06523e-08,3.35344e-08,1.06523e-08
-68.8416,-97.897,-95.582,-88.5332,-84.9961,-97.327,-84.9961
0,3.14159,3.14159,3.14159,3.14159,3.14159,3.14159
90,90,90,90,159.845,90,20.1554
357.397,276.277,359.585,180.924,357.397,83.7227,357.397
90,90,90,90,159.845,90,20.1554
177.397,263.723,0.41518,179.076,177.397,96.2773,177.397
7
3.67045e-09,3.35344e-08,2.30006e-08,1.03347e-08,1.06523e-08,3.35344e-08,1.06523e-08
-68.8416,-97.897,-95.582,-88.5332,-84.9961,-97.327,-84.9961
0,3.14159,3.14159,3.14159,3.14159,3.14159,3.14159
90,90,90,90,159.845,90,20.1554
2.60256,276.277,0.41518,179.076,2.60256,83.7227,2.60256
90,90,90,90,159.845,90,20.1554
182.603,263.723,359.585,180.924,182.603,96.2773,182.603
7
3.66667e-09,3.33687e-08,2.3e-08,1.03333e-08,1.0651e-08,3.37001e-08,1.0651e-08
-68.8327,-97.854,-95.5818,-88.532,-84.9951,-97.3698,-84.9951
0,3.14159,3.14159,3.14159,3.14159,3.14159,3.14159
90,90,90,90,159.864,90,20.1363
0,276.309,0,180,0,83.7537,0
90,90,90,90,159.864,90,20.1363
180,263.691,0,180,180,96.2463,180
7
3.33333e-09,3.36654e-08,2.33333e-08,1e-08,1.05409e-08,3.33337e-08,1.05409e-08
-68.0048,-97.9309,-95.7068,-88.2472,-84.9048,-97.2749,-84.9048
0,3.14159,3.14159,3.14159,3.14159,3.14159,3.14159
90,90,90,90,161.565,90,18.4349
0,275.682,0,180,0,84.2609,0
90,90,90,90,161.565,90,18.4349
180,264.318,0,180,180,95.7391,180
7
3.3375e-09,3.34996e-08,2.33339e-08,1.00014e-08,1.05422e-08,3.34996e-08,1.05422e-08
-68.0156,-97.888,-95.707,-88.2484,-84.9059,-97.318,-84.9059
0,3.14159,3.14159,3.14159,3.14159,3.14159,3.14159
90,90,90,90,161.544,90,18.4564
357.138,275.711,359.591,180.955,357.138,84.2894,357.138
90,90,90,90,161.544,90,18.4564
177.138,264.289,0.409249,179.045,177.138,95.7106,177.138
7
3.3375e-09,3.34996e-08,2.33339e-08,1.00014e-08,1.05422e-08,3.34996e-08,1.05422e-08
-68.0156,-97.888,-95.707,-88.2484,-84.9059,-97.318,-84.9059
0,3.14159,3.14159,3.14159,3.14159,3.14159,3.14159
90,90,90,90,161.544,90,18.4564
2.86241,275.711,0.409249,179.045,2.86241,84.2894,2.86241
90,90,90,90,161.544,90,18.4564
182.862,264.289,359.591,180.955,182.862,95.7106,182.862
7
3.33333e-09,3.33337e-08,2.33333e-08,1e-08,1.05409e-08,3.36654e-08,1.05409e-08
-68.0048,-97.8449,-95.7068,-88.2472,-84.9048,-97.3609,-84.9048
0,3.14159,3.14159,3.14159,3.14159,3.14159,3.14159
90,90,90,90,161.565,90,18.4349
0,275.739,0,180,0,84.3176,0
90,90,90,90,161.565,90,18.4349
180,264.261,0,180,180,95.6824,180
7
3e-09,3.36341e-08,2.36667e-08,9.66667e-09,1.04403e-08,3.33021e-08,1.04403e-08
-67.0896,-97.9228,-95.83,-87.9528,-84.8215,-97.2666,-84.8215
0,3.14159,3.14159,3.14159,3.14159,3.14159,3.14159
90,90,90,90,163.301,90,16.6992
0,275.117,0,180,0,84.8315,0
90,90,90,90,163.301,90,16.6992
180,264.883,0,180,180,95.1685,180
7
3.00463e-09,3.34681e-08,2.36673e-08,9.6681e-09,1.04416e-08,3.34681e-08,1.04416e-08
-67.103,-97.8798,-95.8302,-87.954,-84.8226,-97.3098,-84.8226
0,3.14159,3.14159,3.14159,3.14159,3.14159,3.14159
90,90,90,90,163.276,90,16.7236
356.82,275.143,359.597,180.988,356.82,84.8572,356.82
90,90,90,90,163.276,90,16.7236
176.82,264.857,0.403485,179.012,176.82,95.1428,176.82
7
3.00463e-09,3.34681e-08,2.36673e-08,9.6681e-09,1.04416e-08,3.34681e-08,1.04416e-08
-67.103,-97.8798,-95.8302,-87.954,-84.8226,-97.3098,-84.8226
0,3.14159,3.14159,3.14159,3.14159,3.14159,3.14159
90,90,90,90,163.276,90,16.7236
3.17983,275.143,0.403485,179.012,3.17983,84.8572,3.17983
90,90,90,90,163.276,90,16.7236
183.18,264.857,359.597,180.988,183.18,95.1428,183.18
7
3e-09,3.33021e-08,2.36667e-08,9.66667e-09,1.04403e-08,3.36341e-08,1.04403e-08
-67.0896,-97.8366,-95.83,-87.9528,-84.8215,-97.3528,-84.8215
0,3.14159,3.14159,3.14159,3.14159,3.14159,3.14159
90,90,90,90,163.301,90,16.6992
0,275.168,0,180,0,84.8827,0
90,90,90,90,163.301,90,16.6992
180,264.832,0,180,180,95.1173,180
7
2.66667e-09,3.3606e-08,2.4e-08,9.33333e-09,1.03494e-08,3.32737e-08,1.03494e-08
-66.0666,-97.9156,-95.9514,-87.648,-84.7456,-97.2592,-84.7456
0,3.14159,3.14159,3.14159,3.14159,3.14159,3.14159
90,90,90,90,165.069,90,14.9314
0,274.551,0,180,0,85.4032,0
90,90,90,90,165.069,90,14.9314
180,265.449,0,180,180,94.5968,180
7
2.67187e-09,3.34398e-08,2.40006e-08,9.33482e-09,1.03508e-08,3.34398e-08,1.03508e-08
-66.0835,-97.8725,-95.9517,-87.6493,-84.7467,-97.3025,-84.7467
0,3.14159,3.14159,3.14159,3.14159,3.14159,3.14159
90,90,90,90,165.041,90,14.9592
356.424,274.574,359.602,181.023,356.424,85.4261,356.424
90,90,90,90,165.041,90,14.9592
176.424,265.426,0.397881,178.977,176.424,94.5739,176.424
7
2.67187e-09,3.34398e-08,2.40006e-08,9.33482e-09,1.03508e-08,3.34398e-08,1.03508e-08
-66.0835,-97.8725,-95.9517,-87.6493,-84.7467,-97.3025,-84.7467
0,3.14159,3.14159,3.14159,3.14159,3.14159,3.14159
90,90,90,90,165.041,90,14.9592
3.57633,274.574,0.397881,178.977,3.57633,85.4261,3.57633
90,90,90,90,165.041,90,14.9592
183.576,265.426,359.602,181.023,183.576,94.5739,183.576
7
2.66667e-09,3.32737e-08,2.4e-08,9.33333e-09,1.03494e-08,3.3606e-08,1.03494e-08
-66.0666,-97.8292,-95.9514,-87.648,-84.7456,-97.3456,-84.7456
0,3.14159,3.14159,3.14159,3.14159,3.14159,3.14159
90,90,90,90,165.069,90,14.9314
0,274.597,0,180,0,85.4487,0
90,90,90,90,165.069,90,14.9314
180,265.403,0,180,180,94.5513,180
7
2.33333e-09,3.35812e-08,2.43333e-08,9e-09,1.02686e-08,3.32486e-08,1.02686e-08
-64.9068,-97.9091,-96.0713,-87.3321,-84.6775,-97.2527,-84.6775
0,3.14159,3.14159,3.14159,3.14159,3.14159,3.14159
90,90,90,90,166.866,90,13.134
0,273.984,0,180,0,85.9758,0
90,90,90,90,166.866,90,13.134
180,266.016,0,180,180,94.0242,180
7
2.33928e-09,3.34149e-08,2.43339e-08,9.00154e-09,1.027e-08,3.34149e-08,1.027e-08
-64.9289,-97.866,-96.0715,-87.3336,-84.6786,-97.296,-84.6786
0,3.14159,3.14159,3.14159,3.14159,3.14159,3.14159
90,90,90,90,166.834,90,13.1663
355.914,274.004,359.608,181.061,355.914,85.9958,355.914
90,90,90,90,166.834,90,13.1663
175.914,265.996,0.392431,178.939,175.914,94.0042,175.914
7
2.33928e-09,3.34149e-08,2.43339e-08,9.00154e-09,1.027e-08,3.34149e-08,1.027e-08
-64.9289,-97.866,-96.0715,-87.3336,-84.6786,-97.296,-84.6786
0,3.14159,3.14159,3.14159,3.14159,3.14159,3.14159
90,90,90,90,166.834,90,13.1663
4.08562,274.004,0.392431,178.939,4.08562,85.9958,4.08562
90,90,90,90,166.834,90,13.1663
184.086,265.996,359.608,181.061,184.086,94.0042,184.086
7
2.33333e-09,3.32486e-08,2.43333e-08,9e-09,1.02686e-08,3.35812e-08,1.02686e-08
-64.9068,-97.8227,-96.0713,-87.3321,-84.6775,-97.3391,-84.6775
0,3.14159,3.14159,3.14159,3.14159,3.14159,3.14159
90,90,90,90,166.866,90,13.134
0,274.024,0,180,0,86.0157,0
90,90,90,90,166.866,90,13.134
180,265.976,0,180,180,93.9843,180
7
2e-09,3.35596e-08,2.46667e-08,8.66667e-09,1.0198e-08,3.32269e-08,1.0198e-08
-63.5678,-97.9036,-96.1894,-87.0043,-84.6176,-97.247,-84.6176
0,3.14159,3.14159,3.14159,3.14159,3.14159,3.14159
90,90,90,90,168.69,90,11.3099
0,273.417,0,180,0,86.5492,0
90,90,90,90,168.69,90,11.3099
180,266.583,0,180,180,93.4508,180
7
2.00693e-09,3.33933e-08,2.46672e-08,8.66827e-09,1.01994e-08,3.33933e-08,1.01994e-08
-63.5979,-97.8604,-96.1896,-87.0059,-84.6187,-97.2904,-84.6187
0,3.14159,3.14159,3.14159,3.14159,3.14159,3.14159
90,90,90,90,168.652,90,11.3481
355.236,273.434,359.613,181.102,355.236,86.5664,355.236
90,90,90,90,168.652,90,11.3481
175.236,266.566,0.387128,178.898,175.236,93.4336,175.236
7
2.00693e-09,3.33933e-08,2.46672e-08,8.66827e-09,1.01994e-08,3.33933e-08,1.01994e-08
-63.5979,-97.8604,-96.1896,-87.0059,-84.6187,-97.2904,-84.6187
0,3.14159,3.14159,3.14159,3.14159,3.14159,3.14159
90,90,90,90,168.652,90,11.3481
4.76364,273.434,0.387128,178.898,4.76364,86.5664,4.76364
90,90,90,90,168.652,90,11.3481
184.764,266.566,359.613,181.102,184.764,93.4336,184.764
7
2e-09,3.32269e-08,2.46667e-08,8.66667e-09,1.0198e-08,3.35596e-08,1.0198e-08
-63.5678,-97.817,-96.1894,-87.0043,-84.6176,-97.3336,-84.6176
0,3.14159,3.14159,3.14159,3.14159,3.14159,3.14159
90,90,90,90,168.69,90,11.3099
0,273.451,0,180,0,86.5834,0
90,90,90,90,168.69,90,11.3099
180,266.549,0,180,180,93.4166,180
7
1.66667e-09,3.35414e-08,2.5e-08,8.33333e-09,1.01379e-08,3.32085e-08,1.01379e-08
-61.9842,-97.8989,-96.306,-86.6636,-84.5662,-97.2422,-84.5662
0,3.14159,3.14159,3.14159,3.14159,3.14159,3.14159
90,90,90,90,170.538,90,9.46232
0,272.848,0,180,0,87.1232,0
90,90,90,90,170.538,90,9.46232
180,267.152,0,180,180,92.8768,180
7
1.67498e-09,3.3375e-08,2.50006e-08,8.335e-09,1.01393e-08,3.3375e-08,1.01393e-08
-62.0274,-97.8556,-96.3062,-86.6653,-84.5674,-97.2856,-84.5674
0,3.14159,3.14159,3.14159,3.14159,3.14159,3.14159
90,90,90,90,170.491,90,9.50866
354.289,272.862,359.618,181.146,354.289,87.1376,354.289
90,90,90,90,170.491,90,9.50866
174.289,267.138,0.381966,178.854,174.289,92.8624,174.289
7
1.67498e-09,3.3375e-08,2.50006e-08,8.335e-09,1.01393e-08,3.3375e-08,1.01393e-08
-62.0274,-97.8556,-96.3062,-86.6653,-84.5674,-97.2856,-84.5674
0,3.14159,3.14159,3.14159,3.14159,3.14159,3.14159
90,90,90,90,170.491,90,9.50866
5.71059,272.862,0.381966,178.854,5.71059,87.1376,5.71059
90,90,90,90,170.491,90,9.50866
185.711,267.138,359.618,181.146,185.711,92.8624,185.711
7
1.66667e-09,3.32085e-08,2.5e-08,8.33333e-09,1.01379e-08,3.35414e-08,1.01379e-08
-61.9842,-97.8122,-96.306,-86.6636,-84.5662,-97.3289,-84.5662
0,3.14159,3.14159,3.14159,3.14159,3.14159,3.14159
90,90,90,90,170.538,90,9.46232
0,272.877,0,180,0,87.1518,0
90,90,90,90,170.538,90,9.46232
180,267.123,0,180,180,92.8482,180
7
1.33333e-09,3.35265e-08,2.53333e-08,8e-09,1.00885e-08,3.31935e-08,1.00885e-08
-60.046,-97.895,-96.4211,-86.309,-84.5238,-97.2383,-84.5238
0,3.14159,3.14159,3.14159,3.14159,3.14159,3.14159
90,90,90,90,172.405,90,7.59464
0,272.279,0,180,0,87.6979,0
90,90,90,90,172.405,90,7.59464
180,267.721,0,180,180,92.3021,180
7
1.34371e-09,3.336e-08,2.53339e-08,8.00174e-09,1.00899e-08,3.336e-08,1.00899e-08
-60.1133,-97.8517,-96.4213,-86.3109,-84.5249,-97.2817,-84.5249
0,3.14159,3.14159,3.14159,3.14159,3.14159,3.14159
90,90,90,90,172.347,90,7.65305
352.875,272.291,359.623,181.193,352.875,87.7094,352.875
90,90,90,90,172.347,90,7.65305
172.875,267.709,0.37694,178.807,172.875,92.2906,172.875
7
1.34371e-09,3.336e-08,2.53339e-08,8.00174e-09,1.00899e-08,3.336e-08,1.00899e-08
-60.1133,-97.8517,-96.4213,-86.3109,-84.5249,-97.2817,-84.5249
0,3.14159,3.14159,3.14159,3.14159,3.14159,3.14159
90,90,90,90,172.347,90,7.65305
7.12502,272.291,0.37694,178.807,7.12502,87.7094,7.12502
90,90,90,90,172.347,90,7.65305
187.125,267.709,359.623,181.193,187.125,92.2906,187.125
7
1.33333e-09,3.31935e-08,2.53333e-08,8e-09,1.00885e-08,3.35265e-08,1.00885e-08
-60.046,-97.8083,-96.4211,-86.309,-84.5238,-97.325,-84.5238
0,3.14159,3.14159,3.14159,3.14159,3.14159,3.14159
90,90,90,90,172.405,90,7.59464
0,272.302,0,180,0,87.7208,0
90,90,90,90,172.405,90,7.59464
180,267.698,0,180,180,92.2792,180
7
1e-09,3.35149e-08,2.56667e-08,7.66667e-09,1.00499e-08,3.31817e-08,1.00499e-08
-57.5472,-97.892,-96.5346,-85.9394,-84.4904,-97.2352,-84.4904
0,3.14159,3.14159,3.14159,3.14159,3.14159,3.14159
90,90,90,90,174.289,90,5.71059
0,271.71,0,180,0,88.273,0
90,90,90,90,174.289,90,5.71059
180,268.29,0,180,180,91.727,180
7
1.01379e-09,3.33483e-08,2.56672e-08,7.66848e-09,1.00513e-08,3.33483e-08,1.00513e-08
-57.6662,-97.8487,-96.5348,-85.9414,-84.4916,-97.2787,-84.4916
0,3.14159,3.14159,3.14159,3.14159,3.14159,3.14159
90,90,90,90,174.211,90,5.78883
350.538,271.718,359.628,181.245,350.538,88.2816,350.538
90,90,90,90,174.211,90,5.78883
170.538,268.282,0.372045,178.755,170.538,91.7184,170.538
7
1.01379e-09,3.33483e-08,2.56672e-08,7.66848e-09,1.00513e-08,3.33483e-08,1.00513e-08
-57.6662,-97.8487,-96.5348,-85.9414,-84.4916,-97.2787,-84.4916
0,3.14159,3.14159,3.14159,3.14159,3.14159,3.14159
90,90,90,90,174.211,90,5.78883
9.46232,271.718,0.372045,178.755,9.46232,88.2816,9.46232
90,90,90,90,174.211,90,5.78883
189.462,268.282,359.628,181.245,189.462,91.7184,189.462
7
1e-09,3.31817e-08,2.56667e-08,7.66667e-09,1.00499e-08,3.35149e-08,1.00499e-08
-57.5472,-97.8052,-96.5346,-85.9394,-84.4904,-97.322,-84.4904
0,3.14159,3.14159,3.14159,3.14159,3.14159,3.14159
90,90,90,90,174.289,90,5.71059
0,271.727,0,180,0,88.2902,0
90,90,90,90,174.289,90,5.71059
180,268.273,0,180,180,91.7098,180
7
6.66667e-10,3.35066e-08,2.6e-08,7.33333e-09,1.00222e-08,3.31734e-08,1.00222e-08
-54.0254,-97.8898,-96.6467,-85.5533,-84.4665,-97.233,-84.4665
0,3.14159,3.14159,3.14159,3.14159,3.14159,3.14159
90,90,90,90,176.186,90,3.81407
0,271.14,0,180,0,88.8485,0
90,90,90,90,176.186,90,3.81407
180,268.86,0,180,180,91.1515,180
7
6.87184e-10,3.334e-08,2.60005e-08,7.33523e-09,1.00236e-08,3.334e-08,1.00236e-08
-54.2887,-97.8465,-96.6469,-85.5555,-84.4677,-97.2765,-84.4677
0,3.14159,3.14159,3.14159,3.14159,3.14159,3.14159
90,90,90,90,176.069,90,3.9311
345.964,271.146,359.633,181.302,345.964,88.8542,345.964
90,90,90,90,176.069,90,3.9311
165.964,268.854,0.367276,178.698,165.964,91.1458,165.964
7
6.87184e-10,3.334e-08,2.60005e-08,7.33523e-09,1.00236e-08,3.334e-08,1.00236e-08
-54.2887,-97.8465,-96.6469,-85.5555,-84.4677,-97.2765,-84.4677
0,3.14159,3.14159,3.14159,3.14159,3.14159,3.14159
90,90,90,90,176.069,90,3.9311
14.0362,271.146,0.367276,178.698,14.0362,88.8542,14.0362
90,90,90,90,176.069,90,3.9311
194.036,268.854,359.633,181.302,194.036,91.1458,194.036
7
6.66667e-10,3.31734e-08,2.6e-08,7.33333e-09,1.00222e-08,3.35066e-08,1.00222e-08
-54.0254,-97.803,-96.6467,-85.5533,-84.4665,-97.3198,-84.4665
0,3.14159,3.14159,3.14159,3.14159,3.14159,3.14159
90,90,90,90,176.186,90,3.81407
0,271.152,0,180,0,88.8599,0
90,90,90,90,176.186,90,3.81407
180,268.848,0,180,180,91.1401,180
7
3.33333e-10,3.35017e-08,2.63333e-08,7e-09,1.00056e-08,3.31683e-08,1.00056e-08
-48.0048,-97.8885,-96.7573,-85.1492,-84.452,-97.2317,-84.452
0,3.14159,3.14159,3.14159,3.14159,3.14159,3.14159
90,90,90,90,178.091,90,1.90915
0,270.57,0,180,0,89.4242,0
90,90,90,90,178.091,90,1.90915
180,269.43,0,180,180,90.5758,180
7
3.72678e-10,3.3335e-08,2.63339e-08,7.00198e-09,1.00069e-08,3.3335e-08,1.00069e-08
-48.9739,-97.8452,-96.7575,-85.1516,-84.4532,-97.2752,-84.4532
0,3.14159,3.14159,3.14159,3.14159,3.14159,3.14159
90,90,90,90,177.866,90,2.1343
333.435,270.573,359.637,181.364,333.435,89.4271,333.435
90,90,90,90,177.866,90,2.1343
153.435,269.427,0.362627,178.636,153.435,90.5729,153.435
7
3.72678e-10,3.3335e-08,2.63339e-08,7.00198e-09,1.00069e-08,3.3335e-08,1.00069e-08
-48.9739,-97.8452,-96.7575,-85.1516,-84.4532,-97.2752,-84.4532
0,3.14159,3.14159,3.14159,3.14159,3.14159,3.14159
90,90,90,90,177.866,90,2.1343
26.5651,270.573,0.362627,178.636,26.5651,89.4271,26.5651
90,90,90,90,177.866,90,2.1343
206.565,269.427,359.637,181.364,206.565,90.5729,206.565
7
3.33333e-10,3.31683e-08,2.63333e-08,7e-09,1.00056e-08,3.35017e-08,1.00056e-08
-48.0048,-97.8017,-96.7573,-85.1492,-84.452,-97.3185,-84.452
0,3.14159,3.14159,3.14159,3.14159,3.14159,3.14159
90,90,90,90,178.091,90,1.90915
0,270.576,0,180,0,89.4299,0
90,90,90,90,178.091,90,1.90915
180,269.424,0,180,180,90.5701,180
