7
1e-08,3.50246e-08,1.66667e-08,1.66667e-08,1.41421e-08,3.45776e-08,1.41421e-08
-77.5472,-98.2747,-92.7842,-92.6842,-87.4575,-97.5931,-87.4575
0,3.14159,3.14159,3.14159,3.14159,3.14159,3.14159
90,90,90,90,135,90,45
0,286.59,0,180,0,73.1897,0
90,90,90,90,135,90,45
180,253.41,0,180,180,106.81,180
7
1.00027e-08,3.4801e-08,1.66683e-08,1.66683e-08,1.41441e-08,3.4801e-08,1.41441e-08
-77.5496,-98.2191,-92.785,-92.685,-87.4587,-97.6491,-87.4587
0,3.14159,3.14159,3.14159,3.14159,3.14159,3.14159
90,90,90,90,134.992,90,45.0078
358.663,286.699,359.198,180.802,358.663,73.3008,358.663
90,90,90,90,134.992,90,45.0078
178.663,253.301,0.802089,179.198,178.663,106.699,178.663
7
1.00027e-08,3.4801e-08,1.66683e-08,1.66683e-08,1.41441e-08,3.4801e-08,1.41441e-08
-77.5496,-98.2191,-92.785,-92.685,-87.4587,-97.6491,-87.4587
0,3.14159,3.14159,3.14159,3.14159,3.14159,3.14159
90,90,90,90,134.992,90,45.0078
1.33666,286.699,0.802089,179.198,1.33666,73.3008,1.33666
90,90,90,90,134.992,90,45.0078
181.337,253.301,359.198,180.802,181.337,106.699,181.337
7
1e-08,3.45776e-08,1.66667e-08,1.66667e-08,1.41421e-08,3.50246e-08,1.41421e-08
-77.5472,-98.1631,-92.7842,-92.6842,-87.4575,-97.7047,-87.4575
0,3.14159,3.14159,3.14159,3.14159,3.14159,3.14159
90,90,90,90,135,90,45
0,286.81,0,180,0,73.4104,0
90,90,90,90,135,90,45
180,253.19,0,180,180,106.59,180
7
9.66667e-09,3.49309e-08,1.7e-08,1.63333e-08,1.39084e-08,3.44827e-08,1.39084e-08
-77.2528,-98.2514,-92.9562,-92.5087,-87.3128,-97.5692,-87.3128
0,3.14159,3.14159,3.14159,3.14159,3.14159,3.14159
90,90,90,90,135.971,90,44.029
0,286.066,0,180,0,73.7199,0
90,90,90,90,135.971,90,44.029
180,253.934,0,180,180,106.28,180
7
9.66948e-09,3.47067e-08,1.70016e-08,1.6335e-08,1.39104e-08,3.47067e-08,1.39104e-08
-77.2553,-98.1955,-92.957,-92.5096,-87.314,-97.6255,-87.314
0,3.14159,3.14159,3.14159,3.14159,3.14159,3.14159
90,90,90,90,135.963,90,44.0373
358.617,286.172,359.214,180.818,358.617,73.8278,358.617
90,90,90,90,135.963,90,44.0373
178.617,253.828,0.786363,179.182,178.617,106.172,178.617
7
9.66948e-09,3.47067e-08,1.70016e-08,1.6335e-08,1.39104e-08,3.47067e-08,1.39104e-08
-77.2553,-98.1955,-92.957,-92.5096,-87.314,-97.6255,-87.314
0,3.14159,3.14159,3.14159,3.14159,3.14159,3.14159
90,90,90,90,135.963,90,44.0373
1.38273,286.172,0.786363,179.182,1.38273,73.8278,1.38273
90,90,90,90,135.963,90,44.0373
181.383,253.828,359.214,180.818,181.383,106.172,181.383
7
9.66667e-09,3.44827e-08,1.7e-08,1.63333e-08,1.39084e-08,3.49309e-08,1.39084e-08
-77.2528,-98.1392,-92.9562,-92.5087,-87.3128,-97.6814,-87.3128
0,3.14159,3.14159,3.14159,3.14159,3.14159,3.14159
90,90,90,90,135.971,90,44.029
0,286.28,0,180,0,73.9344,0
90,90,90,90,135.971,90,44.029
180,253.72,0,180,180,106.066,180
7
9.33333e-09,3.48401e-08,1.73333e-08,1.6e-08,1.36789e-08,3.43907e-08,1.36789e-08
-76.948,-98.2288,-93.1249,-92.3296,-87.1682,-97.546,-87.1682
0,3.14159,3.14159,3.14159,3.14159,3.14159,3.14159
90,90,90,90,136.975,90,43.0251
0,285.539,0,180,0,74.2529,0
90,90,90,90,136.975,90,43.0251
180,254.461,0,180,180,105.747,180
7
9.33625e-09,3.46153e-08,1.73349e-08,1.60017e-08,1.36808e-08,3.46153e-08,1.36808e-08
-76.9507,-98.1726,-93.1257,-92.3305,-87.1695,-97.6026,-87.1695
0,3.14159,3.14159,3.14159,3.14159,3.14159,3.14159
90,90,90,90,136.966,90,43.034
358.568,285.642,359.229,180.836,358.568,74.3578,358.568
90,90,90,90,136.966,90,43.034
178.568,254.358,0.771243,179.164,178.568,105.642,178.568
7
9.33625e-09,3.46153e-08,1.73349e-08,1.60017e-08,1.36808e-08,3.46153e-08,1.36808e-08
-76.9507,-98.1726,-93.1257,-92.3305,-87.1695,-97.6026,-87.1695
0,3.14159,3.14159,3.14159,3.14159,3.14159,3.14159
90,90,90,90,136.966,90,43.034
1.4321,285.642,0.771243,179.164,1.4321,74.3578,1.4321
90,90,90,90,136.966,90,43.034
181.432,254.358,359.229,180.836,181.432,105.642,181.432
7
9.33333e-09,3.43907e-08,1.73333e-08,1.6e-08,1.36789e-08,3.48401e-08,1.36789e-08
-76.948,-98.116,-93.1249,-92.3296,-87.1682,-97.6588,-87.1682
0,3.14159,3.14159,3.14159,3.14159,3.14159,3.14159
90,90,90,90,136.975,90,43.0251
0,285.747,0,180,0,74.4612,0
90,90,90,90,136.975,90,43.0251
180,254.253,0,180,180,105.539,180
7
9e-09,3.47523e-08,1.76667e-08,1.56667e-08,1.34536e-08,3.43017e-08,1.34536e-08
-76.6321,-98.2069,-93.2903,-92.1468,-87.024,-97.5235,-87.024
0,3.14159,3.14159,3.14159,3.14159,3.14159,3.14159
90,90,90,90,138.013,90,41.9872
0,285.009,0,180,0,74.7888,0
90,90,90,90,138.013,90,41.9872
180,254.991,0,180,180,105.211,180
7
9.00302e-09,3.4527e-08,1.76682e-08,1.56684e-08,1.34556e-08,3.4527e-08,1.34556e-08
-76.635,-98.1504,-93.2911,-92.1477,-87.0253,-97.5804,-87.0253
0,3.14159,3.14159,3.14159,3.14159,3.14159,3.14159
90,90,90,90,138.003,90,41.9968
358.515,285.11,359.243,180.853,358.515,74.8904,358.515
90,90,90,90,138.003,90,41.9968
178.515,254.89,0.756693,179.147,178.515,105.11,178.515
7
9.00302e-09,3.4527e-08,1.76682e-08,1.56684e-08,1.34556e-08,3.4527e-08,1.34556e-08
-76.635,-98.1504,-93.2911,-92.1477,-87.0253,-97.5804,-87.0253
0,3.14159,3.14159,3.14159,3.14159,3.14159,3.14159
90,90,90,90,138.003,90,41.9968
1.48511,285.11,0.756693,179.147,1.48511,74.8904,1.48511
90,90,90,90,138.003,90,41.9968
181.485,254.89,359.243,180.853,181.485,105.11,181.485
7
9e-09,3.43017e-08,1.76667e-08,1.56667e-08,1.34536e-08,3.47523e-08,1.34536e-08
-76.6321,-98.0935,-93.2903,-92.1468,-87.024,-97.6369,-87.024
0,3.14159,3.14159,3.14159,3.14159,3.14159,3.14159
90,90,90,90,138.013,90,41.9872
0,285.211,0,180,0,74.9907,0
90,90,90,90,138.013,90,41.9872
180,254.789,0,180,180,105.009,180
7
8.66667e-09,3.46675e-08,1.8e-08,1.53333e-08,1.3233e-08,3.42158e-08,1.3233e-08
-76.3043,-98.1857,-93.4527,-91.96,-86.8804,-97.5018,-86.8804
0,3.14159,3.14159,3.14159,3.14159,3.14159,3.14159
90,90,90,90,139.086,90,40.9144
0,284.477,0,180,0,75.3275,0
90,90,90,90,139.086,90,40.9144
180,255.523,0,180,180,104.673,180
7
8.66981e-09,3.44416e-08,1.80015e-08,1.53351e-08,1.3235e-08,3.44416e-08,1.3235e-08
-76.3074,-98.1289,-93.4534,-91.961,-86.8817,-97.5589,-86.8817
0,3.14159,3.14159,3.14159,3.14159,3.14159,3.14159
90,90,90,90,139.075,90,40.9247
358.458,284.574,359.257,180.872,358.458,75.4258,358.458
90,90,90,90,139.075,90,40.9247
178.458,255.426,0.742681,179.128,178.458,104.574,178.458
7
8.66981e-09,3.44416e-08,1.80015e-08,1.53351e-08,1.3235e-08,3.44416e-08,1.3235e-08
-76.3074,-98.1289,-93.4534,-91.961,-86.8817,-97.5589,-86.8817
0,3.14159,3.14159,3.14159,3.14159,3.14159,3.14159
90,90,90,90,139.075,90,40.9247
1.54221,284.574,0.742681,179.128,1.54221,75.4258,1.54221
90,90,90,90,139.075,90,40.9247
181.542,255.426,359.257,180.872,181.542,104.574,181.542
7
8.66667e-09,3.42158e-08,1.8e-08,1.53333e-08,1.3233e-08,3.46675e-08,1.3233e-08
-76.3043,-98.0718,-93.4527,-91.96,-86.8804,-97.6157,-86.8804
0,3.14159,3.14159,3.14159,3.14159,3.14159,3.14159
90,90,90,90,139.086,90,40.9144
0,284.673,0,180,0,75.5228,0
90,90,90,90,139.086,90,40.9144
180,255.327,0,180,180,104.477,180
7
8.33333e-09,3.45856e-08,1.83333e-08,1.5e-08,1.30171e-08,3.41329e-08,1.30171e-08
-75.9636,-98.1651,-93.6121,-91.769,-86.7375,-97.4807,-86.7375
0,3.14159,3.14159,3.14159,3.14159,3.14159,3.14159
90,90,90,90,140.194,90,39.8056
0,283.942,0,180,0,75.8688,0
90,90,90,90,140.194,90,39.8056
180,256.058,0,180,180,104.131,180
7
8.3366e-09,3.43592e-08,1.83348e-08,1.50018e-08,1.30192e-08,3.43592e-08,1.30192e-08
-75.967,-98.1081,-93.6128,-91.7701,-86.7389,-97.5381,-86.7389
0,3.14159,3.14159,3.14159,3.14159,3.14159,3.14159
90,90,90,90,140.183,90,39.8166
358.396,284.036,359.271,180.891,358.396,75.9638,358.396
90,90,90,90,140.183,90,39.8166
178.396,255.964,0.72918,179.109,178.396,104.036,178.396
7
8.3366e-09,3.43592e-08,1.83348e-08,1.50018e-08,1.30192e-08,3.43592e-08,1.30192e-08
-75.967,-98.1081,-93.6128,-91.7701,-86.7389,-97.5381,-86.7389
0,3.14159,3.14159,3.14159,3.14159,3.14159,3.14159
90,90,90,90,140.183,90,39.8166
1.60386,284.036,0.72918,179.109,1.60386,75.9638,1.60386
90,90,90,90,140.183,90,39.8166
181.604,255.964,359.271,180.891,181.604,104.036,181.604
7
8.33333e-09,3.41329e-08,1.83333e-08,1.5e-08,1.30171e-08,3.45856e-08,1.30171e-08
-75.9636,-98.0507,-93.6121,-91.769,-86.7375,-97.5951,-86.7375
0,3.14159,3.14159,3.14159,3.14159,3.14159,3.14159
90,90,90,90,140.194,90,39.8056
0,284.131,0,180,0,76.0575,0
90,90,90,90,140.194,90,39.8056
180,255.869,0,180,180,103.942,180
7
8e-09,3.45068e-08,1.86667e-08,1.46667e-08,1.28062e-08,3.4053e-08,1.28062e-08
-75.609,-98.1453,-93.7686,-91.5739,-86.5957,-97.4603,-86.5957
0,3.14159,3.14159,3.14159,3.14159,3.14159,3.14159
90,90,90,90,141.34,90,38.6598
0,283.405,0,180,0,76.4126,0
90,90,90,90,141.34,90,38.6598
180,256.595,0,180,180,103.587,180
7
8.0034e-09,3.42799e-08,1.86681e-08,1.46685e-08,1.28084e-08,3.42799e-08,1.28084e-08
-75.6127,-98.088,-93.7692,-91.5749,-86.5971,-97.518,-86.5971
0,3.14159,3.14159,3.14159,3.14159,3.14159,3.14159
90,90,90,90,141.328,90,38.6717
358.329,283.496,359.284,180.911,358.329,76.5043,358.329
90,90,90,90,141.328,90,38.6717
178.329,256.504,0.71616,179.089,178.329,103.496,178.329
7
8.0034e-09,3.42799e-08,1.86681e-08,1.46685e-08,1.28084e-08,3.42799e-08,1.28084e-08
-75.6127,-98.088,-93.7692,-91.5749,-86.5971,-97.518,-86.5971
0,3.14159,3.14159,3.14159,3.14159,3.14159,3.14159
90,90,90,90,141.328,90,38.6717
1.67065,283.496,0.71616,179.089,1.67065,76.5043,1.67065
90,90,90,90,141.328,90,38.6717
181.671,256.504,359.284,180.911,181.671,103.496,181.671
7
8e-09,3.4053e-08,1.86667e-08,1.46667e-08,1.28062e-08,3.45068e-08,1.28062e-08
-75.609,-98.0303,-93.7686,-91.5739,-86.5957,-97.5753,-86.5957
0,3.14159,3.14159,3.14159,3.14159,3.14159,3.14159
90,90,90,90,141.34,90,38.6598
0,283.587,0,180,0,76.5947,0
90,90,90,90,141.34,90,38.6598
180,256.413,0,180,180,103.405,180
7
7.66667e-09,3.44311e-08,1.9e-08,1.43333e-08,1.26007e-08,3.39763e-08,1.26007e-08
-75.2394,-98.1262,-93.9223,-91.3742,-86.4551,-97.4407,-86.4551
0,3.14159,3.14159,3.14159,3.14159,3.14159,3.14159
90,90,90,90,142.524,90,37.4762
0,282.866,0,180,0,76.959,0
90,90,90,90,142.524,90,37.4762
180,257.134,0,180,180,103.041,180
7
7.67022e-09,3.42036e-08,1.90014e-08,1.43352e-08,1.26029e-08,3.42036e-08,1.26029e-08
-75.2434,-98.0687,-93.9229,-91.3753,-86.4566,-97.4987,-86.4566
0,3.14159,3.14159,3.14159,3.14159,3.14159,3.14159
90,90,90,90,142.511,90,37.489
358.257,282.953,359.296,180.933,358.257,77.0472,358.257
90,90,90,90,142.511,90,37.489
178.257,257.047,0.703597,179.067,178.257,102.953,178.257
7
7.67022e-09,3.42036e-08,1.90014e-08,1.43352e-08,1.26029e-08,3.42036e-08,1.26029e-08
-75.2434,-98.0687,-93.9229,-91.3753,-86.4566,-97.4987,-86.4566
0,3.14159,3.14159,3.14159,3.14159,3.14159,3.14159
90,90,90,90,142.511,90,37.489
1.74325,282.953,0.703597,179.067,1.74325,77.0472,1.74325
90,90,90,90,142.511,90,37.489
181.743,257.047,359.296,180.933,181.743,102.953,181.743
7
7.66667e-09,3.39763e-08,1.9e-08,1.43333e-08,1.26007e-08,3.44311e-08,1.26007e-08
-75.2394,-98.0107,-93.9223,-91.3742,-86.4551,-97.5562,-86.4551
0,3.14159,3.14159,3.14159,3.14159,3.14159,3.14159
90,90,90,90,142.524,90,37.4762
0,283.041,0,180,0,77.1343,0
90,90,90,90,142.524,90,37.4762
180,256.959,0,180,180,102.866,180
7
7.33333e-09,3.43584e-08,1.93333e-08,1.4e-08,1.24007e-08,3.39026e-08,1.24007e-08
-74.8533,-98.1079,-94.0734,-91.1698,-86.3162,-97.4219,-86.3162
0,3.14159,3.14159,3.14159,3.14159,3.14159,3.14159
90,90,90,90,143.746,90,36.2538
0,282.324,0,180,0,77.5079,0
90,90,90,90,143.746,90,36.2538
180,257.676,0,180,180,102.492,180
7
7.33704e-09,3.41305e-08,1.93347e-08,1.40019e-08,1.24029e-08,3.41305e-08,1.24029e-08
-74.8576,-98.0501,-94.074,-91.171,-86.3177,-97.4801,-86.3177
0,3.14159,3.14159,3.14159,3.14159,3.14159,3.14159
90,90,90,90,143.732,90,36.2677
358.178,282.407,359.309,180.955,358.178,77.5926,358.178
90,90,90,90,143.732,90,36.2677
178.178,257.593,0.691467,179.045,178.178,102.407,178.178
7
7.33704e-09,3.41305e-08,1.93347e-08,1.40019e-08,1.24029e-08,3.41305e-08,1.24029e-08
-74.8576,-98.0501,-94.074,-91.171,-86.3177,-97.4801,-86.3177
0,3.14159,3.14159,3.14159,3.14159,3.14159,3.14159
90,90,90,90,143.732,90,36.2677
1.82243,282.407,0.691467,179.045,1.82243,77.5926,1.82243
90,90,90,90,143.732,90,36.2677
181.822,257.593,359.309,180.955,181.822,102.407,181.822
7
7.33333e-09,3.39026e-08,1.93333e-08,1.4e-08,1.24007e-08,3.43584e-08,1.24007e-08
-74.8533,-97.9919,-94.0734,-91.1698,-86.3162,-97.5379,-86.3162
0,3.14159,3.14159,3.14159,3.14159,3.14159,3.14159
90,90,90,90,143.746,90,36.2538
0,282.492,0,180,0,77.6762,0
90,90,90,90,143.746,90,36.2538
180,257.508,0,180,180,102.324,180
7
7e-09,3.42888e-08,1.96667e-08,1.36667e-08,1.22066e-08,3.38321e-08,1.22066e-08
-74.4492,-98.0903,-94.2218,-90.9605,-86.1791,-97.4038,-86.1791
0,3.14159,3.14159,3.14159,3.14159,3.14159,3.14159
90,90,90,90,145.008,90,34.992
0,281.78,0,180,0,78.059,0
90,90,90,90,145.008,90,34.992
180,258.22,0,180,180,101.941,180
7
7.00389e-09,3.40604e-08,1.96681e-08,1.36687e-08,1.22088e-08,3.40604e-08,1.22088e-08
-74.454,-98.0322,-94.2224,-90.9617,-86.1807,-97.4622,-86.1807
0,3.14159,3.14159,3.14159,3.14159,3.14159,3.14159
90,90,90,90,144.993,90,35.007
358.091,281.86,359.32,180.978,358.091,78.1402,358.091
90,90,90,90,144.993,90,35.007
178.091,258.14,0.679749,179.022,178.091,101.86,178.091
7
7.00389e-09,3.40604e-08,1.96681e-08,1.36687e-08,1.22088e-08,3.40604e-08,1.22088e-08
-74.454,-98.0322,-94.2224,-90.9617,-86.1807,-97.4622,-86.1807
0,3.14159,3.14159,3.14159,3.14159,3.14159,3.14159
90,90,90,90,144.993,90,35.007
1.90915,281.86,0.679749,179.022,1.90915,78.1402,1.90915
90,90,90,90,144.993,90,35.007
181.909,258.14,359.32,180.978,181.909,101.86,181.909
7
7e-09,3.38321e-08,1.96667e-08,1.36667e-08,1.22066e-08,3.42888e-08,1.22066e-08
-74.4492,-97.9738,-94.2218,-90.9605,-86.1791,-97.5203,-86.1791
0,3.14159,3.14159,3.14159,3.14159,3.14159,3.14159
90,90,90,90,145.008,90,34.992
0,281.941,0,180,0,78.2204,0
90,90,90,90,145.008,90,34.992
180,258.059,0,180,180,101.78,180
7
6.66667e-09,3.42223e-08,2e-08,1.33333e-08,1.20185e-08,3.37647e-08,1.20185e-08
-74.0254,-98.0734,-94.3678,-90.746,-86.0442,-97.3865,-86.0442
0,3.14159,3.14159,3.14159,3.14159,3.14159,3.14159
90,90,90,90,146.31,90,33.6901
0,281.233,0,180,0,78.6124,0
90,90,90,90,146.31,90,33.6901
180,258.767,0,180,180,101.388,180
7
6.67075e-09,3.39935e-08,2.00014e-08,1.33354e-08,1.20208e-08,3.39935e-08,1.20208e-08
-74.0307,-98.0151,-94.3684,-90.7473,-86.0459,-97.4451,-86.0459
0,3.14159,3.14159,3.14159,3.14159,3.14159,3.14159
90,90,90,90,146.294,90,33.7063
357.995,281.31,359.332,181.003,357.995,78.6901,357.995
90,90,90,90,146.294,90,33.7063
177.995,258.69,0.66842,178.997,177.995,101.31,177.995
7
6.67075e-09,3.39935e-08,2.00014e-08,1.33354e-08,1.20208e-08,3.39935e-08,1.20208e-08
-74.0307,-98.0151,-94.3684,-90.7473,-86.0459,-97.4451,-86.0459
0,3.14159,3.14159,3.14159,3.14159,3.14159,3.14159
90,90,90,90,146.294,90,33.7063
2.00453,281.31,0.66842,178.997,2.00453,78.6901,2.00453
90,90,90,90,146.294,90,33.7063
182.005,258.69,359.332,181.003,182.005,101.31,182.005
7
6.66667e-09,3.37647e-08,2e-08,1.33333e-08,1.20185e-08,3.42223e-08,1.20185e-08
-74.0254,-97.9565,-94.3678,-90.746,-86.0442,-97.5034,-86.0442
0,3.14159,3.14159,3.14159,3.14159,3.14159,3.14159
90,90,90,90,146.31,90,33.6901
0,281.388,0,180,0,78.7667,0
90,90,90,90,146.31,90,33.6901
180,258.612,0,180,180,101.233,180
7
6.33333e-09,3.41589e-08,2.03333e-08,1.3e-08,1.18369e-08,3.37005e-08,1.18369e-08
-73.5799,-98.0573,-94.5114,-90.5261,-85.9119,-97.3699,-85.9119
0,3.14159,3.14159,3.14159,3.14159,3.14159,3.14159
90,90,90,90,147.653,90,32.3474
0,280.685,0,180,0,79.168,0
90,90,90,90,147.653,90,32.3474
180,259.315,0,180,180,100.832,180
7
6.33763e-09,3.39297e-08,2.03347e-08,1.30021e-08,1.18392e-08,3.39297e-08,1.18392e-08
-73.5858,-97.9988,-94.512,-90.5275,-85.9136,-97.4288,-85.9136
0,3.14159,3.14159,3.14159,3.14159,3.14159,3.14159
90,90,90,90,147.635,90,32.365
357.89,280.758,359.343,181.028,357.89,79.242,357.89
90,90,90,90,147.635,90,32.365
177.89,259.242,0.657464,178.972,177.89,100.758,177.89
7
6.33763e-09,3.39297e-08,2.03347e-08,1.30021e-08,1.18392e-08,3.39297e-08,1.18392e-08
-73.5858,-97.9988,-94.512,-90.5275,-85.9136,-97.4288,-85.9136
0,3.14159,3.14159,3.14159,3.14159,3.14159,3.14159
90,90,90,90,147.635,90,32.365
2.10994,280.758,0.657464,178.972,2.10994,79.242,2.10994
90,90,90,90,147.635,90,32.365
182.11,259.242,359.343,181.028,182.11,100.758,182.11
7
6.33333e-09,3.37005e-08,2.03333e-08,1.3e-08,1.18369e-08,3.41589e-08,1.18369e-08
-73.5799,-97.9399,-94.5114,-90.5261,-85.9119,-97.4873,-85.9119
0,3.14159,3.14159,3.14159,3.14159,3.14159,3.14159
90,90,90,90,147.653,90,32.3474
0,280.832,0,180,0,79.3151,0
90,90,90,90,147.653,90,32.3474
180,259.168,0,180,180,100.685,180
7
6e-09,3.40987e-08,2.06667e-08,1.26667e-08,1.16619e-08,3.36394e-08,1.16619e-08
-73.1102,-98.042,-94.6526,-90.3005,-85.7826,-97.3542,-85.7826
0,3.14159,3.14159,3.14159,3.14159,3.14159,3.14159
90,90,90,90,149.036,90,30.9638
0,280.135,0,180,0,79.7256,0
90,90,90,90,149.036,90,30.9638
180,259.865,0,180,180,100.274,180
7
6.00454e-09,3.3869e-08,2.0668e-08,1.26688e-08,1.16642e-08,3.3869e-08,1.16642e-08
-73.1168,-97.9833,-94.6532,-90.3019,-85.7843,-97.4133,-85.7843
0,3.14159,3.14159,3.14159,3.14159,3.14159,3.14159
90,90,90,90,149.017,90,30.9829
357.773,280.204,359.353,181.055,357.773,79.796,357.773
90,90,90,90,149.017,90,30.9829
177.773,259.796,0.64686,178.945,177.773,100.204,177.773
7
6.00454e-09,3.3869e-08,2.0668e-08,1.26688e-08,1.16642e-08,3.3869e-08,1.16642e-08
-73.1168,-97.9833,-94.6532,-90.3019,-85.7843,-97.4133,-85.7843
0,3.14159,3.14159,3.14159,3.14159,3.14159,3.14159
90,90,90,90,149.017,90,30.9829
2.22705,280.204,0.64686,178.945,2.22705,79.796,2.22705
90,90,90,90,149.017,90,30.9829
182.227,259.796,359.353,181.055,182.227,100.204,182.227
7
6e-09,3.36394e-08,2.06667e-08,1.26667e-08,1.16619e-08,3.40987e-08,1.16619e-08
-73.1102,-97.9242,-94.6526,-90.3005,-85.7826,-97.472,-85.7826
0,3.14159,3.14159,3.14159,3.14159,3.14159,3.14159
90,90,90,90,149.036,90,30.9638
0,280.274,0,180,0,79.8655,0
90,90,90,90,149.036,90,30.9638
180,259.726,0,180,180,100.135,180
7
5.66667e-09,3.40416e-08,2.1e-08,1.23333e-08,1.1494e-08,3.35816e-08,1.1494e-08
-72.6138,-98.0274,-94.7916,-90.0688,-85.6566,-97.3392,-85.6566
0,3.14159,3.14159,3.14159,3.14159,3.14159,3.14159
90,90,90,90,150.461,90,29.5388
0,279.582,0,180,0,80.2852,0
90,90,90,90,150.461,90,29.5388
180,260.418,0,180,180,99.7148,180
7
5.67147e-09,3.38116e-08,2.10013e-08,1.23355e-08,1.14963e-08,3.38116e-08,1.14963e-08
-72.6211,-97.9685,-94.7921,-90.0704,-85.6584,-97.3985,-85.6584
0,3.14159,3.14159,3.14159,3.14159,3.14159,3.14159
90,90,90,90,150.44,90,29.5596
357.642,279.648,359.363,181.084,357.642,80.352,357.642
90,90,90,90,150.44,90,29.5596
177.642,260.352,0.636594,178.916,177.642,99.648,177.642
7
5.67147e-09,3.38116e-08,2.10013e-08,1.23355e-08,1.14963e-08,3.38116e-08,1.14963e-08
-72.6211,-97.9685,-94.7921,-90.0704,-85.6584,-97.3985,-85.6584
0,3.14159,3.14159,3.14159,3.14159,3.14159,3.14159
90,90,90,90,150.44,90,29.5596
2.35791,279.648,0.636594,178.916,2.35791,80.352,2.35791
90,90,90,90,150.44,90,29.5596
182.358,260.352,359.363,181.084,182.358,99.648,182.358
7
5.66667e-09,3.35816e-08,2.1e-08,1.23333e-08,1.1494e-08,3.40416e-08,1.1494e-08
-72.6138,-97.9092,-94.7916,-90.0688,-85.6566,-97.4574,-85.6566
0,3.14159,3.14159,3.14159,3.14159,3.14159,3.14159
90,90,90,90,150.461,90,29.5388
0,279.715,0,180,0,80.4178,0
90,90,90,90,150.461,90,29.5388
180,260.285,0,180,180,99.5822,180
7
5.33333e-09,3.39877e-08,2.13333e-08,1.2e-08,1.13333e-08,3.35269e-08,1.13333e-08
-72.0872,-98.0137,-94.9284,-89.8308,-85.5344,-97.3251,-85.5344
0,3.14159,3.14159,3.14159,3.14159,3.14159,3.14159
90,90,90,90,151.928,90,28.0725
0,279.028,0,180,0,80.8467,0
90,90,90,90,151.928,90,28.0725
180,260.972,0,180,180,99.1533,180
7
5.33844e-09,3.37573e-08,2.13346e-08,1.20023e-08,1.13357e-08,3.37573e-08,1.13357e-08
-72.0955,-97.9546,-94.9289,-89.8325,-85.5362,-97.3846,-85.5362
0,3.14159,3.14159,3.14159,3.14159,3.14159,3.14159
90,90,90,90,151.905,90,28.0952
357.495,279.09,359.373,181.114,357.495,80.9097,357.495
90,90,90,90,151.905,90,28.0952
177.495,260.91,0.626648,178.886,177.495,99.0903,177.495
7
5.33844e-09,3.37573e-08,2.13346e-08,1.20023e-08,1.13357e-08,3.37573e-08,1.13357e-08
-72.0955,-97.9546,-94.9289,-89.8325,-85.5362,-97.3846,-85.5362
0,3.14159,3.14159,3.14159,3.14159,3.14159,3.14159
90,90,90,90,151.905,90,28.0952
2.50509,279.09,0.626648,178.886,2.50509,80.9097,2.50509
90,90,90,90,151.905,90,28.0952
182.505,260.91,359.373,181.114,182.505,99.0903,182.505
7
5.33333e-09,3.35269e-08,2.13333e-08,1.2e-08,1.13333e-08,3.39877e-08,1.13333e-08
-72.0872,-97.8951,-94.9284,-89.8308,-85.5344,-97.4437,-85.5344
0,3.14159,3.14159,3.14159,3.14159,3.14159,3.14159
90,90,90,90,151.928,90,28.0725
0,279.153,0,180,0,80.9719,0
90,90,90,90,151.928,90,28.0725
180,260.847,0,180,180,99.0281,180
7
5e-09,3.3937e-08,2.16667e-08,1.16667e-08,1.11803e-08,3.34755e-08,1.11803e-08
-71.5266,-98.0007,-95.0631,-89.5862,-85.4163,-97.3118,-85.4163
0,3.14159,3.14159,3.14159,3.14159,3.14159,3.14159
90,90,90,90,153.435,90,26.5651
0,278.472,0,180,0,81.41,0
90,90,90,90,153.435,90,26.5651
180,261.528,0,180,180,98.59,180
7
5.00544e-09,3.37062e-08,2.16679e-08,1.1669e-08,1.11828e-08,3.37062e-08,1.11828e-08
-71.5361,-97.9414,-95.0636,-89.5879,-85.4182,-97.3714,-85.4182
0,3.14159,3.14159,3.14159,3.14159,3.14159,3.14159
90,90,90,90,153.41,90,26.59
357.328,278.531,359.383,181.146,357.328,81.4692,357.328
90,90,90,90,153.41,90,26.59
177.328,261.469,0.617008,178.854,177.328,98.5308,177.328
7
5.00544e-09,3.37062e-08,2.16679e-08,1.1669e-08,1.11828e-08,3.37062e-08,1.11828e-08
-71.5361,-97.9414,-95.0636,-89.5879,-85.4182,-97.3714,-85.4182
0,3.14159,3.14159,3.14159,3.14159,3.14159,3.14159
90,90,90,90,153.41,90,26.59
2.67186,278.531,0.617008,178.854,2.67186,81.4692,2.67186
90,90,90,90,153.41,90,26.59
182.672,261.469,359.383,181.146,182.672,98.5308,182.672
7
5e-09,3.34755e-08,2.16667e-08,1.16667e-08,1.11803e-08,3.3937e-08,1.11803e-08
-71.5266,-97.8818,-95.0631,-89.5862,-85.4163,-97.4307,-85.4163
0,3.14159,3.14159,3.14159,3.14159,3.14159,3.14159
90,90,90,90,153.435,90,26.5651
0,278.59,0,180,0,81.5277,0
90,90,90,90,153.435,90,26.5651
180,261.41,0,180,180,98.4723,180
7
4.66667e-09,3.38895e-08,2.2e-08,1.13333e-08,1.10353e-08,3.34274e-08,1.10353e-08
-70.9274,-97.9885,-95.1957,-89.3344,-85.3029,-97.2993,-85.3029
0,3.14159,3.14159,3.14159,3.14159,3.14159,3.14159
90,90,90,90,154.983,90,25.0169
0,277.915,0,180,0,81.9749,0
90,90,90,90,154.983,90,25.0169
180,262.085,0,180,180,98.0251,180
7
4.6725e-09,3.36584e-08,2.20012e-08,1.13357e-08,1.10378e-08,3.36584e-08,1.10378e-08
-70.9382,-97.9291,-95.1962,-89.3362,-85.3048,-97.3591,-85.3048
0,3.14159,3.14159,3.14159,3.14159,3.14159,3.14159
90,90,90,90,154.956,90,25.0443
357.138,277.97,359.392,181.179,357.138,82.0304,357.138
90,90,90,90,154.956,90,25.0443
177.138,262.03,0.60766,178.821,177.138,97.9696,177.138
7
4.6725e-09,3.36584e-08,2.20012e-08,1.13357e-08,1.10378e-08,3.36584e-08,1.10378e-08
-70.9382,-97.9291,-95.1962,-89.3362,-85.3048,-97.3591,-85.3048
0,3.14159,3.14159,3.14159,3.14159,3.14159,3.14159
90,90,90,90,154.956,90,25.0443
2.86241,277.97,0.60766,178.821,2.86241,82.0304,2.86241
90,90,90,90,154.956,90,25.0443
182.862,262.03,359.392,181.179,182.862,97.9696,182.862
7
4.66667e-09,3.34274e-08,2.2e-08,1.13333e-08,1.10353e-08,3.38895e-08,1.10353e-08
-70.9274,-97.8693,-95.1957,-89.3344,-85.3029,-97.4185,-85.3029
0,3.14159,3.14159,3.14159,3.14159,3.14159,3.14159
90,90,90,90,154.983,90,25.0169
0,278.025,0,180,0,82.0851,0
90,90,90,90,154.983,90,25.0169
180,261.975,0,180,180,97.9149,180
7
4.33333e-09,3.38452e-08,2.23333e-08,1.1e-08,1.08985e-08,3.33824e-08,1.08985e-08
-70.2837,-97.9772,-95.3263,-89.0751,-85.1946,-97.2876,-85.1946
0,3.14159,3.14159,3.14159,3.14159,3.14159,3.14159
90,90,90,90,156.571,90,23.4287
0,277.356,0,180,0,82.5415,0
90,90,90,90,156.571,90,23.4287
180,262.644,0,180,180,97.4585,180
7
4.33961e-09,3.36138e-08,2.23346e-08,1.10025e-08,1.0901e-08,3.36138e-08,1.0901e-08
-70.2962,-97.9176,-95.3268,-89.077,-85.1966,-97.3476,-85.1966
0,3.14159,3.14159,3.14159,3.14159,3.14159,3.14159
90,90,90,90,156.541,90,23.459
356.918,277.407,359.401,181.215,356.918,82.5931,356.918
90,90,90,90,156.541,90,23.459
176.918,262.593,0.598591,178.785,176.918,97.4069,176.918
7
4.33961e-09,3.36138e-08,2.23346e-08,1.10025e-08,1.0901e-08,3.36138e-08,1.0901e-08
-70.2962,-97.9176,-95.3268,-89.077,-85.1966,-97.3476,-85.1966
0,3.14159,3.14159,3.14159,3.14159,3.14159,3.14159
90,90,90,90,156.541,90,23.459
3.08218,277.407,0.598591,178.785,3.08218,82.5931,3.08218
90,90,90,90,156.541,90,23.459
183.082,262.593,359.401,181.215,183.082,97.4069,183.082
7
4.33333e-09,3.33824e-08,2.23333e-08,1.1e-08,1.08985e-08,3.38452e-08,1.08985e-08
-70.2837,-97.8576,-95.3263,-89.0751,-85.1946,-97.4072,-85.1946
0,3.14159,3.14159,3.14159,3.14159,3.14159,3.14159
90,90,90,90,156.571,90,23.4287
0,277.459,0,180,0,82.644,0
90,90,90,90,156.571,90,23.4287
180,262.541,0,180,180,97.356,180
7
4e-09,3.38042e-08,2.26667e-08,1.06667e-08,1.07703e-08,3.33408e-08,1.07703e-08
-69.5884,-97.9666,-95.455,-88.8078,-85.0918,-97.2767,-85.0918
0,3.14159,3.14159,3.14159,3.14159,3.14159,3.14159
90,90,90,90,158.199,90,21.8014
0,276.796,0,180,0,83.1095,0
90,90,90,90,158.199,90,21.8014
180,263.204,0,180,180,96.8905,180
7
4.0068e-09,3.35725e-08,2.26679e-08,1.06692e-08,1.07729e-08,3.35725e-08,1.07729e-08
-69.6032,-97.9069,-95.4554,-88.8099,-85.0938,-97.3369,-85.0938
0,3.14159,3.14159,3.14159,3.14159,3.14159,3.14159
90,90,90,90,158.165,90,21.835
356.662,276.843,359.41,181.253,356.662,83.1572,356.662
90,90,90,90,158.165,90,21.835
176.662,263.157,0.589789,178.747,176.662,96.8428,176.662
7
4.0068e-09,3.35725e-08,2.26679e-08,1.06692e-08,1.07729e-08,3.35725e-08,1.07729e-08
-69.6032,-97.9069,-95.4554,-88.8099,-85.0938,-97.3369,-85.0938
0,3.14159,3.14159,3.14159,3.14159,3.14159,3.14159
90,90,90,90,158.165,90,21.835
3.33847,276.843,0.589789,178.747,3.33847,83.1572,3.33847
90,90,90,90,158.165,90,21.835
183.338,263.157,359.41,181.253,183.338,96.8428,183.338
7
4e-09,3.33408e-08,2.26667e-08,1.06667e-08,1.07703e-08,3.38042e-08,1.07703e-08
-69.5884,-97.8467,-95.455,-88.8078,-85.0918,-97.3966,-85.0918
0,3.14159,3.14159,3.14159,3.14159,3.14159,3.14159
90,90,90,90,158.199,90,21.8014
0,276.891,0,180,0,83.2043,0
90,90,90,90,158.199,90,21.8014
180,263.109,0,180,180,96.7957,180
7
3.66667e-09,3.37663e-08,2.3e-08,1.03333e-08,1.0651e-08,3.33025e-08,1.0651e-08
-68.8327,-97.9569,-95.5818,-88.532,-84.9951,-97.2668,-84.9951
0,3.14159,3.14159,3.14159,3.14159,3.14159,3.14159
90,90,90,90,159.864,90,20.1363
0,276.234,0,180,0,83.6788,0
90,90,90,90,159.864,90,20.1363
180,263.766,0,180,180,96.3212,180
7
3.67408e-09,3.35344e-08,2.30012e-08,1.0336e-08,1.06536e-08,3.35344e-08,1.06536e-08
-68.8502,-97.897,-95.5822,-88.5342,-84.9971,-97.327,-84.9971
0,3.14159,3.14159,3.14159,3.14159,3.14159,3.14159
90,90,90,90,159.826,90,20.1738
356.359,276.277,359.419,181.294,356.359,83.7227,356.359
90,90,90,90,159.826,90,20.1738
176.359,263.723,0.581242,178.706,176.359,96.2773,176.359
7
3.67408e-09,3.35344e-08,2.30012e-08,1.0336e-08,1.06536e-08,3.35344e-08,1.06536e-08
-68.8502,-97.897,-95.5822,-88.5342,-84.9971,-97.327,-84.9971
0,3.14159,3.14159,3.14159,3.14159,3.14159,3.14159
90,90,90,90,159.826,90,20.1738
3.64119,276.277,0.581242,178.706,3.64119,83.7227,3.64119
90,90,90,90,159.826,90,20.1738
183.641,263.723,359.419,181.294,183.641,96.2773,183.641
7
3.66667e-09,3.33025e-08,2.3e-08,1.03333e-08,1.0651e-08,3.37663e-08,1.0651e-08
-68.8327,-97.8368,-95.5818,-88.532,-84.9951,-97.3869,-84.9951
0,3.14159,3.14159,3.14159,3.14159,3.14159,3.14159
90,90,90,90,159.864,90,20.1363
0,276.321,0,180,0,83.766,0
90,90,90,90,159.864,90,20.1363
180,263.679,0,180,180,96.234,180
7
3.33333e-09,3.37318e-08,2.33333e-08,1e-08,1.05409e-08,3.32674e-08,1.05409e-08
-68.0048,-97.948,-95.7068,-88.2472,-84.9048,-97.2576,-84.9048
0,3.14159,3.14159,3.14159,3.14159,3.14159,3.14159
90,90,90,90,161.565,90,18.4349
0,275.671,0,180,0,84.2494,0
90,90,90,90,161.565,90,18.4349
180,264.329,0,180,180,95.7506,180
7
3.34149e-09,3.34996e-08,2.33345e-08,1.00027e-08,1.05435e-08,3.34996e-08,1.05435e-08
-68.026,-97.888,-95.7072,-88.2496,-84.9069,-97.318,-84.9069
0,3.14159,3.14159,3.14159,3.14159,3.14159,3.14159
90,90,90,90,161.523,90,18.477
355.996,275.711,359.427,181.337,355.996,84.2894,355.996
90,90,90,90,161.523,90,18.477
175.996,264.289,0.572939,178.663,175.996,95.7106,175.996
7
3.34149e-09,3.34996e-08,2.33345e-08,1.00027e-08,1.05435e-08,3.34996e-08,1.05435e-08
-68.026,-97.888,-95.7072,-88.2496,-84.9069,-97.318,-84.9069
0,3.14159,3.14159,3.14159,3.14159,3.14159,3.14159
90,90,90,90,161.523,90,18.477
4.00417,275.711,0.572939,178.663,4.00417,84.2894,4.00417
90,90,90,90,161.523,90,18.477
184.004,264.289,359.427,181.337,184.004,95.7106,184.004
7
3.33333e-09,3.32674e-08,2.33333e-08,1e-08,1.05409e-08,3.37318e-08,1.05409e-08
-68.0048,-97.8276,-95.7068,-88.2472,-84.9048,-97.378,-84.9048
0,3.14159,3.14159,3.14159,3.14159,3.14159,3.14159
90,90,90,90,161.565,90,18.4349
0,275.751,0,180,0,84.3288,0
90,90,90,90,161.565,90,18.4349
180,264.249,0,180,180,95.6712,180
7
3e-09,3.37005e-08,2.36667e-08,9.66667e-09,1.04403e-08,3.32357e-08,1.04403e-08
-67.0896,-97.9399,-95.83,-87.9528,-84.8215,-97.2493,-84.8215
0,3.14159,3.14159,3.14159,3.14159,3.14159,3.14159
90,90,90,90,163.301,90,16.6992
0,275.107,0,180,0,84.8212,0
90,90,90,90,163.301,90,16.6992
180,264.893,0,180,180,95.1788,180
7
3.00906e-09,3.34681e-08,2.36678e-08,9.66948e-09,1.04429e-08,3.34681e-08,1.04429e-08
-67.1158,-97.8798,-95.8304,-87.9553,-84.8237,-97.3098,-84.8237
0,3.14159,3.14159,3.14159,3.14159,3.14159,3.14159
90,90,90,90,163.253,90,16.7469
355.553,275.143,359.435,181.383,355.553,84.8572,355.553
90,90,90,90,163.253,90,16.7469
175.553,264.857,0.56487,178.617,175.553,95.1428,175.553
7
3.00906e-09,3.34681e-08,2.36678e-08,9.66948e-09,1.04429e-08,3.34681e-08,1.04429e-08
-67.1158,-97.8798,-95.8304,-87.9553,-84.8237,-97.3098,-84.8237
0,3.14159,3.14159,3.14159,3.14159,3.14159,3.14159
90,90,90,90,163.253,90,16.7469
4.44738,275.143,0.56487,178.617,4.44738,84.8572,4.44738
90,90,90,90,163.253,90,16.7469
184.447,264.857,359.435,181.383,184.447,95.1428,184.447
7
3e-09,3.32357e-08,2.36667e-08,9.66667e-09,1.04403e-08,3.37005e-08,1.04403e-08
-67.0896,-97.8193,-95.83,-87.9528,-84.8215,-97.3699,-84.8215
0,3.14159,3.14159,3.14159,3.14159,3.14159,3.14159
90,90,90,90,163.301,90,16.6992
0,275.179,0,180,0,84.8928,0
90,90,90,90,163.301,90,16.6992
180,264.821,0,180,180,95.1072,180
7
2.66667e-09,3.36724e-08,2.4e-08,9.33333e-09,1.03494e-08,3.32072e-08,1.03494e-08
-66.0666,-97.9327,-95.9514,-87.648,-84.7456,-97.2419,-84.7456
0,3.14159,3.14159,3.14159,3.14159,3.14159,3.14159
90,90,90,90,165.069,90,14.9314
0,274.542,0,180,0,85.394,0
90,90,90,90,165.069,90,14.9314
180,265.458,0,180,180,94.606,180
7
2.67686e-09,3.34398e-08,2.40011e-08,9.33625e-09,1.03521e-08,3.34398e-08,1.03521e-08
-66.0997,-97.8725,-95.9519,-87.6507,-84.7478,-97.3025,-84.7478
0,3.14159,3.14159,3.14159,3.14159,3.14159,3.14159
90,90,90,90,165.014,90,14.9859
354.999,274.574,359.443,181.432,354.999,85.4261,354.999
90,90,90,90,165.014,90,14.9859
174.999,265.426,0.557025,178.568,174.999,94.5739,174.999
7
2.67686e-09,3.34398e-08,2.40011e-08,9.33625e-09,1.03521e-08,3.34398e-08,1.03521e-08
-66.0997,-97.8725,-95.9519,-87.6507,-84.7478,-97.3025,-84.7478
0,3.14159,3.14159,3.14159,3.14159,3.14159,3.14159
90,90,90,90,165.014,90,14.9859
5.00064,274.574,0.557025,178.568,5.00064,85.4261,5.00064
90,90,90,90,165.014,90,14.9859
185.001,265.426,359.443,181.432,185.001,94.5739,185.001
7
2.66667e-09,3.32072e-08,2.4e-08,9.33333e-09,1.03494e-08,3.36724e-08,1.03494e-08
-66.0666,-97.8119,-95.9514,-87.648,-84.7456,-97.3627,-84.7456
0,3.14159,3.14159,3.14159,3.14159,3.14159,3.14159
90,90,90,90,165.069,90,14.9314
0,274.606,0,180,0,85.4577,0
90,90,90,90,165.069,90,14.9314
180,265.394,0,180,180,94.5423,180
7
2.33333e-09,3.36477e-08,2.43333e-08,9e-09,1.02686e-08,3.31821e-08,1.02686e-08
-64.9068,-97.9263,-96.0713,-87.3321,-84.6775,-97.2353,-84.6775
0,3.14159,3.14159,3.14159,3.14159,3.14159,3.14159
90,90,90,90,166.866,90,13.134
0,273.976,0,180,0,85.9677,0
90,90,90,90,166.866,90,13.134
180,266.024,0,180,180,94.0323,180
7
2.34497e-09,3.34149e-08,2.43345e-08,9.00302e-09,1.02713e-08,3.34149e-08,1.02713e-08
-64.95,-97.866,-96.0717,-87.335,-84.6797,-97.296,-84.6797
0,3.14159,3.14159,3.14159,3.14159,3.14159,3.14159
90,90,90,90,166.803,90,13.1972
354.289,274.004,359.451,181.485,354.289,85.9958,354.289
90,90,90,90,166.803,90,13.1972
174.289,265.996,0.549395,178.515,174.289,94.0042,174.289
7
2.34497e-09,3.34149e-08,2.43345e-08,9.00302e-09,1.02713e-08,3.34149e-08,1.02713e-08
-64.95,-97.866,-96.0717,-87.335,-84.6797,-97.296,-84.6797
0,3.14159,3.14159,3.14159,3.14159,3.14159,3.14159
90,90,90,90,166.803,90,13.1972
5.71059,274.004,0.549395,178.515,5.71059,85.9958,5.71059
90,90,90,90,166.803,90,13.1972
185.711,265.996,359.451,181.485,185.711,94.0042,185.711
7
2.33333e-09,3.31821e-08,2.43333e-08,9e-09,1.02686e-08,3.36477e-08,1.02686e-08
-64.9068,-97.8053,-96.0713,-87.3321,-84.6775,-97.3563,-84.6775
0,3.14159,3.14159,3.14159,3.14159,3.14159,3.14159
90,90,90,90,166.866,90,13.134
0,274.032,0,180,0,86.0236,0
90,90,90,90,166.866,90,13.134
180,265.968,0,180,180,93.9764,180
7
2e-09,3.36262e-08,2.46667e-08,8.66667e-09,1.0198e-08,3.31604e-08,1.0198e-08
-63.5678,-97.9208,-96.1894,-87.0043,-84.6176,-97.2296,-84.6176
0,3.14159,3.14159,3.14159,3.14159,3.14159,3.14159
90,90,90,90,168.69,90,11.3099
0,273.41,0,180,0,86.5422,0
90,90,90,90,168.69,90,11.3099
180,266.59,0,180,180,93.4578,180
7
2.01357e-09,3.33933e-08,2.46678e-08,8.66981e-09,1.02007e-08,3.33933e-08,1.02007e-08
-63.6265,-97.8604,-96.1898,-87.0074,-84.6198,-97.2904,-84.6198
0,3.14159,3.14159,3.14159,3.14159,3.14159,3.14159
90,90,90,90,168.615,90,11.3846
353.346,273.434,359.458,181.542,353.346,86.5664,353.346
90,90,90,90,168.615,90,11.3846
173.346,266.566,0.541971,178.458,173.346,93.4336,173.346
7
2.01357e-09,3.33933e-08,2.46678e-08,8.66981e-09,1.02007e-08,3.33933e-08,1.02007e-08
-63.6265,-97.8604,-96.1898,-87.0074,-84.6198,-97.2904,-84.6198
0,3.14159,3.14159,3.14159,3.14159,3.14159,3.14159
90,90,90,90,168.615,90,11.3846
6.65443,273.434,0.541971,178.458,6.65443,86.5664,6.65443
90,90,90,90,168.615,90,11.3846
186.654,266.566,359.458,181.542,186.654,93.4336,186.654
7
2e-09,3.31604e-08,2.46667e-08,8.66667e-09,1.0198e-08,3.36262e-08,1.0198e-08
-63.5678,-97.7996,-96.1894,-87.0043,-84.6176,-97.3508,-84.6176
0,3.14159,3.14159,3.14159,3.14159,3.14159,3.14159
90,90,90,90,168.69,90,11.3099
0,273.458,0,180,0,86.5902,0
90,90,90,90,168.69,90,11.3099
180,266.542,0,180,180,93.4098,180
7
1.66667e-09,3.3608e-08,2.5e-08,8.33333e-09,1.01379e-08,3.31419e-08,1.01379e-08
-61.9842,-97.9161,-96.306,-86.6636,-84.5662,-97.2248,-84.5662
0,3.14159,3.14159,3.14159,3.14159,3.14159,3.14159
90,90,90,90,170.538,90,9.46232
0,272.843,0,180,0,87.1175,0
90,90,90,90,170.538,90,9.46232
180,267.157,0,180,180,92.8825,180
7
1.68292e-09,3.3375e-08,2.50011e-08,8.3366e-09,1.01406e-08,3.3375e-08,1.01406e-08
-62.0685,-97.8556,-96.3064,-86.667,-84.5685,-97.2856,-84.5685
0,3.14159,3.14159,3.14159,3.14159,3.14159,3.14159
90,90,90,90,170.447,90,9.55291
352.03,272.862,359.465,181.604,352.03,87.1376,352.03
90,90,90,90,170.447,90,9.55291
172.03,267.138,0.534745,178.396,172.03,92.8624,172.03
7
1.68292e-09,3.3375e-08,2.50011e-08,8.3366e-09,1.01406e-08,3.3375e-08,1.01406e-08
-62.0685,-97.8556,-96.3064,-86.667,-84.5685,-97.2856,-84.5685
0,3.14159,3.14159,3.14159,3.14159,3.14159,3.14159
90,90,90,90,170.447,90,9.55291
7.96961,272.862,0.534745,178.396,7.96961,87.1376,7.96961
90,90,90,90,170.447,90,9.55291
187.97,267.138,359.465,181.604,187.97,92.8624,187.97
7
1.66667e-09,3.31419e-08,2.5e-08,8.33333e-09,1.01379e-08,3.3608e-08,1.01379e-08
-61.9842,-97.7948,-96.306,-86.6636,-84.5662,-97.3461,-84.5662
0,3.14159,3.14159,3.14159,3.14159,3.14159,3.14159
90,90,90,90,170.538,90,9.46232
0,272.883,0,180,0,87.1575,0
90,90,90,90,170.538,90,9.46232
180,267.117,0,180,180,92.8425,180
7
1.33333e-09,3.35931e-08,2.53333e-08,8e-09,1.00885e-08,3.31268e-08,1.00885e-08
-60.046,-97.9122,-96.4211,-86.309,-84.5238,-97.2208,-84.5238
0,3.14159,3.14159,3.14159,3.14159,3.14159,3.14159
90,90,90,90,172.405,90,7.59464
0,272.275,0,180,0,87.6933,0
90,90,90,90,172.405,90,7.59464
180,267.725,0,180,180,92.3067,180
7
1.3536e-09,3.336e-08,2.53344e-08,8.0034e-09,1.00912e-08,3.336e-08,1.00912e-08
-60.177,-97.8517,-96.4214,-86.3127,-84.5261,-97.2817,-84.5261
0,3.14159,3.14159,3.14159,3.14159,3.14159,3.14159
90,90,90,90,172.291,90,7.70868
350.074,272.291,359.472,181.671,350.074,87.7094,350.074
90,90,90,90,172.291,90,7.70868
170.074,267.709,0.527709,178.329,170.074,92.2906,170.074
7
1.3536e-09,3.336e-08,2.53344e-08,8.0034e-09,1.00912e-08,3.336e-08,1.00912e-08
-60.177,-97.8517,-96.4214,-86.3127,-84.5261,-97.2817,-84.5261
0,3.14159,3.14159,3.14159,3.14159,3.14159,3.14159
90,90,90,90,172.291,90,7.70868
9.92625,272.291,0.527709,178.329,9.92625,87.7094,9.92625
90,90,90,90,172.291,90,7.70868
189.926,267.709,359.472,181.671,189.926,92.2906,189.926
7
1.33333e-09,3.31268e-08,2.53333e-08,8e-09,1.00885e-08,3.35931e-08,1.00885e-08
-60.046,-97.7908,-96.4211,-86.309,-84.5238,-97.3422,-84.5238
0,3.14159,3.14159,3.14159,3.14159,3.14159,3.14159
90,90,90,90,172.405,90,7.59464
0,272.307,0,180,0,87.7253,0
90,90,90,90,172.405,90,7.59464
180,267.693,0,180,180,92.2747,180
7
1e-09,3.35816e-08,2.56667e-08,7.66667e-09,1.00499e-08,3.31151e-08,1.00499e-08
-57.5472,-97.9092,-96.5346,-85.9394,-84.4904,-97.2177,-84.4904
0,3.14159,3.14159,3.14159,3.14159,3.14159,3.14159
90,90,90,90,174.289,90,5.71059
0,271.706,0,180,0,88.2695,0
90,90,90,90,174.289,90,5.71059
180,268.294,0,180,180,91.7305,180
7
1.02686e-09,3.33483e-08,2.56677e-08,7.67022e-09,1.00526e-08,3.33483e-08,1.00526e-08
-57.7775,-97.8487,-96.535,-85.9434,-84.4928,-97.2787,-84.4928
0,3.14159,3.14159,3.14159,3.14159,3.14159,3.14159
90,90,90,90,174.137,90,5.86293
346.866,271.718,359.479,181.743,346.866,88.2816,346.866
90,90,90,90,174.137,90,5.86293
166.866,268.282,0.520856,178.257,166.866,91.7184,166.866
7
1.02686e-09,3.33483e-08,2.56677e-08,7.67022e-09,1.00526e-08,3.33483e-08,1.00526e-08
-57.7775,-97.8487,-96.535,-85.9434,-84.4928,-97.2787,-84.4928
0,3.14159,3.14159,3.14159,3.14159,3.14159,3.14159
90,90,90,90,174.137,90,5.86293
13.134,271.718,0.520856,178.257,13.134,88.2816,13.134
90,90,90,90,174.137,90,5.86293
193.134,268.282,359.479,181.743,193.134,91.7184,193.134
7
1e-09,3.31151e-08,2.56667e-08,7.66667e-09,1.00499e-08,3.35816e-08,1.00499e-08
-57.5472,-97.7877,-96.5346,-85.9394,-84.4904,-97.3392,-84.4904
0,3.14159,3.14159,3.14159,3.14159,3.14159,3.14159
90,90,90,90,174.289,90,5.71059
0,271.73,0,180,0,88.2936,0
90,90,90,90,174.289,90,5.71059
180,268.27,0,180,180,91.7064,180
7
6.66667e-10,3.35733e-08,2.6e-08,7.33333e-09,1.00222e-08,3.31067e-08,1.00222e-08
-54.0254,-97.9071,-96.6467,-85.5533,-84.4665,-97.2155,-84.4665
0,3.14159,3.14159,3.14159,3.14159,3.14159,3.14159
90,90,90,90,176.186,90,3.81407
0,271.138,0,180,0,88.8462,0
90,90,90,90,176.186,90,3.81407
180,268.862,0,180,180,91.1538,180
7
7.06321e-10,3.334e-08,2.6001e-08,7.33704e-09,1.00249e-08,3.334e-08,1.00249e-08
-54.5273,-97.8465,-96.647,-85.5576,-84.4688,-97.2765,-84.4688
0,3.14159,3.14159,3.14159,3.14159,3.14159,3.14159
90,90,90,90,175.96,90,4.04021
340.71,271.146,359.486,181.822,340.71,88.8542,340.71
90,90,90,90,175.96,90,4.04021
160.71,268.854,0.514179,178.178,160.71,91.1458,160.71
7
7.06321e-10,3.334e-08,2.6001e-08,7.33704e-09,1.00249e-08,3.334e-08,1.00249e-08
-54.5273,-97.8465,-96.647,-85.5576,-84.4688,-97.2765,-84.4688
0,3.14159,3.14159,3.14159,3.14159,3.14159,3.14159
90,90,90,90,175.96,90,4.04021
19.29,271.146,0.514179,178.178,19.29,88.8542,19.29
90,90,90,90,175.96,90,4.04021
199.29,268.854,359.486,181.822,199.29,91.1458,199.29
7
6.66667e-10,3.31067e-08,2.6e-08,7.33333e-09,1.00222e-08,3.35733e-08,1.00222e-08
-54.0254,-97.7855,-96.6467,-85.5533,-84.4665,-97.3371,-84.4665
0,3.14159,3.14159,3.14159,3.14159,3.14159,3.14159
90,90,90,90,176.186,90,3.81407
0,271.154,0,180,0,88.8622,0
90,90,90,90,176.186,90,3.81407
180,268.846,0,180,180,91.1378,180
7
3.33333e-10,3.35683e-08,2.63333e-08,7e-09,1.00056e-08,3.31017e-08,1.00056e-08
-48.0048,-97.9058,-96.7573,-85.1492,-84.452,-97.2142,-84.452
0,3.14159,3.14159,3.14159,3.14159,3.14159,3.14159
90,90,90,90,178.091,90,1.90915
0,270.569,0,180,0,89.423,0
90,90,90,90,178.091,90,1.90915
180,269.431,0,180,180,90.577,180
7
4.06885e-10,3.3335e-08,2.63344e-08,7.00389e-09,1.00083e-08,3.3335e-08,1.00083e-08
-49.7367,-97.8452,-96.7577,-85.154,-84.4544,-97.2752,-84.4544
0,3.14159,3.14159,3.14159,3.14159,3.14159,3.14159
90,90,90,90,177.67,90,2.33
325.008,270.573,359.492,181.909,325.008,89.4271,325.008
90,90,90,90,177.67,90,2.33
145.008,269.427,0.507671,178.091,145.008,90.5729,145.008
7
4.06885e-10,3.3335e-08,2.63344e-08,7.00389e-09,1.00083e-08,3.3335e-08,1.00083e-08
-49.7367,-97.8452,-96.7577,-85.154,-84.4544,-97.2752,-84.4544
0,3.14159,3.14159,3.14159,3.14159,3.14159,3.14159
90,90,90,90,177.67,90,2.33
34.992,270.573,0.507671,178.091,34.992,89.4271,34.992
90,90,90,90,177.67,90,2.33
214.992,269.427,359.492,181.909,214.992,90.5729,214.992
7
3.33333e-10,3.31017e-08,2.63333e-08,7e-09,1.00056e-08,3.35683e-08,1.00056e-08
-48.0048,-97.7842,-96.7573,-85.1492,-84.452,-97.3358,-84.452
0,3.14159,3.14159,3.14159,3.14159,3.14159,3.14159
90,90,90,90,178.091,90,1.90915
0,270.577,0,180,0,89.431,0
90,90,90,90,178.091,90,1.90915
180,269.423,0,180,180,90.569,180
